0.560042283972728 0.4754101437486778 0.47266977402566623 0.4726697740256671 0.4754101437486787 0.5600422839727293
0.7030523517274898 0.5968846250249548 0.5916578340444496 0.5916578340444508 0.5968846250249562 0.7030523517274901
0.822456000099407 0.7020510990511896 0.6941223152274905 0.6941223152274906 0.702051099051192 0.8224560000994086
0.932307802465357 0.8020463827662365 0.7913908539153732 0.7913908539153754 0.8020463827662389 0.9323078024653582
1.0379832230308255 0.9008492369096328 0.8875288210771444 0.8875288210771471 0.9008492369096354 1.0379832230308272
1.1423343246822368 1.0004387656160019 0.9845553023238547 0.9845553023238577 1.0004387656160052 1.142334324682238
1.2471454329028528 1.1020005936444328 1.0836726668083527 1.0836726668083558 1.102000593644438 1.2471454329028544
1.3536455736070698 1.2063385810209772 1.1856893817035499 1.1856893817035534 1.2063385810209826 1.3536455736070723
1.4627342168542428 1.3140464434933226 1.2911973705353534 1.2911973705353572 1.3140464434933294 1.4627342168542454
1.5750962604736365 1.4255886268939304 1.4006560785608202 1.4006560785608257 1.4255886268939393 1.5750962604736387
1.6912664813417877 1.5413414835836916 1.5144355363447402 1.5144355363447466 1.541341483583702 1.691266481341789
1.8116679169082341 1.661615161588077 1.6328394116384555 1.6328394116384641 1.661615161588088 1.8116679169082368
1.9366355087134106 1.7866653448344103 1.756117475266015 1.7561174752660236 1.7866653448344234 1.9366355087134126
2.0664308407972807 1.9166993120493012 1.884472102433432 1.884472102433442 1.9166993120493163 2.066430840797284
2.201251245475194 2.0518786665806696 2.0180612514620138 2.0180612514620235 2.0518786665806843 2.2012512454751967
2.3412352487990256 2.1923200640004397 2.156999303376236 2.156999303376248 2.192320064000456 2.341235248799028
2.4864656196751773 2.33809474019148 2.301356602863926 2.3013566028639385 2.3380947401915 2.486465619675181
2.6369708780776335 2.489227363019157 2.451158249965825 2.4511582499658413 2.489227363019179 2.6369708780776366
2.7927258707077423 2.6456945758103 2.606382529416301 2.606382529416318 2.6456945758103263 2.7927258707077445
2.9536518663197335 2.8074235114388726 2.7669592700673653 2.766959270067384 2.8074235114389 2.953651866319736
3.1196165194675793 2.974290500985036 2.932768368633014 2.9327683686330346 2.974290500985068 3.1196165194675816
3.290433978677359 3.1461201638640324 3.1036386727871115 3.103638672787134 3.1461201638640666 3.2904339786773633
3.465865359867218 3.322685037483356 3.279347388563156 3.27934738856318 3.3226850374833936 3.4658653598672213
3.6456197601524925 3.503705878346222 3.4596201502536372 3.4596201502536665 3.5037058783462616 3.645619760152497
3.8293559460310815 3.688852739911345 3.6441318641905394 3.6441318641905673 3.688852739911387 3.8293559460310873
4.016684810440619 3.87774690377949 3.83250840906752 3.8325084090675507 3.8777469037795385 4.016684810440623
4.207172653853477 4.069963709307346 4.024329244072754 4.0243292440727885 4.069963709307401 4.207172653853476
4.400345305030508 4.265036292747825 4.2191309421074426 4.219130942107478 4.265036292747883 4.400345305030506
4.595693057690336 4.462460211307701 4.416411629488939 4.416411629488981 4.462460211307766 4.595693057690338
4.792676361151198 4.6616988913968616 4.615636277005796 4.61563627700584 4.6616988913969335 4.792676361151204
4.990732167332291 4.8621898054431165 4.816242751590196 4.816242751590247 4.862189805443187 4.9907321673322915
5.1892808049170105 5.063351249750145 5.017648504986313 5.017648504986357 5.063351249750224 5.1892808049170105
5.387733225530579 5.264589568763662 5.2192577474303645 5.219257747430416 5.264589568763746 5.38773322553058
5.585498447836957 5.465306650384254 5.420468932183022 5.420468932183075 5.465306650384349 5.585498447836949
5.781991014540165 5.6649075038916905 5.620682362117443 5.620682362117506 5.664907503891789 5.781991014540166
5.976638274949215 5.862807727430312 5.819307723372816 5.819307723372877 5.862807727430413 5.97663827494921
6.168887312067655 6.058440676109621 6.015771353698063 6.015771353698131 6.058440676109726 6.168887312067646
6.358211347585858 6.2512641542856064 6.209523064319992 6.209523064320062 6.251264154285722 6.358211347585853
6.544115479662563 6.440766475643748 6.400042353194167 6.400042353194244 6.440766475643869 6.544115479662557
6.726141635539706 6.626471760971359 6.586843873063011 6.586843873063087 6.626471760971485 6.726141635539695
6.90387265210076 6.807944374300422 6.769482048200809 6.769482048200891 6.8079443743005505 6.903872652100748
7.076935430571449 6.984792431534415 6.947554767184507 6.947554767184595 6.984792431534556 7.076935430571431
7.245003144789246 7.156670349809695 7.12070611353165 7.120706113531737 7.156670349809847 7.245003144789244
7.407796514096998 7.3232804388530335 7.28862812971368 7.28862812971377 7.323280438853191 7.407796514096984
7.565084180467389 7.4843735658833985 7.451061641218651 7.451061641218739 7.484373565883554 7.56508418046737
7.716682253802819 7.63974895189463 7.60779619465349 7.607796194653599 7.639748951894795 7.7166822538028175
7.8624531087228755 7.789253178556312 7.758669186375075 7.758669186375175 7.789253178556491 7.862453108722872
8.002303530184543 7.932778500989708 7.90356427525544 7.903564275255549 7.932778500989882 8.00230353018451
8.136182313971103 8.070260572202516 8.04240918474599 8.042409184746104 8.070260572202686 8.136182313971082
8.264077431735263 8.20167569022028 8.175173005578124 8.17517300557824 8.201675690220469 8.26407743173524
8.386012869428502 8.327037679419174 8.301863111677399 8.30186311167751 8.327037679419362 8.386012869428477
8.502045243298758 8.446394513922195 8.42252179883272 8.422521798832843 8.446394513922387 8.502045243298719
8.6122602899796 8.559824783959485 8.53722274913746 8.537222749137582 8.559824783959684 8.612260289979597
8.716769317346067 8.667434096644243 8.646067415044786 8.646067415044916 8.667434096644445 8.71676931734603
8.815705691553624 8.769351491496678 8.749181405886898 8.749181405887022 8.769351491496883 8.815705691553605
8.909221423723007 8.865725939008122 8.846710947668138 8.846710947668267 8.865725939008332 8.909221423722997
8.997483907685158 8.956722978232424 8.93881947453583 8.938819474535972 8.956722978232651 8.997483907685154
9.080672848560242 9.042521537360425 9.025684398123772 9.025684398123904 9.04252153736065 9.080672848560226
9.158977411079677 9.123310969896158 9.107494089395287 9.107494089395418 9.123310969896385 9.158977411079636
9.232593606737561 9.199288328709555 9.184445097007812 9.184445097007957 9.199288328709779 9.23259360673754
9.301721930235027 9.270655891082864 9.256739616788852 9.256739616788991 9.270655891083095 9.301721930234992
9.36656524833006 9.337618939995457 9.324583218768378 9.324583218768522 9.337618939995698 9.36656524833005
9.42732693813216 9.400383800325216 9.388182831387235 9.388182831387379 9.400383800325454 9.427326938132117
9.484209267026369 9.459156123345103 9.447744976963833 9.447744976963971 9.459156123345352 9.48420926702634
9.537412002694115 9.514139408779668 9.50347424817499 9.50347424817514 9.514139408779902 9.537412002694104
9.587131238992626 9.565533750643965 9.555572012082363 9.555572012082514 9.565533750644217 9.587131238992608
9.633558421641656 9.613534790991219 9.604235325984144 9.604235325984295 9.613534790991464 9.63355842164162
9.676879556606034 9.65833286440684 9.649656047958201 9.649656047958356 9.658332864407095 9.676879556606012
9.717274583628726 9.700112315474353 9.69202012425012 9.692020124250268 9.700112315474604 9.717274583628708
9.754916897437075 9.739050971372919 9.731507035518229 9.731507035518385 9.739050971373189 9.754916897437033
9.789972999606986 9.775319752132122 9.768289384257773 9.768289384257928 9.775319752132374 9.789972999606949
9.822602264822404 9.809082401760111 9.802532606380007 9.802532606380149 9.809082401760362 9.822602264822379
9.85295680622996 9.840495324389568 9.834394790826455 9.834394790826614 9.840495324389826 9.852956806229942
9.881181425687908 9.869707510670304 9.864026592173301 9.864026592173458 9.869707510670562 9.88118142568787
9.90741363588459 9.896860540818901 9.891571222359884 9.891571222360035 9.896860540819167 9.907413635884577
9.931783742509781 9.922088651959962 9.917164508906348 9.917164508906493 9.922088651960223 9.931783742509731
9.95441497586192 9.945518858621014 9.940935008223343 9.940935008223498 9.945518858621272 9.9544149758619
9.975423662443687 9.967271116443326 9.963004163832425 9.963004163832586 9.96727111644358 9.975423662443655
9.994919428207638 9.987458520320295 9.983486500482105 9.983486500482261 9.987458520320567 9.994919428207611
10.013005426161934 10.006187529259217 10.002489846247443 10.002489846247606 10.006187529259481 10.013005426161893
10.029778582010684 10.02355821126872 10.020115575727223 10.02011557572739 10.023558211268979 10.029778582010659
10.045329852392188 10.039664502500889 10.036458868397547 10.036458868397709 10.039664502501159 10.045329852392163
10.059744491080913 10.054594475717272 10.051608977040402 10.051608977040566 10.054594475717527 10.059744491080876
10.07310231924197 10.068430613906548 10.065649501941445 10.065649501941603 10.068430613906807 10.073102319241931
10.085477996470827 10.08125008555859 10.078658667244373 10.078658667244541 10.08125008555886 10.085477996470786
10.096941289919664 10.093125018698876 10.09070959646441 10.090709596464574 10.093125018699142 10.096941289919657
10.107557339312716 10.104122771315271 10.101870584704589 10.101870584704754 10.104122771315518 10.107557339312697
10.117386916087435 10.114306196269714 10.112205365592324 10.112205365592482 10.114306196269984 10.11738691608739
10.126486675276986 10.12373389918739 10.121773371363886 10.121773371364059 10.123733899187656 10.126486675276935
10.134909399072985 10.132460488159065 10.130629984879402 10.130629984879562 10.132460488159339 10.134909399072964
10.142704231284778 10.140536814388243 10.138826782653299 10.138826782653465 10.140536814388518 10.142704231284737
10.149916902145998 10.148010203163388 10.146411768244008 10.146411768244176 10.148010203163679 10.149916902145968
10.156589943117323 10.15492467474704 10.153429595562809 10.15342959556298 10.15492467474732 10.15658994311729
10.162762891497836 10.161321154949162 10.159921781844746 10.159921781844927 10.161321154949436 10.162762891497826
10.168472484794405 10.167237675298216 10.165926910174653 10.165926910174829 10.167237675298479 10.168472484794382
10.173752844908416 10.172709562842474 10.171480821585147 10.171480821585314 10.172709562842753 10.17375284490839
10.178635652290179 10.177769619711306 10.176616796844165 10.176616796844343 10.17776961971158 10.178635652290124
10.183150310280855 10.182448292642503 10.181365728129142 10.181365728129313 10.182448292642755 10.183150310280821
10.187324099918616 10.18677383274271 10.185756280848365 10.185756280848533 10.186773832742974 10.187324099918614
10.191182325526338 10.19077244579413 10.189815045918241 10.189815045918408 10.190772445794407 10.19118232552631
10.194748451429618 10.194468433453848 10.193566682840748 10.19356668284092 10.194468433454137 10.194748451429597
10.1980442301755 10.197884325717427 10.197034053951233 10.197034053951402 10.197884325717691 10.198044230175478
10.201089822634241 10.201041005032746 10.200238350223067 10.200238350223218 10.201041005033012 10.201089822634229
10.203903910374862 10.203957822459802 10.203199209025444 10.20319920902561 10.203957822460072 10.203903910374803
10.20650380070542 10.206652706273921 10.205934824234408 10.205934824234571 10.206652706274193 10.206503800705395
10.20890552476781 10.209142263408882 10.208462049095377 10.208462049095544 10.209142263409163 10.208905524767772
10.21112392906825 10.211441874130925 10.21079649223123 10.210796492231394 10.211441874131195 10.211123929068215
10.213172760818638 10.213565780325592 10.212952607181434 10.212952607181595 10.213565780325853 10.213172760818606
10.215064747450443 10.215527167769642 10.214943775847278 10.214943775847447 10.215527167769917 10.215064747450397
10.216811670651808 10.217338242747111 10.216782386206345 10.216782386206516 10.217338242747376 10.216811670651783
10.218424435264492 10.219010303355123 10.218479904645372 10.218479904645537 10.219010303355402 10.218424435264453
10.219913133362196 10.2205538058312 10.220046943246654 10.220046943246823 10.220553805831473 10.219913133362187
10.221287103818513 10.221978426217733 10.221493322347692 10.221493322347868 10.221978426218003 10.221287103818511
10.222554987655714 10.223293117665026 10.222828128678731 10.222828128678913 10.223293117665305 10.222554987655656
10.223724779451938 10.224506163658308 10.224059769367267 10.224059769367436 10.224506163658587 10.2237247794519
10.224803875069608 10.225625227439082 10.225196022083297 10.225196022083463 10.225625227439368 10.224803875069561
10.225799115951233 10.226657397876311 10.226244081583971 10.226244081584138 10.226657397876593 10.225799115951183
10.226716830217123 10.227609232028176 10.227210602901636 10.227210602901799 10.227609232028454 10.226716830217079
10.227562870783853 10.228486794620842 10.2281017414046 10.228101741404775 10.228486794621118 10.227562870783817
10.22834265070968 10.229295694657484 10.22892318994685 10.228923189947016 10.229295694657763 10.22834265070964
10.229061175960197 10.230041119356814 10.229680213308582 10.229680213308756 10.23004111935709 10.229061175960155
10.229723075775459 10.230727865608733 10.230377680117895 10.230377680118066 10.230727865609017 10.229723075775416
10.230332630807837 10.231360369122031 10.231020092430633 10.231020092430807 10.23136036912232 10.23033263080782
10.23089379918909 10.231942731427928 10.231611613135094 10.231611613135263 10.231942731428214 10.23089379918908
10.231410240674562 10.232478744892576 10.232156091336199 10.232156091336364 10.232478744892846 10.231410240674524
10.231885339002291 10.232971915881098 10.232657085864185 10.232657085864359 10.23297191588137 10.231885339002238
10.232322222596256 10.233425486206492 10.233117887042903 10.23311788704306 10.233425486206796 10.232322222596247
10.23272378373309 10.233842452987327 10.23354153684323 10.23354153684341 10.233842452987597 10.232723783733048
10.233092696283702 10.234225587029508 10.233930847539272 10.233930847539446 10.23422558702979 10.233092696283675
10.233431432134761 10.234577449840362 10.23428841897588 10.23428841897605 10.23457744984063 10.233431432134728
10.23374227638512 10.234900409373981 10.23461665454929 10.234616654549464 10.234900409374251 10.233742276385073
10.234027341408225 10.235196654601769 10.234917775995076 10.23491777599523 10.235196654602046 10.234027341408206
10.234288579863271 10.235468208993789 10.235193837071007 10.235193837071176 10.23546820899408 10.234288579863248
10.234527796732534 10.235716942991669 10.235446736216279 10.235446736216444 10.235716942991962 10.23452779673252
10.234746660457326 10.235944585547156 10.235678228262643 10.235678228262811 10.235944585547433 10.23474666045731
10.234946713238696 10.236152734795732 10.235889935267545 10.23588993526771 10.236152734796002 10.23494671323868
10.235129380565219 10.23634286792929 10.236083356534483 10.236083356534651 10.236342867929547 10.23512938056519
10.235295980025116 10.2365163503273 10.236259877880794 10.236259877880972 10.236516350327573 10.235295980025057
10.235447729456002 10.236674444001787 10.236420780208947 10.236420780209114 10.236674444002052 10.235447729455949
10.235585754481665 10.236818315407024 10.236567247433145 10.236567247433321 10.236818315407303 10.23558575448163
10.235711095481573 10.236949042661545 10.23670037380942 10.23670037380959 10.23694904266182 10.23571109548153
10.235824714035312 10.237067622226313 10.236821170713704 10.23682117071387 10.237067622226581 10.235824714035276
10.23592749888169 10.237174975079537 10.23693057290919 10.236930572909355 10.237174975079826 10.23592749888163
10.23602027142829 10.237271952426259 10.237029444341246 10.237029444341408 10.237271952426536 10.23602027142826
10.236103790845757 10.23735934097688 10.237118583495146 10.237118583495317 10.237359340977159 10.236103790845739
10.23617875877731 10.237437867827866 10.237198728349696 10.237198728349863 10.237437867828149 10.23617875877729
10.236245823692965 10.237508204973627 10.237270560956729 10.237270560956894 10.237508204973897 10.236245823692958
10.236305584914895 10.237570973477816 10.237334711674892 10.237334711675055 10.237570973478075 10.236305584914872
10.23635859633855 10.237626747329541 10.23739176308358 10.237391763083746 10.23762674732982 10.23635859633853
10.236405369872768 10.237676057008205 10.237442253601069 10.237442253601229 10.237676057008466 10.23640536987273
10.236446378619629 10.237719392778574 10.237486680829106 10.237486680829276 10.237719392778853 10.23644637861961
10.236482059814149 10.237757207737184 10.237525504644758 10.237525504644925 10.237757207737477 10.236482059814112
10.236512817541199 10.237789920627973 10.237559150058198 10.237559150058372 10.237789920628238 10.236512817541168
10.23653902524744 10.237817918444888 10.237588009854566 10.237588009854727 10.237817918445177 10.236539025247394
10.236561028062543 10.237841558837955 10.237612447035643 10.237612447035815 10.237841558838225 10.236561028062528
10.23657914494555 10.237861172336778 10.23763279707696 10.237632797077135 10.237861172337059 10.236579144945525
10.236593670667759 10.23787706440604 10.237649370013939 10.237649370014111 10.237877064406312 10.236593670667768
10.23660487764653 10.237889517345252 10.23766245237014 10.237662452370294 10.23788951734552 10.236604877646494
10.236613017639252 10.237898792044684 10.237672308939404 10.237672308939569 10.23789879204495 10.236613017639218
10.236618323309838 10.237905129608304 10.237679184433198 10.237679184433368 10.23790512960857 10.236618323309806
10.236621009676101 10.237908752853828 10.237683305003051 10.237683305003225 10.237908752854095 10.236621009676051
10.236621275447513 10.237909867699068 10.237684879647666 10.237684879647833 10.237909867699345 10.23662127544748
10.23661930426186 10.237908664443317 10.237684101513475 10.237684101513642 10.237908664443582 10.236619304261833
10.236615265827945 10.237905318951546 10.23768114909664 10.237681149096804 10.23790531895183 10.236615265827911
10.236609316981786 10.237899993749053 10.237676187353928 10.237676187354094 10.237899993749313 10.236609316981758
10.236601602662825 10.237892839032849 10.237669368729474 10.237669368729655 10.237892839033124 10.236601602662779
10.236592256816026 10.237883993606763 10.237660834103625 10.23766083410379 10.237883993607038 10.236592256815996
10.236581403225768 10.237873585745337 10.237650713669959 10.23765071367012 10.237873585745596 10.236581403225737
10.236569156286352 10.237861733992384 10.23763912774572 10.237639127745886 10.237861733992661 10.236569156286311
10.236555621714166 10.237848547899107 10.237626187520943 10.237626187521116 10.237848547899397 10.23655562171413
10.23654089720588 10.237834128706027 10.237611995750667 10.23761199575082 10.237834128706304 10.236540897205867
10.236525073046817 10.237818569973353 10.237596647394687 10.237596647394858 10.237818569973626 10.236525073046778
10.236508232672907 10.237801958163539 10.237580230208922 10.237580230209089 10.237801958163816 10.236508232672845
10.236490453190326 10.237784373179725 10.237562825291706 10.237562825291873 10.237784373179993 10.236490453190289
10.236471805855707 10.237765888863155 10.237544507588927 10.237544507589087 10.237765888863422 10.236471805855672
10.236452356519708 10.237746573453112 10.237525346360597 10.237525346360755 10.23774657345339 10.236452356519669
10.23643216603716 10.237726490011811 10.237505405612245 10.237505405612414 10.237726490012092 10.236432166037137
10.236411290646066 10.237705696817127 10.2374847444935 10.237484744493663 10.237705696817411 10.236411290646043
10.236389782317787 10.237684247725545 10.23746341766641 10.237463417666572 10.23768424772582 10.236389782317742
10.236367689080648 10.237662192507534 10.23744147564594 10.237441475646117 10.237662192507814 10.236367689080629
10.236345055319262 10.237639577157577 10.237418965114541 10.237418965114703 10.23763957715785 10.236345055319244
10.236321922050724 10.23761644418055 10.237395929212862 10.237395929213033 10.237616444180821 10.236321922050696
10.236298327180197 10.2375928328565 10.237372407808511 10.237372407808689 10.237592832856786 10.236298327180151
10.236274305736968 10.237568779485358 10.23734843774433 10.2373484377445 10.237568779485631 10.236274305736943
10.23624989009272 10.23754431761286 10.237324053067868 10.237324053068027 10.237544317613134 10.236249890092687
10.236225110162934 10.237519478239667 10.23729928524342 10.237299285243584 10.23751947823995 10.236225110162918
10.236199993593516 10.237494290014372 10.237274163348077 10.237274163348244 10.237494290014633 10.236199993593475
10.236174565932686 10.237468779411888 10.237248714252802 10.237248714252972 10.237468779412167 10.236174565932657
10.236148850790405 10.237442970898542 10.237222962789788 10.237222962789946 10.237442970898819 10.236148850790354
10.236122869985149 10.237416887084235 10.23719693190714 10.237196931907317 10.237416887084505 10.236122869985136
10.236096643680167 10.237390548863447 10.237170642811877 10.237170642812051 10.237390548863713 10.236096643680154
10.236070190508709 10.237363975545339 10.237144115101948 10.237144115102115 10.237363975545621 10.236070190508684
10.236043527690372 10.237337184974047 10.23711736688834 10.237117366888508 10.237337184974319 10.236043527690317
10.236016671138126 10.237310193639768 10.237090414907925 10.2370904149081 10.237310193640043 10.236016671138088
10.235989635557718 10.237283016781582 10.237063274627689 10.237063274627854 10.23728301678185 10.23598963555766
10.235962434538962 10.237255668482279 10.23703596034107 10.23703596034124 10.23725566848255 10.235962434538962
10.235935080640806 10.237228161756162 10.237008485257006 10.237008485257181 10.23722816175646 10.235935080640736
10.235907585468963 10.237200508630126 10.236980861582252 10.236980861582417 10.23720050863041 10.23590758546892
10.235879959748868 10.237172720218469 10.236953100597342 10.236953100597514 10.237172720218746 10.23587995974884
10.235852213392043 10.237144806792228 10.236925212726945 10.236925212727122 10.237144806792505 10.235852213392018
10.235824355558035 10.237116777843154 10.236897207604745 10.236897207604912 10.237116777843427 10.235824355557996
10.23579639471132 10.237088642142782 10.236869094133498 10.236869094133663 10.237088642143055 10.235796394711297
10.235768338674248 10.237060407797143 10.236840880540436 10.236840880540605 10.237060407797415 10.235768338674223
10.235740194675632 10.237032082297207 10.236812574428585 10.236812574428754 10.237032082297482 10.235740194675584
10.235711969395703 10.237003672565587 10.236784182824083 10.236784182824259 10.237003672565852 10.235711969395659
10.235683669007965 10.236975184999613 10.236755712219948 10.236755712220111 10.236975184999887 10.235683669007908
10.235655299217402 10.236946625511228 10.23672716861654 10.236727168616712 10.236946625511521 10.23565529921736
10.235626865296194 10.23691799956386 10.236698557558977 10.236698557559139 10.236917999564138 10.235626865296164
10.235598372116518 10.236889312206335 10.236669884171596 10.236669884171762 10.23688931220661 10.23559837211647
10.235569824180761 10.236860568104424 10.236641153189957 10.236641153190131 10.236860568104692 10.235569824180748
10.235541225649868 10.236831771569852 10.236612368990295 10.236612368990476 10.236831771570126 10.23554122564982
10.235512580368889 10.236802926587266 10.236583535616807 10.236583535616973 10.23680292658753 10.235512580368841
10.235483891891212 10.236774036838876 10.236554656806813 10.236554656806986 10.236774036839163 10.235483891891182
10.235455163500683 10.2367451057276 10.236525736014103 10.236525736014263 10.23674510572788 10.23545516350063
10.23542639823181 10.2367161363981 10.236496776430345 10.236496776430519 10.236716136398389 10.23542639823179
10.235397598889042 10.236687131756469 10.236467781005114 10.236467781005285 10.236687131756737 10.235397598889003
10.235368768063921 10.236658094488233 10.236438752464135 10.2364387524643 10.236658094488515 10.23536876806389
10.235339908151403 10.236629027075256 10.236409693326332 10.236409693326497 10.236629027075521 10.235339908151362
10.235311021364694 10.236599931810984 10.236380605919496 10.236380605919662 10.236599931811266 10.23531102136467
10.235282109749154 10.236570810814941 10.236351492394823 10.23635149239498 10.236570810815214 10.23528210974909
10.235253175194776 10.236541666045749 10.236322354740235 10.236322354740418 10.236541666046035 10.235253175194725
10.235224219448323 10.236512499313498 10.236293194792882 10.236293194793056 10.23651249931377 10.235224219448297
10.235195244123972 10.236483312290842 10.236264014250473 10.236264014250638 10.236483312291123 10.235195244123945
10.235166250713386 10.236454106523642 10.23623481468191 10.236234814682078 10.236454106523906 10.235166250713384
10.235137240595135 10.236424883440327 10.23620559753708 10.236205597537245 10.236424883440604 10.23513724059509
10.235108215043018 10.236395644361062 10.236176364155822 10.236176364155982 10.236395644361332 10.235108215042983
10.235079175234354 10.236366390505763 10.236147115776317 10.2361471157765 10.236366390506046 10.235079175234313
10.235050122257048 10.236337123001848 10.23611785354285 10.236117853543016 10.236337123002116 10.235050122257022
10.23502105711653 10.236307842891128 10.236088578512813 10.23608857851299 10.23630784289141 10.235021057116475
10.234991980741812 10.236278551136419 10.236059291663421 10.236059291663592 10.2362785511367 10.234991980741766
10.234962893991531 10.236249248627471 10.236029993897718 10.236029993897878 10.236249248627745 10.234962893991506
10.23493379765917 10.236219936186492 10.236000686050206 10.236000686050376 10.236219936186755 10.23493379765914
10.234904692477945 10.236190614573337 10.235971368892125 10.235971368892292 10.236190614573605 10.234904692477915
10.234875579125495 10.236161284490166 10.235942043136147 10.235942043136316 10.236161284490445 10.234875579125449
10.234846458227972 10.236131946585937 10.235912709440884 10.235912709441058 10.236131946586216 10.234846458227949
10.234817330364114 10.236102601460313 10.235883368415008 10.23588336841517 10.236102601460583 10.234817330364095
10.234788196068685 10.23607324966743 10.235854020620945 10.235854020621113 10.236073249667724 10.234788196068653
10.23475905583584 10.236043891719474 10.235824666578495 10.235824666578665 10.23604389171975 10.234759055835838
10.234729910122368 10.236014528089667 10.235795306767999 10.23579530676817 10.236014528089926 10.234729910122338
10.234700759350273 10.235985159215373 10.235765941633362 10.235765941633527 10.235985159215637 10.234700759350222
10.234671603909543 10.235955785500764 10.235736571584791 10.235736571584965 10.235955785501048 10.234671603909513
10.23464244416067 10.235926407319372 10.235707197001393 10.235707197001567 10.23592640731964 10.234642444160643
10.234613280436715 10.235897025016316 10.235677818233478 10.235677818233654 10.235897025016603 10.234613280436687
10.234584113045486 10.235867638910623 10.235648435604812 10.235648435604967 10.235867638910898 10.234584113045447
10.234554942271437 10.235838249297043 10.235619049414556 10.235619049414723 10.235838249297313 10.234554942271409
10.23452576837746 10.235808856447958 10.235589659939194 10.235589659939366 10.235808856448237 10.234525768377425
10.234496591606456 10.235779460615143 10.235560267434243 10.235560267434412 10.235779460615413 10.234496591606435
10.234467412183003 10.235750062031224 10.2355308721358 10.235530872135978 10.235750062031498 10.234467412182934
10.2344382303144 10.235720660911175 10.23550147426209 10.235501474262254 10.23572066091145 10.234438230314362
10.234409046192495 10.23569125745369 10.235472074014737 10.235472074014904 10.23569125745396 10.23440904619245
10.234379859994403 10.235661851842346 10.235442671580094 10.23544267158026 10.235661851842615 10.234379859994393
10.234350671883938 10.235632444246828 10.235413267130369 10.23541326713054 10.235632444247107 10.234350671883892
10.234321482012296 10.235603034823924 10.235383860824696 10.235383860824866 10.23560303482419 10.234321482012254
10.234292290519372 10.235573623718524 10.235354452810148 10.235354452810297 10.235573623718803 10.234292290519337
10.234263097534354 10.235544211064553 10.235325043222602 10.235325043222767 10.235544211064829 10.234263097534319
10.234233903176676 10.235514796985724 10.235295632187682 10.235295632187855 10.235514796986003 10.234233903176637
10.234204707556653 10.235485381596426 10.235266219821446 10.235266219821618 10.235485381596698 10.234204707556628
10.234175510776325 10.235455965002291 10.23523680623116 10.23523680623132 10.235455965002574 10.234175510776284
10.234146312929873 10.235426547301028 10.23520739151592 10.235207391516084 10.235426547301296 10.234146312929829
10.23411711410443 10.235397128582846 10.23517797576734 10.235177975767508 10.235397128583122 10.234117114104373
10.23408791438041 10.235367708931173 10.235148559070067 10.235148559070229 10.235367708931447 10.234087914380385
10.234058713832265 10.235338288423055 10.235119141502317 10.23511914150248 10.235338288423332 10.234058713832239
10.23402951252872 10.23530886712975 10.235089723136397 10.235089723136563 10.235308867130026 10.234029512528679
10.234000310533235 10.23527944511705 10.235060304039093 10.235060304039258 10.235279445117328 10.234000310533213
10.233971107904571 10.235250022445783 10.235030884272158 10.235030884272337 10.235250022446074 10.23397110790453
10.233941904696925 10.235220599172191 10.235001463892647 10.235001463892814 10.235220599172465 10.233941904696891
10.23391270096046 10.235191175348202 10.234972042953263 10.234972042953434 10.235191175348469 10.23391270096042
10.233883496741472 10.23516175102181 10.234942621502743 10.234942621502915 10.235161751022082 10.233883496741436
10.233854292082777 10.23513232623739 10.234913199586114 10.234913199586279 10.235132326237657 10.233854292082752
10.23382508702395 10.235102901035926 10.234883777244969 10.234883777245138 10.235102901036202 10.233825087023936
10.23379588160156 10.235073475455312 10.23485435451778 10.234854354517946 10.235073475455584 10.233795881601525
10.233766675849353 10.23504404953055 10.234824931440071 10.23482493144024 10.23504404953084 10.233766675849331
10.233737469798623 10.235014623294028 10.234795508044678 10.234795508044856 10.235014623294301 10.233737469798571
10.233708263478116 10.234985196775618 10.234766084361958 10.234766084362125 10.234985196775876 10.233708263478078
10.233679056914575 10.234955770002923 10.234736660419953 10.234736660420122 10.23495577000321 10.233679056914541
10.233649850132615 10.234926343001533 10.23470723624457 10.23470723624474 10.234926343001815 10.233649850132585
10.233620643155016 10.234896915795028 10.234677811859768 10.234677811859937 10.234896915795296 10.23362064315499
10.233591436002833 10.23486748840519 10.234648387287672 10.23464838728783 10.23486748840546 10.233591436002788
10.233562228695455 10.234838060852171 10.234618962548733 10.234618962548902 10.234838060852455 10.23356222869544
10.233533021250919 10.234808633154616 10.234589537661858 10.234589537662027 10.234808633154907 10.233533021250892
10.23350381368583 10.234779205329751 10.234560112644521 10.234560112644688 10.234779205330026 10.233503813685783
10.233474606015484 10.234749777393434 10.234530687512848 10.234530687513013 10.234749777393713 10.233474606015445
10.233445398254078 10.234720349360407 10.234501262281771 10.234501262281947 10.234720349360677 10.23344539825406
10.233416190414763 10.23469092124421 10.234471836965069 10.234471836965241 10.23469092124449 10.233416190414728
10.233386982509606 10.234661493057411 10.234442411575474 10.234442411575658 10.234661493057695 10.233386982509574
10.233357774549829 10.234632064811631 10.234412986124783 10.23441298612495 10.234632064811912 10.233357774549788
10.233328566545744 10.234602636517563 10.234383560623854 10.234383560624027 10.234602636517831 10.233328566545715
10.23329935850694 10.234573208185122 10.234354135082738 10.234354135082897 10.234573208185397 10.233299358506908
10.233270150442236 10.234543779823447 10.234324709510728 10.234324709510897 10.234543779823733 10.233270150442204
10.233240942359801 10.234514351441033 10.234295283916428 10.234295283916596 10.234514351441304 10.233240942359771
10.233211734267147 10.234484923045663 10.234265858307747 10.234265858307904 10.234484923045931 10.233211734267135
10.23318252617132 10.234455494644564 10.234236432692034 10.234236432692198 10.234455494644841 10.233182526171285
10.233153318078688 10.234426066244426 10.23420700707605 10.234207007076217 10.234426066244707 10.233153318078658
10.233124109995261 10.234396637851425 10.234177581466064 10.23417758146624 10.2343966378517 10.233124109995213
10.233094901926481 10.234367209471241 10.234148155867883 10.234148155868047 10.234367209471516 10.233094901926451
10.233065693877476 10.234337781109149 10.234118730286832 10.234118730286998 10.234337781109422 10.233065693877442
10.233036485852962 10.234308352770034 10.234089304727856 10.234089304728029 10.234308352770313 10.2330364858529
10.233007277857192 10.23427892445838 10.23405987919553 10.234059879195692 10.234278924458666 10.233007277857157
10.232978069894266 10.234249496178355 10.234030453694063 10.234030453694233 10.234249496178627 10.232978069894244
10.232948861967905 10.234220067933789 10.234001028227365 10.234001028227533 10.234220067934062 10.23294886196785
