1	0.28581504737329455	0.31957588515349755	0.27140699180717176	0.2968437020880592
2	0.24200206003487335	0.2590247546508939	0.23046413994098924	0.24285368455443157
3	0.19653173634736198	0.20329170337495683	0.18664468273233092	0.19050431083276975
4	0.15557500868461416	0.1561020896920966	0.14723813424498133	0.1459262119195237
5	0.12115229576531328	0.11815788505573699	0.11428892364140197	0.11015308184189132
6	0.09333085311422273	0.08859470089533228	0.08778123087435796	0.08236292236421783
7	0.07137821384640963	0.06601532232694929	0.06693875068727373	0.061190385254635715
8	0.054322887417654564	0.048991389954984865	0.05078722394164081	0.04525680305175217
9	0.041208705999109974	0.03626543956641026	0.038390567737039416	0.03336173830031908
10	0.031195803761026486	0.02680690662289964	0.02893770089599379	0.024528987557864812
11	0.023587987610998506	0.01980423134680398	0.021761951568349314	0.017993844786755364
12	0.01782723725200952	0.014633549275953561	0.016331881943620064	0.013170545960530189
13	0.013475572046321438	0.010822555864623884	0.012231896135700138	0.009616690706819864
14	0.010193907583063766	0.00801723705045787	0.009141037369535587	0.007001216339729943
15	0.007722132043570196	0.005953999737715154	0.006813520054454292	0.005077890639648419
16	0.005861969152354041	0.004437454174094357	0.005062211206705747	0.003664330228971391
17	0.004462939299984703	0.0033232075811486794	0.0037452067706856274	0.0026258237243442784
18	0.0034111879239029363	0.0025047763724126426	0.002755203727959177	0.0018630625211886187
19	0.002620757815838537	0.0019037459989405536	0.0020112248858157322	0.001302933686737895
20	0.0020268530702006182	0.0014624290667186735	0.001452246434569926	0.0008916592042367277
21	0.0015806827607289242	0.0011384155714278532	0.0010323275063462978	0.0005897077648696625
22	0.0012455361515414376	0.0009005417192467502	0.0007169069760573077	0.00036803326427403693
23	0.000993807060930052	0.0007259151751267678	0.000479997944885735	0.00020530018400644057
24	0.0008047440788469529	0.000597723477674561	0.0003020677088051982	8.584002315142891e-05
25	0.0006627529034126667	0.0005036212551346453	0.000168438607294652	-1.8522695610090345e-06
26	0.0005561170771326562	0.00043454430387679377	6.808331587959682e-05	-6.62237600126403e-05
27	0.00047603495646109106	0.0003838380192265345	-7.281885074594818e-06	-0.00011347589224164345
28	0.00041589525172053277	0.00034661709193334334	-6.387912520638972e-05	-0.00014816125794336887
29	0.00037073231015172237	0.0003192952267933036	-0.00010638169689486388	-0.00017362188409925094
30	0.0003368166935611705	0.0002992397986360529	-0.00013829942572729514	-0.0001923110729452615
31	0.0003113475255526188	0.0002845182856582307	-0.00016226823551446223	-0.00020602970589422842
32	0.00029222135401474336	0.00027371210571991433	-0.00018026768884799038	-0.00021609973069658395
33	0.00027785852182160564	0.00026577994675058836	-0.00019378439826983618	-0.00022349152341227807
34	0.0002670727496605352	0.000259957436748004	-0.00020393476611879624	-0.00022891738495656178
35	0.0002589731831309505	0.0002556834930212415	-0.0002115571699944363	-0.00023290017518617923
36	0.0002528908264409768	0.0002525462573434445	-0.0002172811968442212	-0.0002358236949763226
37	0.00024832329326762714	0.0002502434090961847	-0.00022157963821617388	-0.00023796966961942
38	0.0002448933150357435	0.00024855303300352904	-0.0002248075381431347	-0.0002395448965587521
39	0.00024231758148268723	0.0002473122346408063	-0.00022723151720555057	-0.0002407011731197506
40	0.00024038334084663937	0.00024640144325643876	-0.0002290517939795289	-0.00024154992434366473
41	0.0002389308274700075	0.0002457328893764599	-0.00023041872230417093	-0.00024217294043832327
42	0.00023784006565608085	0.00024524214689297663	-0.00023144521006795982	-0.00024263025850168596
43	0.00023702095996247508	0.00024488192461941116	-0.00023221604515044625	-0.00024296594801859195
44	0.00023640585347983745	0.0002446175090526359	-0.00023279489875588366	-0.00024321235764307447
45	0.00023594393946863024	0.0002444234191824046	-0.00023322958456739595	-0.00024339323249633615
46	0.00023559706477915832	0.00024428095099526814	-0.00023355600810714972	-0.00024352600238503053
47	0.00023533657843888278	0.00024417637504758893	-0.0002338011324999334	-0.0002436234614368593
48	0.0002351409651031311	0.00024409961341487207	-0.00023398520560502512	-0.0002436950010183958
49	0.0002349940679033935	0.0002440432685263394	-0.00023412343247886103	-0.000243747514743764
50	0.0002348837539003501	0.00024400191028761675	-0.00023422723130017697	-0.0002437860627819699
51	0.0002348009119078065	0.00024397155280841964	-0.0002343051765078541	-0.00024381435948545027
52	0.00023473869991658125	0.00024394927029641744	-0.00023436370704366105	-0.0002438351313281406
53	0.00023469197994535618	0.0002439329151112113	-0.00023440765820659237	-0.0002438503796419189
54	0.00023465689364632336	0.0002439209108042184	-0.00023444066104555406	-0.0002438615734804972
55	0.00023463054360878255	0.00024391210020408005	-0.000234465442282783	-0.00024386979118246055
56	0.00023461075403308218	0.00024390563390352948	-0.00023448404954040658	-0.00024387582429030719
57	0.00023459589101104683	0.0002439008884064786	-0.00023449802047170731	-0.0002438802538241025
58	0.00023458472756476834	0.0002438974060426924	-0.00023450850977124738	-0.00024388350627513322
59	0.00023457634230111823	0.00024389485086639962	-0.00023451638455368462	-0.00024388589470325517
60	0.00023457004330318387	0.0002438929762800246	-0.00023452229597420438	-0.0002438876489065933
61	0.00023456531097776345	0.00024389160127191722	-0.00023452673301549432	-0.0002438889375654396
62	0.00023456175513947297	0.00024389059297286186	-0.00023453006287776912	-0.00024388988449725035
63	0.00023455908277947302	0.00024388985385193074	-0.0002345325613080096	-0.0002438905805881575
64	0.00023455707386388358	0.0002438893123178909	-0.0002345344353776868	-0.00024389109255351649
65	0.00023455556315998827	0.00024388891581972327	-0.0002345358405860809	-0.00024389146936310002
66	0.0002345544265855981	0.000243888625783506	-0.00023453689370522834	-0.00024389174696343163
67	0.00023455357096224816	0.00024388841389427762	-0.0002345376824238743	-0.00024389195174068234
68	0.00023455292631835434	0.00024388825936777492	-0.00023453827259245497	-0.00024389210306285936
69	0.00023455244010872622	0.00024388814694759064	-0.00023453871366008183	-0.00024389221514709014
70	0.00023455207287415014	0.00024388806543551578	-0.0002345390427613836	-0.00024389229842963767
71	0.00023455179498410583	0.00024388800661045984	-0.000234539287781943	-0.0002438923605695975
72	0.00023455158418672628	0.00024388796443863825	-0.00023453946966250916	-0.00024389240719113747
73	0.00023455142377221128	0.00024388793449142687	-0.00023453960412783692	-0.00024389244242156716
74	0.00023455130119259815	0.000243887913517149	-0.00023453970298714655	-0.00024389246928979702
75	0.0002345512070245359	0.00024388789912921371	-0.00023453977510839996	-0.00024389249002026991
76	0.00023455113419307283	0.00024388788957591112	-0.00023453982715077037	-0.00024389250624523573
77	0.00023455107738340475	0.0002438878835717695	-0.00023453986411503536	-0.00024389251916295818
78	0.00023455103260516807	0.00024388788017271068	-0.0002345398897560802	-0.00024389252965367758
79	0.000234550996862537	0.00024388787868562245	-0.00023453990689437099	-0.00024389253836226699
80	0.00023455096790447882	0.0002438878786022447	-0.00023453991764726956	-0.00024389254576256958
81	0.0002345509440416782	0.00024388787954920943	-0.00023453992360550346	-0.00024389255220313988
82	0.00023455092400492816	0.0002438878812525136	-0.0002345399259627845	-0.0002438925579388851
83	0.00023455090684165736	0.00024388788351092927	-0.0002345399256162839	-0.00024389256315709984
84	0.00023455089183582745	0.0002438878861767968	-0.00023453992323901884	-0.00024389256799578485
85	0.00023455087845047906	0.0002438878891417029	-0.00023453991933714002	-0.00024389257255563734
86	0.00023455086628165756	0.0002438878923261556	-0.0002345399142898441	-0.00024389257691104227
87	0.0002345508550265496	0.0002438878956718682	-0.0002345399083829025	-0.00024389258111601197
88	0.00023455084445761498	0.00024388789913587505	-0.0002345399018303107	-0.0002438925852105145
89	0.00023455083440382385	0.00024388790268670135	-0.00023453989479260695	-0.00024389258922474788
90	0.00023455082473716748	0.00024388790630125445	-0.0002345398873909721	-0.00024389259317902923
91	0.000234550815361112	0.0002438879099623814	-0.0002345398797158338	-0.00024389259708995636
92	0.00023455080620321533	0.00024388791365836937	-0.00023453987183552627	-0.00024389260096890908
93	0.00023455079720913208	0.0002438879173791153	-0.00023453986380073122	-0.00024389260482432507
94	0.00023455078833800602	0.00024388792111867952	-0.0002345398556500844	-0.0002438926086625881
95	0.00023455077955930603	0.0002438879248715109	-0.00023453984741284017	-0.00024389261248791705
96	0.000234550770850106	0.00024388792863450082	-0.00023453983910998177	-0.00024389261630419767
97	0.00023455076219303095	0.00024388793240487372	-0.00023453983075832907	-0.00024389262011359492
98	0.00023455075357514676	0.00024388793618068672	-0.00023453982236965043	-0.00024389262391794064
99	0.00023455074498640593	0.00024388793996005242	-0.00023453981395343826	-0.00024389262771867815
100	0.00023455073641986957	0.00024388794374263778	-0.00023453980551657594	-0.0002438926315166401
101	0.00023455072786982	0.00024388794752738807	-0.00023453979706389294	-0.00024389263531282568
102	0.000234550719332427	0.00024388795131347063	-0.0002345397885994971	-0.00024389263910740144
103	0.00023455071080424883	0.00024388795510094097	-0.000234539780126386	-0.00024389264290086698
104	0.00023455070228295405	0.00024388795888918846	-0.00023453977164672457	-0.00024389264669361088
105	0.00023455069376693283	0.00024388796267776902	-0.00023453976316190062	-0.00024389265048585518
106	0.00023455068525496392	0.00024388796646723776	-0.00023453975467341293	-0.0002438926542777109
107	0.00023455067674604813	0.0002438879702567065	-0.00023453974618237172	-0.000243892658068956
108	0.0002345506682394083	0.00024388797404667484	-0.0002345397376892211	-0.00024389266185997904
109	0.00023455065973437828	0.0002438879778363101	-0.0002345397291942386	-0.00024389266565139067
110	0.00023455065123034746	0.00024388798162677805	-0.00023453972069814588	-0.00024389266944202515
111	0.00023455064272748238	0.00024388798541696843	-0.00023453971220110947	-0.00024389267323288166
112	0.00023455063422533895	0.00024388798920715882	-0.00023453970370362898	-0.00024389267702362716
113	0.00023455062572352858	0.0002438879929973492	-0.0002345396952052603	-0.00024389268081426163
114	0.00023455061722243986	0.00024388799678787265	-0.00023453968670694714	-0.00024389268460500713
115	0.0002345506087216842	0.0002438880005783961	-0.0002345396782083009	-0.00024389268839575262
116	0.0002345506002207065	0.00024388800436891955	-0.00023453966970898854	-0.00024389269218649812
117	0.0002345505917201729	0.0002438880081593875	-0.00023453966120989822	-0.0002438926959771326
118	0.00023455058321997235	0.00024388801194979992	-0.00023453965271091892	-0.00024389269976765604
119	0.00023455057471954976	0.00024388801574015684	-0.00023453964421149553	-0.0002438927035581795
120	0.00023455056621946024	0.0002438880195307358	-0.00023453963571218317	-0.00024389270734859192
121	0.00023455055771914868	0.00024388802332114823	-0.00023453962721259325	-0.00024389271113944844
122	0.0002345505492192257	0.0002438880271117272	-0.0002345396187128923	-0.00024389271492980535
123	0.00023455054071863657	0.00024388803090219513	-0.00023453961021313585	-0.00024389271872049534
124	0.0002345505322187691	0.00024388803469260756	-0.000234539601713879	-0.0002438927225110743
125	0.00023455052371873508	0.0002438880384830755	-0.00023453959321451112	-0.00024389272630159775
126	0.00023455051521870107	0.0002438880422738765	-0.00023453958471464365	-0.00024389273009228774
127	0.00023455050671850053	0.0002438880460641224	-0.00023453957621510924	-0.00024389273388270016
128	0.00023455049821863305	0.00024388804985475687	-0.00023453956771557483	-0.00024389273767322361
129	0.0002345504897184325	0.00024388805364505828	-0.00023453955921581837	-0.00024389274146374706
130	0.000234550481218454	0.00024388805743580377	-0.00023453955071628396	-0.00024389274525460358
131	0.00023455047271842	0.0002438880612262162	-0.00023453954221669404	-0.00024389274904523806
132	0.00023455046421833048	0.00024388806501662863	-0.0002345395337169931	-0.00024389275283553946
133	0.0002345504557185185	0.00024388806880715208	-0.0002345395252174587	-0.00024389275662628496
134	0.00023455044721837348	0.00024388807259767553	-0.00023453951671781326	-0.0002438927604168084
135	0.0002345504387184505	0.00024388807638819898	-0.00023453950821816782	-0.00024389276420744288
136	0.00023455043021824995	0.00024388808017883346	-0.00023453949971863342	-0.0002438927679978553
137	0.00023455042171832696	0.00024388808396924588	-0.00023453949121893247	-0.00024389277178848978
138	0.0002345504132180709	0.00024388808775971382	-0.0002345394827191205	-0.00024389277557906874
139	0.0002345504047180924	0.0002438880915504038	-0.0002345394742196416	-0.00024389277936975873
140	0.00023455039621822493	0.00024388809534076072	-0.0002345394657201072	-0.0002438927831603377
141	0.0002345503877180244	0.00024388809913111764	-0.00023453945722040626	-0.00024389278695080563
142	0.00023455037921826793	0.0002438881029216411	-0.00023453944872087185	-0.00024389279074132908
143	0.00023455037071823392	0.00024388810671216454	-0.00023453944022128193	-0.00024389279453196355
144	0.0002345503622181444	0.000243888110502688	-0.00023453943172135894	-0.00024389279832259803
145	0.00023455035371794386	0.00024388811429310042	-0.00023453942322176902	-0.00024389280211301045
146	0.00023455034521807638	0.00024388811808367938	-0.0002345394147221791	-0.00024389280590364493
147	0.00023455033671793135	0.00024388812187425835	-0.0002345394062227557	-0.0002438928096943349
148	0.00023455032821828592	0.00024388812566467077	-0.00023453939772311028	-0.00024389281348491387
149	0.0002345503197181409	0.00024388812945519422	-0.00023453938922346484	-0.00024389281727554835
150	0.0002345503112181624	0.0002438881332457732	-0.00023453938072393044	-0.00024389282106590526
151	0.00023455030271807287	0.00024388813703624113	-0.00023453937222411847	-0.00024389282485676178
152	0.00023455029421803886	0.00024388814082670907	-0.00023453936372441753	-0.00024389282864722972
153	0.00023455028571794934	0.00024388814461728803	-0.00023453935522493863	-0.00024389283243775317
154	0.0002345502772178043	0.00024388814840770046	-0.0002345393467253487	-0.00024389283622827662
155	0.00023455026871799234	0.0002438881521982239	-0.0002345393382258143	-0.00024389284001880007
156	0.00023455026021812486	0.00024388815598874736	-0.00023453932972605784	-0.00024389284380943455
157	0.00023455025171803534	0.0002438881597792708	-0.00023453932122674548	-0.00024389284759984697
158	0.00023455024321794582	0.00024388816356957221	-0.00023453931272676698	-0.00024389285139048145
159	0.00023455023471774528	0.00024388816736009566	-0.00023453930422723257	-0.0002438928551810049
160	0.00023455022621776678	0.00024388817115073014	-0.00023453929572764265	-0.0002438928589718059
161	0.0002345502177179548	0.0002438881749413091	-0.00023453928722810824	-0.00024389286276227384
162	0.00023455020921808734	0.0002438881787316105	-0.00023453927872851832	-0.00024389286655274178
163	0.00023455020071783128	0.00024388818252213396	-0.00023453927022870635	-0.00024389287034348728
164	0.00023455019221779727	0.0002438881863126574	-0.00023453926172911643	-0.00024389287413406624
165	0.00023455018371776326	0.0002438881901033474	-0.000234539253229471	-0.00024389287792453418
166	0.00023455017521789578	0.00024388819389348226	-0.00023453924473015864	-0.0002438928817149466
167	0.00023455016671786177	0.00024388819768406123	-0.00023453923623023565	-0.00024389288550580313
168	0.00023455015821771674	0.00024388820147480672	-0.00023453922773075675	-0.00024389288929632658
169	0.00023455014971773824	0.00024388820526533017	-0.00023453921923111132	-0.00024389289308690554
170	0.00023455014121775974	0.0002438882090557426	-0.00023453921073135486	-0.0002438928968774845
171	0.00023455013271767022	0.00024388821284626605	-0.00023453920223193148	-0.00024389290066795244
172	0.00023455012421791377	0.00024388821663695603	-0.00023453919373217502	-0.00024389290445869793
173	0.00023455011571771323	0.00024388822042720193	-0.00023453918523269612	-0.0002438929082492769
174	0.00023455010721767922	0.0002438882242177809	-0.00023453917673299518	-0.00024389291203991137
175	0.0002345500987176452	0.00024388822800841536	-0.00023453916823346077	-0.0002438929158303793
176	0.0002345500902176667	0.00024388823179877228	-0.00023453915973353778	-0.00024389291962084725
177	0.00023455008171757719	0.00024388823558924022	-0.00023453915123405888	-0.00024389292341159274
178	0.0002345500732176542	0.00024388823937981918	-0.00023453914273474652	-0.00024389292720206068
179	0.0002345500647177312	0.00024388824317028712	-0.00023453913423499007	-0.00024389293099280618
180	0.00023455005621753067	0.00024388824696086608	-0.0002345391257352336	-0.00024389293478332963
181	0.0002345500477177742	0.0002438882507512785	-0.0002345391172356437	-0.00024389293857374206
182	0.00023455003921751816	0.00024388825454157992	-0.00023453910873605377	-0.00024389294236432102
183	0.00023455003071759517	0.00024388825833215888	-0.00023453910023663038	-0.00024389294615489998
184	0.00023455002221789423	0.00024388826212262682	-0.00023453909173704046	-0.00024389294994542343
185	0.0002345500137177492	0.0002438882659132613	-0.0002345390832372285	-0.00024389295373611342
186	0.00023455000521765967	0.00024388826970372923	-0.00023453907473763858	-0.0002438929575268034
187	0.00023454999671751464	0.00024388827349441922	-0.00023453906623804865	-0.00024389296131743787
188	0.00023454998821770268	0.00024388827728488716	-0.00023453905773851424	-0.0002438929651079058
189	0.00023454997971744662	0.0002438882810753551	-0.00023453904923892432	-0.00024389296889842926
190	0.00023454997121757915	0.00024388828486582304	-0.00023453904073922338	-0.00024389297268900823
191	0.00023454996271748962	0.00024388828865651302	-0.00023453903223957795	-0.0002438929764796982
192	0.00023454995421756664	0.00024388829244675891	-0.00023453902373998803	-0.00024389298027027717
193	0.00023454994571764365	0.00024388829623733788	-0.0002345390152403981	-0.0002438929840606896
194	0.00023454993721760964	0.0002438883000277503	-0.0002345390067408637	-0.00024389298785132407
195	0.00023454992871763114	0.00024388830381838478	-0.0002345389982413293	-0.0002438929916417365
196	0.00023454992021759713	0.00024388830760885272	-0.00023453898974157283	-0.00024389299543242648
197	0.00023454991171767414	0.00024388831139937617	-0.00023453898124209394	-0.00024389299922317198
198	0.00023454990321764013	0.0002438883151898441	-0.0002345389727424485	-0.00024389300301363992
199	0.0002345498947174951	0.00024388831898042307	-0.00023453896424258103	-0.00024389300680416337
200	0.0002345498862175721	0.00024388832277072447	-0.0002345389557434352	-0.00024389301059468682
201	0.00023454987771764912	0.00024388832656141446	-0.00023453894724367874	-0.0002438930143853213
202	0.00023454986921767063	0.0002438883303518269	-0.0002345389387440333	-0.0002438930181760668
203	0.00023454986071769213	0.00024388833414240585	-0.00023453893024438788	-0.00024389302196653473
204	0.00023454985221771363	0.0002438883379328738	-0.00023453892174474245	-0.00024389302575700267
205	0.00023454984371767962	0.00024388834172328622	-0.00023453891324515252	-0.00024389302954758163
206	0.00023454983521753459	0.00024388834551386518	-0.00023453890474539607	-0.0002438930333381606
207	0.00023454982671750058	0.00024388834930433312	-0.00023453889624591717	-0.00024389303712868404
208	0.0002345498182176886	0.00024388835309463452	-0.00023453888774643827	-0.00024389304091931852
209	0.0002345498097176546	0.00024388835688538002	-0.00023453887924684835	-0.000243893044709953
210	0.0002345498012176206	0.00024388836067595898	-0.00023453887074720292	-0.00024389304850053195
211	0.0002345497927176421	0.0002438883644663159	-0.0002345388622475575	-0.0002438930522911109
212	0.00023454978421755257	0.00024388836825689486	-0.00023453885374802308	-0.00024389305608157885
213	0.0002345497757176851	0.0002438883720473628	-0.00023453884524843316	-0.00024389305987226884
214	0.00023454976721765108	0.00024388837583799727	-0.0002345388367486212	-0.0002438930636627923
215	0.00023454975871761707	0.00024388837962852072	-0.00023453882824908678	-0.00024389306745342676
216	0.00023454975021763858	0.00024388838341882213	-0.00023453881974949686	-0.00024389307124406123
217	0.00023454974171749354	0.0002438883872094566	-0.00023453881124990694	-0.00024389307503458468
218	0.0002345497332177926	0.00024388839099981352	-0.00023453880275059458	-0.00024389307882510813
219	0.0002345497247178141	0.00024388839479033697	-0.0002345387942507271	-0.00024389308261563158
220	0.00023454971621750254	0.0002438883985808049	-0.0002345387857511927	-0.0002438930864064326
221	0.00023454970771752404	0.0002438884023714949	-0.00023453877725154726	-0.00024389309019701155
222	0.00023454969921754554	0.00024388840616201835	-0.00023453876875201285	-0.0002438930939874795
223	0.00023454969071778908	0.00024388840995226424	-0.0002345387602522564	-0.00024389309777816948
224	0.00023454968221769956	0.00024388841374300974	-0.00023453875175294403	-0.00024389310156847088
225	0.00023454967371777657	0.00024388841753331114	-0.00023453874325313206	-0.00024389310535910536
226	0.00023454966521763154	0.00024388842132405664	-0.00023453873475359766	-0.00024389310914985085
227	0.00023454965671770855	0.0002438884251145801	-0.0002345387262538967	-0.00024389311294026328
228	0.00023454964821767454	0.00024388842890499252	-0.0002345387177543623	-0.00024389311673100877
229	0.0002345496397175295	0.00024388843269546046	-0.00023453870925477238	-0.00024389312052147671
230	0.00023454963121760652	0.00024388843648603942	-0.0002345387007554045	-0.0002438931243121667
231	0.00023454962271773905	0.00024388844027656287	-0.0002345386922553705	-0.00024389312810269015
232	0.00023454961421781606	0.00024388844406691979	-0.00023453868375616915	-0.0002438931318931581
233	0.00023454960571789307	0.00024388844785749875	-0.0002345386752564127	-0.0002438931356839591
234	0.00023454959721780355	0.0002438884516480222	-0.00023453866675682278	-0.000243893139474316
235	0.00023454958871788056	0.00024388845543837911	-0.00023453865825712183	-0.000243893143265006
236	0.00023454958021773553	0.0002438884592290691	-0.00023453864975775396	-0.0002438931470557515
237	0.00023454957171775703	0.00024388846301970357	-0.0002345386412579975	-0.0002438931508460529
238	0.00023454956321777853	0.00024388846681000498	-0.00023453863275840758	-0.0002438931546367984
239	0.00023454955471780004	0.00024388847060052843	-0.0002345386242589842	-0.00024389315842726633
240	0.00023454954621793256	0.00024388847439105188	-0.00023453861575928325	-0.00024389316221778978
241	0.00023454953771784304	0.00024388847818135329	-0.00023453860725980435	-0.00024389316600831323
242	0.00023454952921775352	0.00024388848197204327	-0.00023453859875988137	-0.0002438931697989477
243	0.00023454952071794155	0.0002438884857624557	-0.0002345385902605135	-0.00024389317358958218
244	0.000234549512217741	0.00024388848955309017	-0.00023453858176081255	-0.00024389317738027216
245	0.00023454950371792904	0.0002438884933435581	-0.00023453857326144467	-0.0002438931811706846
246	0.0002345494952182281	0.00024388849713408156	-0.00023453856476196577	-0.00024389318496131906
247	0.00023454948671808307	0.00024388850092471603	-0.0002345385562620983	-0.00024389318875195354
248	0.0002345494782177715	0.00024388850471501744	-0.0002345385477626194	-0.000243893192542477
249	0.00023454946971812607	0.00024388850850542987	-0.00023453853926291846	-0.00024389319633305595
250	0.000234549461217759	0.00024388851229600883	-0.00023453853076338405	-0.0002438932001236349
251	0.00023454945271816907	0.00024388851608669881	-0.00023453852226396066	-0.00024389320391415836
252	0.00023454944421791302	0.00024388851987700022	-0.00023453851376392665	-0.00024389320770484835
253	0.000234549435717879	0.0002438885236676347	-0.0002345385052646698	-0.0002438932114954273
254	0.00023454942721778949	0.00024388852745810263	-0.00023453849676491334	-0.00024389321528595076
255	0.00023454941871814405	0.0002438885312486816	-0.00023453848826537893	-0.00024389321907652972
256	0.000234549410217888	0.00024388853503914953	-0.00023453847976584452	-0.0002438932228672197
257	0.00023454940171818706	0.00024388853882961747	-0.0002345384712662546	-0.00024389322665757662
258	0.0002345493932179865	0.0002438885426200854	-0.00023453846276655366	-0.00024389323044837763
259	0.00023454938471811904	0.00024388854641066438	-0.00023453845426713027	-0.00024389323423879006
260	0.00023454937621802951	0.00024388855020091027	-0.00023453844576737382	-0.0002438932380293135
261	0.00023454936771816204	0.00024388855399171128	-0.00023453843726795043	-0.00024389324182017003
262	0.00023454935921807252	0.00024388855778217922	-0.00023453842876808295	-0.00024389324561058245
263	0.00023454935071820504	0.00024388856157264716	-0.0002345384202688261	-0.00024389324940132795
264	0.00023454934221833756	0.00024388856536328163	-0.0002345384117692917	-0.00024389325319196242
265	0.00023454933371835907	0.00024388856915380508	-0.00023453840326959075	-0.00024389325698231934
266	0.00023454932521821403	0.00024388857294427302	-0.00023453839477005634	-0.00024389326077273177
267	0.0002345493167181245	0.00024388857673479647	-0.00023453838627046641	-0.00024389326456353277
268	0.00023454930821836806	0.0002438885805252089	-0.0002345383777708765	-0.00024389326835422276
269	0.00023454929971833405	0.00024388858431584337	-0.00023453836927112004	-0.0002438932721446352
270	0.00023454929121835555	0.0002438885881062003	-0.00023453836077164114	-0.00024389327593521415
271	0.00023454928271832154	0.00024388859189672374	-0.00023453835227205122	-0.00024389327972601516
272	0.00023454927421856508	0.0002438885956873027	-0.0002345383437724058	-0.0002438932835164831
273	0.00023454926571836454	0.00024388859947788166	-0.0002345383352730379	-0.00024389328730711757
274	0.00023454925721849706	0.0002438886032684051	-0.00023453832677333697	-0.00024389329109786306
275	0.0002345492487186296	0.00024388860705903959	-0.00023453831827385807	-0.00024389329488838651
276	0.00023454924021837353	0.00024388861084945201	-0.0002345383097740461	-0.00024389329867879894
277	0.00023454923171839503	0.00024388861463975342	-0.00023453830127462272	-0.0002438933024693224
278	0.00023454922321863858	0.0002438886184304434	-0.00023453829277492177	-0.00024389330625995687
279	0.00023454921471843804	0.00024388862222096686	-0.00023453828427538737	-0.00024389331005059134
280	0.00023454920621851505	0.00024388862601132377	-0.00023453827577585296	-0.0002438933138412258
281	0.00023454919771842553	0.00024388862980184722	-0.00023453826727620752	-0.00024389331763180477
282	0.00023454918921866907	0.0002438886335924817	-0.00023453825877689516	-0.00024389332142210618
283	0.00023454918071863506	0.00024388863738289412	-0.0002345382502770832	-0.00024389332521290719
284	0.00023454917221854554	0.00024388864117341758	-0.00023453824177738225	-0.00024389332900354166
285	0.00023454916371873358	0.00024388864496383	-0.00023453823327795886	-0.0002438933327940651
286	0.00023454915521864406	0.0002438886487545755	-0.00023453822477825792	-0.00024389333658464407
287	0.00023454914671877658	0.00024388865254504344	-0.000234538216278668	-0.00024389334037533406
288	0.00023454913821863155	0.00024388865633551138	-0.00023453820777896706	-0.000243893344165802
289	0.00023454912971876407	0.0002438886601258683	-0.0002345381992796547	-0.00024389334795621442
290	0.00023454912121873006	0.00024388866391639175	-0.0002345381907801758	-0.00024389335174712645
291	0.0002345491127189181	0.00024388866770702622	-0.00023453818228047485	-0.00024389335553776093
292	0.00023454910421871755	0.0002438886714977162	-0.00023453817378105146	-0.00024389335932811784
293	0.00023454909571907212	0.00024388867528807312	-0.00023453816528140603	-0.0002438933631186413
294	0.00023454908721887158	0.00024388867907854106	-0.0002345381567817606	-0.00024389336690922025
295	0.0002345490787190041	0.0002438886828690645	-0.00023453814828205966	-0.0002438933706996882
296	0.0002345490702190256	0.00024388868665953245	-0.00023453813978263627	-0.0002438933744904892
297	0.00023454906171893608	0.0002438886904500004	-0.00023453813128304635	-0.00024389337828106816
298	0.0002345490532190131	0.00024388869424057935	-0.00023453812278356745	-0.0002438933820715361
299	0.00023454904471931215	0.00024388869803093627	-0.000234538114283811	-0.0002438933858622816
300	0.0002345490362190561	0.00024388870182145972	-0.00023453810578444312	-0.00024389338965291607
