0.6826076046198336 0.6156384199352605 0.6156384199352589 0.6826076046198362
0.8935475684974019 0.8180937925944066 0.8180937925944035 0.8935475684974056
1.0900688270083272 1.0117444338675738 1.011744433867569 1.090068827008331
1.2906742279733951 1.2111028576477036 1.2111028576476959 1.290674227973399
1.5026121165479205 1.422156885441457 1.4221568854414486 1.5026121165479271
1.7297636084795136 1.6483618506066304 1.6483618506066176 1.7297636084795207
1.9744871960634087 1.8919642905101812 1.8919642905101661 1.9744871960634192
2.238194439783318 2.1543961047230376 2.154396104723019 2.2381944397833267
2.5215347361473217 2.4363878425680774 2.4363878425680556 2.5215347361473337
2.824438747856211 2.737980840164424 2.7379808401643966 2.8244387478562256
3.1461141624006723 3.058506902558981 3.058506902558948 3.146114162400688
3.4850381760953404 3.396570194806236 3.396570194806194 3.4850381760953586
3.8389718201568064 3.7500526563884002 3.750052656388356 3.8389718201568286
4.205010977646203 4.1161565976408685 4.1161565976408125 4.2050109776462286
4.579681029084488 4.491491493760372 4.491491493760308 4.579681029084518
4.959074545211036 4.872205077268891 4.872205077268817 4.959074545211069
5.339024278680724 5.254151841239035 5.254151841238952 5.339024278680766
5.715297707156374 5.633085920285553 5.633085920285463 5.715297707156417
6.083795570334196 6.004861127471802 6.004861127471695 6.083795570334248
6.440735958319156 6.36561954627716 6.365619546277046 6.440735958319217
6.7828076742163415 6.711951768690758 6.711951768690631 6.782807674216395
7.107281243860664 7.041016186730914 7.041016186730778 7.107281243860727
7.412071989425789 7.350610664364405 7.350610664364253 7.412071989425856
7.6957557375698045 7.639196161026245 7.6391961610260815 7.695755737569862
7.957542877065978 7.905877274817757 7.905877274817581 7.957542877066043
8.197219911706538 8.15034843588032 8.150348435880142 8.197219911706613
8.415069165764612 8.372816318758874 8.372816318758687 8.415069165764692
8.611777109189156 8.573909113162495 8.573909113162298 8.611777109189244
8.788340353874162 8.754582041914695 8.754582041914487 8.788340353874244
8.945976284987493 8.91602649706276 8.91602649706255 8.945976284987582
9.086043026146912 9.059587892825471 9.05958789282526 9.086043026147014
9.209971351975087 9.186695192097284 9.186695192097067 9.20997135197517
9.31920946105856 9.298803282489207 9.298803282488977 9.319209461058648
9.41518028015656 9.397348052126244 9.397348052126013 9.415180280156655
9.499250168097154 9.483713138834178 9.483713138833945 9.49925016809725
9.572707454651827 9.559206834527059 9.559206834526812 9.572707454651933
9.636749095587476 9.625047430599565 9.625047430599325 9.636749095587575
9.692473761623921 9.682355299837138 9.682355299836898 9.692473761624024
9.74087983109209 9.732150147686577 9.732150147686331 9.740879831092187
9.782866966205605 9.775352069911657 9.775352069911406 9.782866966205704
9.819240180811583 9.81278528151717 9.81278528151692 9.819240180811706
9.850715527684851 9.845183605411037 9.845183605410792 9.850715527684965
9.877926731492213 9.873197012473137 9.873197012472883 9.877926731492298
9.901432263006107 9.897398679869779 9.897398679869523 9.901432263006228
9.921722489661157 9.918292179544183 9.91829217954393 9.92172248966126
9.939226648839572 9.936318525145513 9.936318525145259 9.939226648839664
9.954319476628655 9.951862896339053 9.951862896338785 9.95431947662877
9.967327390080017 9.965260928300301 9.965260928300044 9.967327390080113
9.978534169090219 9.976804505149481 9.976804505149223 9.97853416909033
9.9881861184565 9.98674703275321 9.986747032752943 9.9881861184566
9.996496714502578 9.99530819187199 9.995308191871727 9.996496714502692
10.003650756477997 10.002678189716173 10.002678189715912 10.003650756478105
10.009808052768065 10.009021538741006 10.009021538740742 10.009808052768161
10.015106677444187 10.01448039766899 10.014480397668732 10.015106677444292
10.019665835092564 10.019177512597754 10.01917751259749 10.019665835092676
10.023588372140479 10.02321879664073 10.023218796640467 10.02358837214059
10.02696297176806 10.026695585612057 10.026695585611792 10.026962971768157
10.02986606747234 10.029686605358854 10.029686605358592 10.029866067472451
10.03236350781741 10.032259683867014 10.032259683866759 10.032363507817507
10.034512002124705 10.034473238502935 10.034473238502672 10.03451200212481
10.036360374016455 10.036377565900239 10.036377565899967 10.036360374016564
10.03795064694096 10.03801595918954 10.038015959189275 10.03795064694106
10.03931898316123 10.03942567458339 10.03942567458313 10.039318983161333
10.040496495223001 10.040638766818995 10.040638766818738 10.04049649522311
10.04150994665514 10.041682810654462 10.041682810654194 10.041509946655232
10.042382356606558 10.042581523519312 10.04258152351905 10.04238235660667
10.043133521282336 10.043355302536384 10.043355302536128 10.043133521282437
10.043780463401092 10.04402168745129 10.044021687451037 10.043780463401195
10.044337819442761 10.044595759515051 10.044595759514793 10.044337819442871
10.044818173173338 10.045090485050412 10.045090485050158 10.044818173173438
10.045232342808983 10.045517011276752 10.04551701127648 10.045232342809099
10.045589628196378 10.045884920956317 10.045884920956066 10.045589628196485
10.045898023526775 10.046202451541857 10.046202451541605 10.045898023526881
10.046164400353417 10.04647668373501 10.046476683734761 10.046164400353524
10.046394665030807 10.046713703696996 10.04671370369674 10.04639466503091
10.046593894130927 10.046918742572045 10.04691874257178 10.04659389413103
10.046766450902163 10.047096296481012 10.047096296480753 10.046766450902268
10.046916085413995 10.047250229707354 10.047250229707085 10.046916085414088
10.04704602066479 10.047383863421492 10.047383863421228 10.047046020664903
10.047159026614539 10.047500051963713 10.04750005196345 10.047159026614658
10.047257483830844 10.047601248425986 10.047601248425732 10.047257483830958
10.04734343820294 10.047689561030097 10.047689561029829 10.047343438203047
10.047418647974318 10.047766801591546 10.047766801591276 10.047418647974414
10.047484624170789 10.047834527178045 10.047834527177788 10.047484624170893
10.047542665350266 10.047894075917052 10.047894075916789 10.047542665350383
10.047593887470505 10.047946597773004 10.04794659777275 10.047593887470622
10.047639249560298 10.047993081000211 10.047993080999952 10.047639249560405
10.047679575783057 10.048034374878416 10.04803437487816 10.047679575783174
10.047715574399511 10.048071209253033 10.04807120925278 10.047715574399634
10.047747854064863 10.04810421132885 10.048104211328589 10.047747854064976
10.047776937835067 10.048133920102838 10.048133920102586 10.047776937835172
10.047803275203925 10.048160798768244 10.04816079876798 10.047803275204034
10.047827252447995 10.04818524537438 10.048185245374116 10.047827252448112
10.047849201516788 10.048207601987894 10.048207601987649 10.04784920151689
10.047869407672916 10.048228162565824 10.048228162565565 10.047869407673021
10.047888116058132 10.048247179721404 10.048247179721143 10.047888116058251
10.047905537335774 10.048264870538773 10.048264870538507 10.047905537335884
10.04792185253986 10.048281421569646 10.04828142156938 10.047921852539956
10.047937217242218 10.04829699312758 10.048296993127321 10.047937217242305
10.047951765133622 10.048311722978166 10.048311722977907 10.047951765133716
10.047965611101297 10.0483257295103 10.048325729510038 10.047965611101407
10.047978853873518 10.048339114461404 10.048339114461147 10.047978853873625
10.047991578292342 10.048351965259554 10.048351965259284 10.047991578292448
10.048003857266691 10.048364357035858 10.048364357035602 10.04800385726681
10.048015753450755 10.048376354354236 10.048376354353959 10.048015753450871
10.048027320686296 10.048388012697469 10.048388012697215 10.048027320686414
10.0480386052421 10.048399379744671 10.048399379744403 10.048038605242219
10.048049646879154 10.048410496468703 10.048410496468449 10.048049646879278
10.048060479765995 10.048421398079562 10.048421398079299 10.04806047976611
10.048071133265227 10.048432114834823 10.048432114834554 10.048071133265342
10.048081632609541 10.048442672736272 10.048442672736005 10.048081632609644
10.048091999482573 10.04845309412847 10.048453094128199 10.04809199948268
10.048102252518094 10.048463398213135 10.04846339821287 10.048102252518195
10.048112407728963 10.048473601491215 10.048473601490944 10.048112407729079
10.04812247887585 10.048483718142778 10.048483718142512 10.048122478875968
10.04813247778387 10.048493760353358 10.048493760353095 10.04813247778398
10.04814241461491 10.048503738594624 10.048503738594365 10.048142414615011
10.048152298101572 10.048513661865327 10.048513661865062 10.048152298101678
10.048162135748187 10.048523537898514 10.048523537898253 10.048162135748292
10.048171934003555 10.04853337333956 10.048533373339307 10.048171934003658
10.048181698409465 10.048543173899198 10.048543173898935 10.048181698409584
10.048191433728224 10.04855294448484 10.048552944484562 10.048191433728336
10.048201144052284 10.048562689313691 10.048562689313423 10.0482011440524
10.048210832898514 10.048572412009806 10.04857241200955 10.048210832898617
10.048220503289079 10.048582115687493 10.048582115687232 10.048220503289182
10.048230157821095 10.048591803023024 10.048591803022763 10.04823015782121
10.048239798726398 10.04860147631622 10.048601476315955 10.048239798726492
10.04824942792285 10.048611137543475 10.048611137543205 10.048249427922965
10.04825904705865 10.048620788403161 10.048620788402895 10.048259047058766
10.048268657550096 10.048630430354757 10.04863043035449 10.048268657550192
10.048278260614303 10.0486400646525 10.04864006465223 10.048278260614403
10.048287857297197 10.048649692374171 10.048649692373914 10.048287857297307
10.048297448497584 10.048659314445999 10.04865931444574 10.048297448497692
10.048307034987873 10.048668931663903 10.04866893166365 10.04830703498798
10.048316617431817 10.048678544711873 10.048678544711608 10.048316617431931
10.048326196399797 10.048688154177693 10.048688154177434 10.048326196399898
10.048335772381973 10.048697760566453 10.048697760566192 10.048335772382073
10.048345345799534 10.048707364312206 10.048707364311953 10.048345345799662
10.048354917014526 10.04871696578798 10.048716965787728 10.048354917014638
10.048364486337972 10.048726565314329 10.048726565314064 10.048364486338084
10.04837405403716 10.048736163166668 10.048736163166414 10.048374054037291
10.048383620341875 10.048745759581754 10.048745759581493 10.048383620341982
10.048393185449438 10.048755354762978 10.048755354762722 10.048393185449557
10.048402749529528 10.048764948885156 10.048764948884896 10.04840274952964
10.048412312727915 10.048774542098498 10.048774542098242 10.048412312728017
10.048421875169872 10.048784134532106 10.048784134531855 10.048421875169979
10.048431436963034 10.048793726296939 10.048793726296676 10.048431436963146
10.048440998199931 10.048803317488275 10.04880331748802 10.048440998200054
10.048450558960086 10.04881290818808 10.04881290818782 10.048450558960186
10.04846011931175 10.048822498466725 10.048822498466464 10.048460119311867
10.048469679313676 10.048832088384737 10.048832088384472 10.048469679313799
10.048479239016318 10.048841677994071 10.048841677993805 10.048479239016432
10.048488798463017 10.048851267339408 10.048851267339149 10.04848879846314
10.048498357691038 10.048860856459157 10.0488608564589 10.048498357691148
10.048507916732387 10.048870445386305 10.04887044538605 10.048507916732492
10.048517475614592 10.048880034149207 10.048880034148944 10.048517475614686
10.048527034361259 10.048889622772204 10.048889622771954 10.048527034361385
10.048536592992757 10.04889921127627 10.048899211276007 10.048536592992873
10.04854615152651 10.048908799679376 10.048908799679117 10.048546151526624
10.048555709977549 10.048918387996979 10.04891838799673 10.048555709977657
10.04856526835874 10.048927976242375 10.048927976242108 10.048565268358859
10.0485748266812 10.048937564426996 10.048937564426735 10.048574826681305
10.048584384954413 10.048947152560611 10.04894715256035 10.048584384954525
10.048593943186575 10.048956740651699 10.048956740651443 10.048593943186692
10.048603501384713 10.048966328707476 10.048966328707222 10.048603501384827
10.048613059554905 10.048975916734188 10.048975916733935 10.048613059554999
10.048622617702305 10.04898550473718 10.048985504736923 10.048622617702396
10.048632175831344 10.048995092721041 10.048995092720773 10.048632175831452
10.048641733945948 10.04900468068972 10.049004680689446 10.048641733946043
10.048651292049321 10.049014268646626 10.049014268646376 10.048651292049426
10.048660850144353 10.049023856594665 10.049023856594404 10.048660850144454
10.04867040823346 10.049033444536354 10.049033444536102 10.048670408233557
10.048679966318721 10.049043032473865 10.049043032473604 10.048679966318826
10.04868952440196 10.049052620409014 10.049052620408746 10.04868952440207
10.048699082484704 10.049062208343406 10.04906220834315 10.048699082484806
10.048708640568265 10.049071796278405 10.049071796278156 10.04870864056838
10.048718198653829 10.049081384215224 10.049081384214952 10.048718198653942
10.048727756742332 10.049090972154817 10.049090972154564 10.048727756742435
10.048737314834645 10.049100560098099 10.04910056009783 10.048737314834751
10.048746872931478 10.049110148045779 10.04911014804552 10.048746872931577
10.048756431033436 10.049119735998486 10.04911973599824 10.04875643103355
10.048765989141081 10.049129323956834 10.049129323956569 10.04876598914119
10.048775547254861 10.049138911921244 10.049138911920979 10.048775547254973
10.048785105375181 10.049148499892155 10.049148499891892 10.048785105375284
10.048794663502353 10.049158087869875 10.049158087869626 10.048794663502472
10.048804221636694 10.04916767585474 10.049167675854482 10.048804221636804
10.048813779778461 10.049177263847005 10.049177263846746 10.048813779778557
10.04882333792783 10.049186851846878 10.049186851846608 10.048823337927942
10.04883289608505 10.049196439854544 10.04919643985429 10.048832896085154
10.048842454250225 10.049206027870206 10.049206027869939 10.048842454250318
10.048852012423483 10.04921561589394 10.049215615893683 10.048852012423598
10.048861570604998 10.049225203925937 10.049225203925667 10.048861570605103
10.048871128794822 10.049234791966253 10.049234791965988 10.048871128794937
10.048880686993066 10.049244380014997 10.049244380014734 10.048880686993186
10.048890245199805 10.049253968072247 10.049253968071978 10.048890245199917
10.048899803415093 10.049263556138047 10.04926355613778 10.048899803415198
10.048909361638986 10.049273144212485 10.049273144212224 10.0489093616391
10.04891891987152 10.049282732295595 10.049282732295325 10.048918919871621
10.04892847811278 10.049292320387387 10.049292320387131 10.048928478112874
10.048938036362722 10.049301908487966 10.0493019084877 10.048938036362841
10.048947594621474 10.049311496597305 10.04931149659704 10.04894759462157
10.048957152888983 10.049321084715459 10.049321084715194 10.048957152889065
10.048966711165289 10.04933067284245 10.049330672842185 10.048966711165408
10.048976269450433 10.049340260978276 10.049340260978013 10.048976269450556
10.048985827744422 10.049349849122976 10.049349849122715 10.048985827744543
10.048995386047288 10.049359437276559 10.049359437276292 10.048995386047396
10.049004944358991 10.04936902543902 10.049369025438759 10.049004944359098
10.049014502679594 10.049378613610395 10.04937861361013 10.049014502679706
10.049024061009067 10.049388201790682 10.04938820179043 10.049024061009176
10.049033619347455 10.049397789979887 10.049397789979635 10.049033619347563
10.049043177694742 10.049407378178035 10.04940737817777 10.049043177694855
10.049052736050935 10.0494169663851 10.04941696638485 10.049052736051046
10.04906229441604 10.049426554601121 10.049426554600858 10.049062294416151
10.049071852790068 10.049436142826073 10.049436142825813 10.04907185279017
10.049081411173017 10.049445731059976 10.049445731059715 10.049081411173107
10.049090969564887 10.04945531930284 10.049455319302576 10.049090969565002
10.0491005279657 10.049464907554624 10.04946490755436 10.049100527965793
10.049110086375398 10.049474495815387 10.049474495815133 10.049110086375515
10.04911964479407 10.049484084085105 10.04948408408486 10.049119644794176
10.049129203221645 10.049493672363777 10.049493672363514 10.049129203221753
10.049138761658162 10.049503260651411 10.049503260651148 10.049138761658277
10.049148320103635 10.049512848948005 10.049512848947746 10.04914832010373
10.049157878558018 10.049522437253566 10.049522437253309 10.049157878558136
10.049167437021346 10.049532025568098 10.049532025567839 10.049167437021472
10.049176995493609 10.049541613891565 10.049541613891318 10.04917699549374
10.04918655397483 10.049551202224015 10.049551202223755 10.049186553974941
10.049196112464978 10.049560790565453 10.049560790565183 10.04919611246508
10.049205670964083 10.04957037891583 10.04957037891557 10.049205670964177
10.049215229472102 10.04957996727519 10.049579967274921 10.049215229472209
10.04922478798906 10.049589555643497 10.049589555643239 10.049224787989179
10.049234346514975 10.049599144020782 10.04959914402052 10.049234346515094
10.04924390504983 10.049608732407032 10.049608732406769 10.049243905049934
10.049253463593635 10.04961832080226 10.049618320802 10.049253463593733
10.049263022146349 10.04962790920644 10.049627909206196 10.04926302214647
10.049272580708047 10.049637497619608 10.049637497619335 10.049272580708147
10.049282139278645 10.049647086041722 10.049647086041466 10.049282139278764
10.049291697858232 10.04965667447283 10.049656674472569 10.049291697858338
10.049301256446716 10.049666262912886 10.049666262912636 10.049301256446837
10.04931081504417 10.049675851361913 10.04967585136166 10.04931081504429
10.049320373650573 10.049685439819925 10.049685439819664 10.049320373650687
10.04932993226592 10.0496950282869 10.049695028286642 10.049329932266023
10.04933949089021 10.049704616762847 10.04970461676259 10.049339490890302
10.049349049523412 10.049714205247751 10.049714205247493 10.049349049523537
10.049358608165582 10.049723793741643 10.049723793741382 10.049358608165704
10.049368166816693 10.049733382244504 10.049733382244234 10.04936816681681
10.049377725476745 10.049742970756318 10.049742970756052 10.049377725476857
10.049387284145736 10.049752559277106 10.049752559276838 10.049387284145837
10.049396842823667 10.049762147806858 10.049762147806605 10.049396842823795
10.049406401510558 10.04977173634559 10.049771736345335 10.049406401510677
10.049415960206382 10.049781324893297 10.049781324893031 10.04941596020649
10.049425518911157 10.04979091344996 10.049790913449696 10.049425518911253
10.049435077624857 10.049800502015593 10.049800502015337 10.049435077624963
10.04944463634751 10.049810090590196 10.049810090589926 10.049444636347618
10.049454195079099 10.049819679173757 10.049819679173503 10.049454195079207
10.04946375381963 10.049829267766304 10.049829267766038 10.049463753819737
10.049473312569102 10.049838856367813 10.049838856367552 10.049473312569212
10.049482871327537 10.049848444978306 10.049848444978041 10.049482871327646
10.049492430094897 10.049858033597744 10.049858033597484 10.049492430095007
10.04950198887122 10.049867622226174 10.049867622225916 10.049501988871318
10.04951154765647 10.049877210863572 10.049877210863304 10.049511547656577
10.049521106450676 10.049886799509924 10.049886799509668 10.049521106450777
10.049530665253819 10.049896388165257 10.049896388164992 10.049530665253917
10.049540224065884 10.049905976829569 10.049905976829308 10.049540224066002
10.049549782886926 10.04991556550283 10.049915565502575 10.049549782887036
10.0495593417169 10.049925154185066 10.049925154184802 10.049559341717
10.049568900555812 10.049934742876275 10.049934742876022 10.049568900555911
10.049578459403666 10.04994433157646 10.049944331576198 10.04957845940377
10.049588018260488 10.049953920285612 10.049953920285354 10.049588018260582
10.049597577126228 10.049963509003726 10.04996350900347 10.049597577126336
10.049607136000896 10.049973097730822 10.04997309773056 10.04960713600102
10.04961669488454 10.049982686466887 10.049982686466615 10.049616694884651
10.049626253777108 10.0499922752119 10.049992275211647 10.049626253777227
10.049635812678632 10.050001863965916 10.050001863965662 10.049635812678746
10.049645371589104 10.050011452728882 10.050011452728617 10.049645371589213
10.049654930508508 10.050021041500816 10.050021041500562 10.049654930508618
10.049664489436854 10.050030630281729 10.050030630281464 10.049664489436967
10.049674048374156 10.050040219071612 10.05004021907134 10.049674048374252
10.049683607320388 10.050049807870453 10.050049807870192 10.049683607320496
10.049693166275555 10.050059396678268 10.05005939667801 10.049693166275668
10.04970272523969 10.050068985495063 10.050068985494798 10.049702725239797
10.049712284212758 10.050078574320827 10.050078574320567 10.049712284212868
10.049721843194789 10.050088163155557 10.050088163155296 10.049721843194886
10.049731402185738 10.050097751999258 10.05009775199899 10.049731402185841
10.049740961185632 10.050107340851936 10.050107340851664 10.049740961185742
10.049750520194474 10.05011692971356 10.050116929713292 10.049750520194577
10.049760079212259 10.050126518584163 10.050126518583898 10.049760079212366
10.049769638238988 10.050136107463745 10.050136107463485 10.049769638239095
10.049779197274654 10.0501456963523 10.050145696352034 10.049779197274765
10.049788756319291 10.050155285249808 10.050155285249547 10.049788756319389
10.04979831537283 10.050164874156296 10.050164874156033 10.049798315372948
10.049807874435334 10.050174463071759 10.05017446307149 10.049807874435452
10.049817433506798 10.050184051996196 10.050184051995924 10.049817433506908
10.049826992587192 10.05019364092958 10.050193640929322 10.049826992587294
10.049836551676517 10.050203229871945 10.050203229871686 10.049836551676622
10.049846110774793 10.050212818823281 10.050212818823029 10.049846110774906
10.049855669882016 10.050222407783583 10.050222407783334 10.04985566988213
10.04986522899819 10.050231996752883 10.050231996752617 10.049865228998295
10.049874788123303 10.050241585731126 10.050241585730854 10.049874788123402
10.049884347257368 10.050251174718339 10.050251174718072 10.049884347257464
10.049893906400364 10.050260763714535 10.050260763714267 10.049893906400465
