0.892238961328593 0.8738945552840817 0.8922389613285931
1.296766943457625 1.2889267602341579 1.296766943457625
1.7399386713856093 1.7397480602049156 1.7399386713856106
2.246716362773853 2.2523925815579835 2.246716362773854
2.825039817391795 2.835452858248761 2.8250398173917945
3.472198122602177 3.486376264791859 3.4721981226021774
4.175335881823021 4.192234800454988 4.175335881823022
4.912485603888578 4.930939793489686 4.9124856038885785
5.655488054702076 5.674285406706811 5.6554880547020785
6.374566709574906 6.392586579685413 6.374566709574911
7.04328381188141 7.059632585888191 7.043283811881414
7.642328180863067 7.656420347710257 7.642328180863064
8.161162417427054 8.172728371210699 8.161162417427061
8.597529876548466 8.606564553704237 8.597529876548478
8.955556732671532 8.962239333850517 8.955556732671539
9.243378310843793 9.247991282310167 9.243378310843783
9.470990133533107 9.47385416443325 9.470990133533116
9.648659348396562 9.650089577367257 9.648659348396565
9.78594012945013 9.78622143882493 9.785940129450129
9.8911820166193 9.890558381763826 9.891182016619295
9.971376550833037 9.970049306493953 9.971376550833028
10.03220425441731 10.0303352415682 10.032204254417316
10.078181299383273 10.075898172025175 10.078181299383273
10.11284172966185 10.110243795040315 10.112841729661865
10.138919018991292 10.136082751898098 10.13891901899129
10.158509305787943 10.155493158223862 10.15850930578795
10.173209768590066 10.170058169657915 10.173209768590072
10.184231638825361 10.180978219818376 10.184231638825363
10.19249022474857 10.189160365357463 10.192490224748571
10.198675392397531 10.19528820153667 10.198675392397544
10.203306072817805 10.199875913494552 10.203306072817808
10.206772044838058 10.203309699131301 10.206772044838052
10.209365758508111 10.20587931267365 10.20936575850811
10.21130645909947 10.20780197330625 10.211306459099465
10.212758411064517 10.209240424647188 10.212758411064504
10.213844629602471 10.21031654137991 10.213844629602471
10.214657207548667 10.211121561629302 10.214657207548662
10.215265070764117 10.21172377106223 10.215265070764104
10.215719796214923 10.212174267313012 10.215719796214927
10.216059973255208 10.212511280949775 10.216059973255222
10.216314470966648 10.212763412556253 10.216314470966651
10.216504884877878 10.212952056762797 10.216504884877878
10.216647368571397 10.213093216851723 10.216647368571406
10.216754004483969 10.213198862824253 10.216754004483967
10.216833829646108 10.213277947606626 10.216833829646092
10.21689360311557 10.21333716734781 10.216893603115563
10.216938380094039 10.213381530196385 10.216938380094033
10.216971941390728 10.21341478176889 10.216971941390737
10.21699711466136 10.213439723399706 10.216997114661364
10.217016014684564 10.213458450181498 10.21701601468456
10.217030223075245 10.2134725290061 10.217030223075245
10.217040922697189 10.213483131725937 10.2170409226972
10.21704899819187 10.21349113474724 10.21704899819188
10.217055111164267 10.213497193515993 10.217055111164273
10.217059756414113 10.21350179822571 10.217059756414109
10.217063303990718 10.213505315480832 10.217063303990724
10.217066030645157 10.213508019456047 10.217066030645155
10.21706814335272 10.213510115199838 10.217068143352742
10.217069796905195 10.213511756062983 10.217069796905195
10.217071107067333 10.21351305673254 10.217071107067332
10.217072160416722 10.213514102980128 10.217072160416729
10.217073021702522 10.213514958952107 10.217073021702529
10.217073739348937 10.213515672621924 10.217073739348946
10.217074349571217 10.213516279867624 10.217074349571218
10.217074879453756 10.213516807521502 10.217074879453756
10.217075349252317 10.21351727565075 10.217075349252308
10.217075774115628 10.213517699263083 10.217075774115628
10.217076165373037 10.213518089582372 10.217076165373035
10.21707653149749 10.21351845500267 10.217076531497487
10.217076878825651 10.213518801801648 10.217076878825651
10.21707721209656 10.213519134674243 10.217077212096555
10.217077534854422 10.213519457131664 10.217077534854416
10.217077849749847 10.213519771799835 10.217077849749838
10.21707815876516 10.21352008064266 10.217078158765169
10.217078463382903 10.213520385128835 10.217078463382911
10.217078764711827 10.213520686356793 10.217078764711824
10.21707906358111 10.21352098514802 10.217079063581105
10.217079360610889 10.21352128211689 10.217079360610889
10.217079656264985 10.213521577722855 10.217079656264985
10.21707995089024 10.213521872309556 10.21707995089023
10.217080244746022 10.213522166133963 10.217080244746015
10.217080538026364 10.213522459388292 10.217080538026364
10.217080830876338 10.213522752216232 10.217080830876348
10.217081123404464 10.21352304472536 10.21708112340448
10.217081415691892 10.213523336995992 10.217081415691897
10.2170817077993 10.213523629088302 10.217081707799306
10.217081999772082 10.213523921047226 10.21708199977208
10.217082291644182 10.213524212906425 10.21708229164419
10.217082583440984 10.213524504691009 10.217082583440991
10.21708287518149 10.213524796419826 10.21708287518149
10.217083166879885 10.213525088106923 10.217083166879872
10.217083458546789 10.213525379762821 10.217083458546774
10.217083750190147 10.213525671395395 10.217083750190147
10.217084041815896 10.21352596301052 10.217084041815891
10.21708433342846 10.213526254612592 10.217084333428462
10.217084625031177 10.213526546204921 10.217084625031184
10.217084916626556 10.213526837789939 10.217084916626547
10.217085208216409 10.21352712936952 10.21708520821641
10.217085499802149 10.213527420945022 10.217085499802156
10.217085791384822 10.213527712517475 10.217085791384818
10.2170860829652 10.213528004087648 10.217086082965208
10.21708637454387 10.213528295656129 10.217086374543873
10.217086666121249 10.213528587223355 10.217086666121247
10.217086957697672 10.213528878789596 10.217086957697667
10.217087249273378 10.213529170355157 10.217087249273389
10.217087540848564 10.213529461920201 10.217087540848567
10.217087832423347 10.213529753484842 10.217087832423344
10.217088123997819 10.21353004504919 10.21708812399783
10.217088415572116 10.213530336613331 10.217088415572112
10.217088707146209 10.213530628177303 10.217088707146223
10.217088998720206 10.213530919741155 10.217088998720223
10.21708929029412 10.213531211304922 10.217089290294131
10.217089581867983 10.21353150286865 10.217089581867972
10.217089873441779 10.213531794432315 10.217089873441777
10.217090165015543 10.213532085995942 10.217090165015545
10.21709045658929 10.21353237755956 10.217090456589293
10.217090748163029 10.213532669123154 10.217090748163026
10.217091039736761 10.21353296068676 10.217091039736758
10.217091331310472 10.213533252250345 10.217091331310478
10.217091622884206 10.21353354381393 10.217091622884192
10.217091914457928 10.213533835377518 10.217091914457926
10.217092206031657 10.213534126941116 10.217092206031648
10.217092497605396 10.213534418504722 10.217092497605396
10.217092789179125 10.213534710068322 10.217092789179125
10.21709308075287 10.213535001631941 10.217093080752873
10.217093372326607 10.213535293195548 10.217093372326618
10.217093663900364 10.21353558475918 10.217093663900382
10.217093955474141 10.213535876322805 10.21709395547414
10.21709424704791 10.21353616788644 10.217094247047914
10.217094538621687 10.213536459450102 10.217094538621689
10.217094830195482 10.213536751013763 10.21709483019548
10.217095121769269 10.21353704257742 10.217095121769267
10.217095413343063 10.213537334141071 10.217095413343067
10.21709570491688 10.213537625704754 10.217095704916881
10.217095996490697 10.213537917268447 10.2170959964907
10.217096288064523 10.213538208832121 10.217096288064523
10.21709657963836 10.213538500395837 10.217096579638364
10.217096871212192 10.213538791959543 10.217096871212199
10.217097162786052 10.213539083523253 10.21709716278606
10.21709745435991 10.21353937508698 10.21709745435991
10.217097745933783 10.213539666650721 10.217097745933776
10.217098037507665 10.213539958214472 10.217098037507661
10.217098329081537 10.21354024977822 10.217098329081546
10.21709862065543 10.213540541341981 10.217098620655436
10.21709891222934 10.21354083290575 10.217098912229337
10.217099203803235 10.213541124469504 10.217099203803238
10.217099495377159 10.2135414160333 10.217099495377157
10.21709978695108 10.213541707597088 10.217099786951083
10.217100078525004 10.213541999160883 10.217100078525007
10.217100370098942 10.213542290724693 10.21710037009895
10.217100661672896 10.213542582288511 10.217100661672907
10.217100953246856 10.213542873852342 10.21710095324686
10.21710124482082 10.213543165416173 10.217101244820824
10.217101536394805 10.213543456980004 10.217101536394809
10.21710182796879 10.213543748543865 10.21710182796879
10.21710211954278 10.21354404010773 10.217102119542776
10.217102411116795 10.213544331671596 10.217102411116784
10.217102702690784 10.213544623235467 10.21710270269079
10.217102994264797 10.213544914799352 10.217102994264806
10.217103285838823 10.213545206363237 10.21710328583883
10.217103577412843 10.213545497927125 10.21710357741286
10.217103868986891 10.213545789491047 10.21710386898689
10.217104160560941 10.213546081054941 10.21710416056094
10.217104452134983 10.213546372618875 10.217104452134997
10.217104743709058 10.213546664182793 10.21710474370907
10.21710503528314 10.21354695574674 10.217105035283138
10.217105326857219 10.213547247310697 10.217105326857215
10.217105618431308 10.213547538874655 10.2171056184313
10.217105910005396 10.213547830438605 10.217105910005394
10.21710620157951 10.213548122002605 10.217106201579504
10.217106493153617 10.213548413566562 10.217106493153622
10.217106784727736 10.213548705130544 10.217106784727738
10.217107076301867 10.213548996694557 10.217107076301872
10.217107367876011 10.213549288258541 10.217107367876006
10.21710765945015 10.21354957982256 10.217107659450148
10.217107951024296 10.213549871386597 10.217107951024301
10.217108242598462 10.213550162950627 10.217108242598473
10.217108534172636 10.213550454514648 10.217108534172649
10.21710882574682 10.21355074607871 10.217108825746822
10.217109117321009 10.21355103764275 10.217109117321007
10.217109408895201 10.213551329206817 10.217109408895203
10.217109700469413 10.21355162077088 10.217109700469413
10.217109992043605 10.213551912334966 10.21710999204361
10.217110283617842 10.213552203899054 10.217110283617824
10.217110575192063 10.21355249546314 10.217110575192072
10.217110866766303 10.213552787027256 10.217110866766307
10.217111158340543 10.213553078591353 10.217111158340547
10.217111449914807 10.213553370155491 10.217111449914805
10.217111741489068 10.213553661719619 10.217111741489067
10.217112033063339 10.213553953283759 10.217112033063342
10.217112324637615 10.213554244847892 10.217112324637615
10.217112616211896 10.21355453641204 10.217112616211894
10.217112907786175 10.213554827976207 10.217112907786197
10.217113199360497 10.213555119540382 10.217113199360494
10.217113490934805 10.213555411104553 10.217113490934803
10.217113782509124 10.21355570266874 10.217113782509125
10.217114074083453 10.213555994232923 10.217114074083446
10.217114365657789 10.213556285797141 10.217114365657796
10.217114657232138 10.213556577361343 10.217114657232134
10.217114948806488 10.21355686892558 10.217114948806486
10.217115240380833 10.213557160489795 10.217115240380839
10.217115531955216 10.21355745205402 10.217115531955201
10.217115823529591 10.213557743618281 10.217115823529582
10.21711611510397 10.21355803518252 10.217116115103977
10.217116406678365 10.213558326746787 10.217116406678368
10.217116698252758 10.213558618311058 10.217116698252763
10.21711698982719 10.213558909875339 10.21711698982719
10.217117281401597 10.213559201439619 10.217117281401597
10.217117572976017 10.213559493003896 10.217117572976022
10.217117864550463 10.213559784568211 10.217117864550461
10.217118156124906 10.213560076132516 10.217118156124895
10.217118447699347 10.213560367696829 10.217118447699345
10.21711873927381 10.213560659261162 10.217118739273818
10.217119030848275 10.213560950825478 10.217119030848274
10.21711932242276 10.213561242389837 10.217119322422748
10.217119613997228 10.213561533954175 10.21711961399723
10.217119905571716 10.213561825518534 10.217119905571712
10.21712019714621 10.213562117082903 10.217120197146217
10.217120488720711 10.213562408647288 10.21712048872072
10.217120780295229 10.213562700211657 10.217120780295236
10.217121071869752 10.213562991776039 10.217121071869759
10.217121363444292 10.213563283340443 10.217121363444294
10.217121655018818 10.213563574904857 10.217121655018826
10.217121946593387 10.213563866469272 10.217121946593384
10.217122238167942 10.213564158033696 10.217122238167937
10.217122529742506 10.213564449598138 10.217122529742502
10.21712282131708 10.213564741162566 10.217122821317085
10.217123112891654 10.213565032727015 10.217123112891667
10.217123404466246 10.213565324291473 10.217123404466259
10.217123696040852 10.213565615855938 10.217123696040844
10.217123987615448 10.213565907420406 10.217123987615464
10.217124279190072 10.213566198984884 10.217124279190068
10.217124570764689 10.213566490549386 10.217124570764692
10.217124862339322 10.213566782113885 10.217124862339324
10.217125153913965 10.213567073678387 10.21712515391396
10.217125445488605 10.2135673652429 10.217125445488616
10.217125737063261 10.213567656807435 10.21712573706326
10.217126028637928 10.213567948371958 10.21712602863793
10.21712632021259 10.213568239936484 10.2171263202126
10.217126611787263 10.213568531501027 10.217126611787283
10.21712690336195 10.213568823065593 10.217126903361956
10.217127194936666 10.213569114630143 10.217127194936666
10.21712748651137 10.213569406194733 10.217127486511373
10.21712777808608 10.213569697759304 10.217127778086082
10.2171280696608 10.213569989323888 10.217128069660806
10.217128361235542 10.21357028088848 10.217128361235538
10.217128652810262 10.213570572453088 10.217128652810262
10.217128944385012 10.213570864017704 10.21712894438501
10.217129235959758 10.213571155582335 10.217129235959767
10.21712952753453 10.213571447146945 10.217129527534533
10.217129819109301 10.21357173871159 10.217129819109312
10.21713011068409 10.213572030276238 10.217130110684089
10.217130402258878 10.213572321840902 10.217130402258876
10.217130693833672 10.213572613405567 10.217130693833674
10.21713098540849 10.213572904970238 10.217130985408486
10.217131276983276 10.213573196534908 10.217131276983284
10.217131568558102 10.213573488099604 10.217131568558102
10.217131860132922 10.213573779664292 10.217131860132929
10.21713215170777 10.213574071228987 10.217132151707768
10.217132443282617 10.213574362793704 10.21713244328261
10.21713273485747 10.213574654358428 10.217132734857456
10.217133026432327 10.21357494592313 10.217133026432318
10.217133318007175 10.21357523748788 10.217133318007187
10.21713360958207 10.213575529052612 10.217133609582067
10.217133901156936 10.213575820617361 10.217133901156947
10.217134192731837 10.213576112182116 10.217134192731844
10.217134484306742 10.213576403746904 10.217134484306738
10.217134775881656 10.213576695311676 10.21713477588165
10.217135067456569 10.21357698687646 10.217135067456567
10.217135359031499 10.213577278441251 10.217135359031493
10.217135650606417 10.213577570006038 10.21713565060642
10.217135942181372 10.213577861570863 10.21713594218137
10.217136233756326 10.213578153135693 10.217136233756326
10.217136525331291 10.213578444700499 10.217136525331275
10.217136816906253 10.213578736265324 10.217136816906253
10.21713710848122 10.21357902783018 10.217137108481223
10.217137400056211 10.213579319395027 10.217137400056211
10.217137691631192 10.21357961095988 10.217137691631198
10.2171379832062 10.213579902524767 10.217137983206202
10.217138274781224 10.213580194089635 10.217138274781218
10.21713856635622 10.213580485654505 10.217138566356228
10.217138857931241 10.213580777219398 10.217138857931248
10.217139149506265 10.213581068784288 10.217139149506275
10.217139441081326 10.213581360349206 10.217139441081322
10.217139732656374 10.213581651914131 10.217139732656372
10.217140024231425 10.21358194347905 10.217140024231433
10.21714031580649 10.213582235043972 10.217140315806498
10.217140607381575 10.213582526608926 10.217140607381571
10.217140898956659 10.213582818173885 10.217140898956659
10.217141190531743 10.213583109738828 10.21714119053175
10.21714148210684 10.213583401303799 10.217141482106845
10.217141773681954 10.21358369286877 10.217141773681954
10.217142065257066 10.213583984433743 10.217142065257057
10.217142356832174 10.213584275998729 10.217142356832174
10.217142648407302 10.213584567563728 10.217142648407307
10.217142939982455 10.213584859128744 10.21714293998246
10.217143231557595 10.213585150693753 10.217143231557602
10.217143523132766 10.213585442258774 10.217143523132764
10.217143814707914 10.213585733823802 10.21714381470793
10.217144106283081 10.21358602538885 10.217144106283088
