0.6219540207757501 0.5732863326438041 0.5602651295837926 0.5732863326437984 0.6219540207757476
0.7918041994055378 0.7306840522508912 0.7132366214168665 0.7306840522508851 0.7918041994055341
0.9398646248126724 0.8706738504959027 0.8508659164909805 0.8706738504958957 0.9398646248126685
1.0824116821145493 1.0073194429573047 0.9863593859353305 1.0073194429572971 1.0824116821145449
1.2258141301452605 1.1459652348897593 1.124576679744102 1.1459652348897524 1.2258141301452559
1.3734919081369865 1.289465388356522 1.2680783321345122 1.2894653883565126 1.37349190813698
1.5275963453703016 1.439645693622435 1.418510506216877 1.4396456936224273 1.5275963453702956
1.6896061883320197 1.5978010847611244 1.5770581790411482 1.5978010847611142 1.689606188332013
1.8605825438393693 1.7648978766811259 1.7446206886824724 1.764897876681116 1.8605825438393606
2.041287669543749 1.9416621625449169 1.9218838839116272 1.9416621625449053 2.041287669543741
2.2322407864974836 2.1286173062156015 2.1093476455961246 2.128617306215588 2.2322407864974734
2.433742165303773 2.3260964891757823 2.3073322566459558 2.3260964891757676 2.4337421653037614
2.645880832268077 2.534242685496821 2.5159745061104744 2.534242685496805 2.6458808322680647
2.8685344077337147 2.7530028383305774 2.7352194047431593 2.753002838330561 2.868534407733702
3.101366353136439 2.9821204846265825 2.9648112156680337 2.9821204846265643 3.1013663531364246
3.343824212485425 3.221129817410851 3.2042864583960533 3.2211298174108287 3.3438242124854076
3.595141420426788 3.469353443966555 3.4529709420279175 3.4693534439665297 3.59514142042677
3.8543445138031824 3.7259055587609717 3.709982423042873 3.725905558760947 3.8543445138031616
4.120266937607142 3.9897017447342735 3.9742400271702802 3.989701744734244 4.120266937607123
4.391569997974569 4.259476078110247 4.244481067503599 4.259476078110215 4.391569997974549
4.666770865807 4.533805626121217 4.519285324855629 4.5338056261211825 4.666770865806978
4.944276895770357 4.811141815495565 4.797106256812459 4.81114181549553 4.944276895770325
5.222424941378289 5.089847557207503 5.076308016329789 5.089847557207466 5.222424941378259
5.499523871727507 5.368238496721574 5.355206647418613 5.368238496721533 5.4995238717274795
5.773898179610329 5.644626375606785 5.632113442411272 5.644626375606739 5.773898179610296
6.043930449432091 5.917362285179985 5.9053782386342135 5.917362285179934 6.043930449432058
6.30810053865255 6.184877590115901 6.173430427222444 6.184877590115847 6.308100538652506
6.56501960398495 6.4457204979863025 6.434815642291252 6.445720497986244 6.565019603984916
6.8134575346811745 6.698586621539995 6.688226467426026 6.6985866215399374 6.813457534681136
7.052362883735892 6.942342375070132 6.932525989751247 6.942342375070067 7.05236288373585
7.280874949773162 7.176040602790777 7.166763588261018 7.176040602790712 7.280874949773114
7.4983281961369865 7.398928391938215 7.390182898803365 7.3989283919381394 7.498328196136925
7.7042496488751135 7.610447520025162 7.6022223966200455 7.610447520025091 7.70424964887507
7.898350258179229 7.8102283826619106 7.802509436698984 7.810228382661832 7.898350258179165
8.0805114234048 7.998078522238482 7.990848868669538 7.998078522238399 8.080511423404749
8.25076797225252 8.17396702340408 8.167207491104346 8.173967023403995 8.250767972252449
8.409288865659848 8.338006068897721 8.33169563984834 8.338006068897624 8.409288865659782
8.556356795456765 8.4904308798119 8.484547137155062 8.49043087981181 8.55635679545672
8.692347679310595 8.631579124333339 8.626098689440122 8.631579124333243 8.692347679310528
8.81771086358399 8.761870695886369 8.756769638870576 8.76187069588628 8.817710863583928
8.932950642425274 8.881788560334968 8.87704277280693 8.881788560334881 8.932950642425213
9.038609508399567 8.991861172681842 8.987446695616326 8.991861172681746 9.038609508399514
9.13525337827227 9.092646781111714 9.088540084271338 9.092646781111615 9.135253378272209
9.2234588939162 9.184719779290836 9.1808979915783 9.184719779290736 9.223458893916133
9.30380278514295 9.2686591407845 9.265100233156936 9.268659140784392 9.303802785142885
9.376853197744644 9.3450388727817 9.341721796979229 9.345038872781595 9.37685319774457
9.443162833256146 9.414420357917729 9.411325145305419 9.414420357917617 9.443162833256068
9.503263712835848 9.477346409195542 9.47445423458791 9.477346409195448 9.50326371283578
9.55766336172961 9.534336839444068 9.531630054972295 9.534336839443966 9.557663361729542
9.606842208652406 9.585885338934245 9.58334748292584 9.58588533893413 9.606842208652337
9.651252002156959 9.632457458534954 9.63007324408775 9.632457458534844 9.651252002156903
9.691315060315754 9.674489507503568 9.672244795023337 9.674489507503454 9.691315060315677
9.72742418813696 9.712388191687095 9.710269949177727 9.712388191686992 9.727424188136895
9.7599431170054 9.746530837221107 9.744527091611427 9.746530837221004 9.759943117005315
9.789207340581118 9.777266065009542 9.775365847303105 9.777266065009426 9.789207340581054
9.8155252409738 9.804914801117377 9.803108087681325 9.804914801117258 9.815525240973727
9.839179416975671 9.829771526892413 9.828049178772329 9.829771526892292 9.839179416975599
9.860428142318181 9.852105689664766 9.85045939143056 9.85210568966466 9.860428142318124
9.879506896154107 9.872163210008592 9.870585409304178 9.872163210008472 9.879506896154016
9.8966299202516 9.890168034720695 9.888651883406693 9.89016803472057 9.896629920251542
9.911991767808752 9.906323695926151 9.904862993466832 9.906323695926035 9.911991767808676
9.925768817499344 9.920814846185593 9.91940398573513 9.92081484618547 9.925768817499264
9.938120733529477 9.93380874732184 9.932442664805608 9.933808747321725 9.938120733529406
9.949191858301598 9.945456697091311 9.944130823450536 9.945456697091188 9.949191858301514
9.95911252894144 9.955895382987647 9.95460559965593 9.955895382987526 9.959112528941374
9.968000312617498 9.965248156565014 9.963990754168405 9.965248156564908 9.9680003126174
9.975961158433424 9.97362622487395 9.972397865088642 9.973626224873833 9.975961158433348
9.983090465846528 9.981129758065475 9.979927438524989 9.981129758065356 9.983090465846468
9.989474071180199 9.987848914073043 9.986669936187528 9.987848914072924 9.989474071180114
9.995189154968598 9.99386478264027 9.992706722171219 9.993864782640152 9.995189154968529
10.00030507368163 9.999250251925117 9.998110932147425 9.999250251925 10.000305073681538
10.004884119907057 10.004070801558461 10.002948268836658 10.004070801558344 10.004884119906992
10.008982215376983 10.008385226436427 10.007277728041263 10.008385226436301 10.008982215376916
10.012649541365397 10.012246295736622 10.011152259731295 10.0122462957365 10.012649541365318
10.015931110998954 10.015701351714986 10.014619368745649 10.015701351714869 10.015931110998878
10.018867287942582 10.018792852798166 10.017721659630771 10.018792852798057 10.01886728794251
10.021494255775016 10.021558865366893 10.020497330020575 10.021558865366778 10.021494255774925
10.023844442176442 10.024033508450577 10.022980616787203 10.02403350845046 10.02384444217638
10.025946901827968 10.026247355342193 10.025202198980649 10.026247355342074 10.02594690182789
10.027827661681059 10.028227795907792 10.027189561341437 10.028227795907675 10.02782766168098
10.029510032008956 10.029999363119371 10.028967321924172 10.029999363119252 10.029510032008863
10.031014886401234 10.031584027089773 10.030557527119697 10.03158402708966 10.031014886401154
10.032360913620133 10.033001459641515 10.031979917116223 10.033001459641397 10.032360913620044
10.03356484399963 10.034269272200259 10.03325216459862 10.034269272200147 10.033564843999548
10.034641652844508 10.035403229573541 10.034390089253733 10.035403229573426 10.03464165284444
10.0356047430723 10.036417441955782 10.035407850430202 10.036417441955665 10.035604743072238
10.036466109142214 10.03732453729493 10.03631812009465 10.037324537294806 10.036466109142129
10.037236484128737 10.038135815963416 10.037132238033026 10.038135815963297 10.037236484128654
10.037925471625732 10.03886138949775 10.037860351066854 10.038861389497642 10.037925471625654
10.038541664007486 10.039510305005228 10.038511537888613 10.039510305005106 10.038541664007418
10.039092748427498 10.040090656685223 10.039093920967712 10.04009065668511 10.039092748427421
10.039585601802328 10.040609685772816 10.039614766839476 10.040609685772697 10.03958560180225
10.04002637590581 10.041073870084979 10.040080575961312 10.041073870084867 10.040026375905743
10.040420573587712 10.041489004234188 10.04049716320431 10.04148900423407 10.040420573587639
10.040773117030268 10.041860271468163 10.040869729942218 10.041860271468035 10.040773117030207
10.041088408864587 10.042192307999064 10.041202928604145 10.042192307998949 10.041088408864521
10.041370386885681 10.04248926059876 10.041500920469923 10.042489260598646 10.041370386885605
10.041622573030565 10.042754838157679 10.041767427408532 10.042754838157562 10.041622573030466
10.04184811721567 10.042992357834702 10.042005778188601 10.042992357834578 10.041848117215604
10.04204983656948 10.043204786360896 10.042218949926065 10.043204786360786 10.042049836569412
10.042230250540133 10.043394777002437 10.042409605176001 10.043394777002325 10.04223025054006
10.042391612310036 10.043564702636068 10.042580125123475 10.043564702635944 10.042391612309954
10.042535936903112 10.043716685343584 10.042732639281295 10.043716685343455 10.042535936903025
10.042665026331873 10.04385262289008 10.042869052060755 10.043852622889965 10.042665026331798
10.042780492094211 10.043974212412422 10.042991066542779 10.04397421241231 10.042780492094138
10.042883775298563 10.044082971610766 10.043100205743588 10.04408297161064 10.042883775298469
10.042976164666399 10.04418025770546 10.043197831637855 10.044180257705335 10.042976164666326
10.043058812635513 10.044267284394188 10.043285162175014 10.04426728439407 10.043058812635438
10.043132749763533 10.044345137019699 10.043363286500218 10.04434513701957 10.043132749763442
10.043198897610933 10.044414786136374 10.043433178568264 10.044414786136254 10.043198897610859
10.043258080263834 10.044477099644578 10.043495709320377 10.044477099644455 10.043258080263751
10.043311034639446 10.044532853643291 10.04355165757494 10.04453285364317 10.043311034639377
10.04335841970313 10.04458274213657 10.04360171976777 10.044582742136445 10.043358419703058
10.043400824711366 10.044627385714238 10.043646518663344 10.044627385714119 10.043400824711279
10.04343877658365 10.044667339315541 10.043686611145516 10.044667339315422 10.043438776583578
10.043472746495462 10.044703099172146 10.043722495184928 10.044703099172022 10.043472746495393
10.04350315577399 10.044735109017267 10.043754616069842 10.044735109017148 10.043503155773898
10.043530381170694 10.044763765638505 10.043783371978352 10.04476376563838 10.043530381170624
10.04355475957663 10.044789423843469 10.04380911896155 10.044789423843355 10.043554759576535
10.043576592238672 10.044812400900486 10.043832175399645 10.044812400900375 10.043576592238603
10.04359614853051 10.04483298050966 10.043852825987043 10.04483298050954 10.04359614853045
10.043613669324289 10.044851416354037 10.043871325295838 10.044851416353918 10.043613669324234
10.043629370005966 10.044867935275086 10.043887900962561 10.044867935274967 10.043629370005903
10.043643443171668 10.044882740112525 10.043902756537834 10.044882740112406 10.043643443171575
10.043656061038734 10.04489601224354 10.04391607403455 10.044896012243427 10.043656061038636
10.043667377601961 10.044907913853608 10.043928016206605 10.04490791385348 10.043667377601881
10.043677530561567 10.044918589966972 10.043938728586559 10.044918589966853 10.043677530561485
10.04368664304715 10.044928170262418 10.043948341307702 10.044928170262299 10.04368664304708
10.043694825159488 10.044936770696884 10.043956970733399 10.04493677069676 10.043694825159399
10.043702175348962 10.044944494957358 10.043964720914072 10.044944494957257 10.043702175348896
10.043708781648471 10.044951435759177 10.043971684889986 10.04495143575906 10.043708781648387
10.043714722775471 10.044957676006844 10.043977945856247 10.044957676006723 10.043714722775396
10.043720069117905 10.044963289832246 10.043983578204589 10.044963289832125 10.04372006911783
10.043724883615395 10.044968343522848 10.043988648454793 10.044968343522722 10.043724883615326
10.04372922254747 10.044972896351718 10.043993216087708 10.044972896351588 10.043729222547386
10.043733136238245 10.044977001319797 10.043997334290047 10.04497700131969 10.043733136238169
10.04373666968664 10.044980705819599 10.044001050620396 10.044980705819485 10.043736669686565
10.043739863129863 10.044984052228576 10.044004407604781 10.044984052228456 10.043739863129794
10.043742752547292 10.044987078439878 10.044007443269157 10.04498707843975 10.043742752547203
10.043745370110896 10.044989818336834 10.044010191615628 10.044989818336722 10.043745370110825
10.043747744588357 10.044992302217302 10.04401268304822 10.044992302217178 10.04374774458829
10.043749901703121 10.04499455717296 10.04401494475363 10.044994557172853 10.043749901703041
10.043751864456551 10.044996607428757 10.044017001041654 10.044996607428637 10.043751864456471
10.043753653416061 10.04499847464609 10.044018873649643 10.044998474645963 10.043753653415985
10.043755286972637 10.045000178194163 10.044020582014685 10.04500017819405 10.043755286972551
10.043756781571057 10.045001735392558 10.044022143517088 10.045001735392448 10.04375678157097
10.04375815191596 10.045003161728104 10.044023573697935 10.045003161727982 10.043758151915906
10.043759411155975 10.045004471048767 10.044024886453737 10.04500447104864 10.04375941115592
10.043760571048301 10.045005675737121 10.044026094210507 10.045005675737007 10.04376057104823
10.043761642105945 10.045006786865466 10.044027208079315 10.045006786865343 10.043761642105869
10.043762633729472 10.045007814334381 10.044028237995454 10.045007814334253 10.043762633729399
10.043763554324666 10.045008766996757 10.044029192842851 10.045008766996638 10.043763554324586
10.043764411407814 10.045009652768709 10.04403008056535 10.045009652768588 10.043764411407722
10.043765211699768 10.045010478728614 10.04403090826616 10.045010478728486 10.043765211699698
10.043765961210287 10.045011251205835 10.044031682296833 10.045011251205723 10.043765961210196
10.043766665313067 10.045011975859973 10.044032408336777 10.045011975859858 10.043766665312978
10.043767328813207 10.045012657751695 10.044033091464431 10.04501265775158 10.043767328813116
10.0437679560073 10.045013301406172 10.044033736220804 10.04501330140604 10.043767956007216
10.043768550737303 10.045013910869685 10.044034346666377 10.045013910869564 10.04376855073722
10.043769116438586 10.045014489760371 10.044034926431946 10.045014489760254 10.043769116438508
10.043769656183013 10.045015041313464 10.04403547876412 10.045015041313345 10.043769656182928
10.043770172717345 10.045015568421858 10.044036006565907 10.045015568421746 10.043770172717267
10.043770668497716 10.045016073672333 10.044036512433149 10.045016073672214 10.043770668497642
10.043771145720306 10.045016559377883 10.044036998686964 10.045016559377776 10.04377114572024
10.04377160634896 10.045017027606807 10.044037467402887 10.045017027606686 10.043771606348875
10.043772052139609 10.045017480208466 10.044037920436786 10.045017480208351 10.043772052139538
10.043772484662458 10.04501791883658 10.044038359448143 10.045017918836454 10.0437724846624
10.043772905321534 10.045018344969815 10.044038785920835 10.04501834496971 10.04377290532147
10.043773315372256 10.045018759930427 10.04403920118174 10.045018759930304 10.043773315372169
10.043773715937197 10.045019164900687 10.044039606417282 10.045019164900573 10.043773715937117
10.043774108020177 10.045019560937801 10.044040002688353 10.045019560937689 10.043774108020102
10.043774492518759 10.045019948987076 10.044040390943604 10.045019948986962 10.043774492518674
10.043774870235518 10.045020329893795 10.044040772031257 10.045020329893688 10.043774870235445
10.043775241888135 10.04502070441382 10.044041146709795 10.04502070441369 10.043775241888067
10.043775608118326 10.04502107322295 10.044041515657455 10.04502107322283 10.043775608118255
10.04377596949989 10.04502143692554 10.044041879480682 10.045021436925431 10.043775969499812
10.043776326545924 10.045021796061976 10.04404223872174 10.045021796061864 10.043776326545839
10.043776679715176 10.045022151115463 10.044042593865536 10.045022151115333 10.043776679715105
10.04377702941795 10.045022502518032 10.04404294534562 10.04502250251791 10.043777029417877
10.043777376021042 10.045022850656046 10.0440432935497 10.045022850655933 10.04377737602097
10.043777719852478 10.045023195874968 10.044043638824462 10.045023195874856 10.043777719852399
10.043778061205535 10.0450235384837 10.044043981479884 10.045023538483576 10.043778061205467
10.043778400342498 10.045023878758448 10.04404432179314 10.045023878758329 10.04377840034244
10.043778737497906 10.045024216946208 10.044044660012082 10.045024216946084 10.043778737497824
10.043779072881392 10.045024553267814 10.044044996358352 10.045024553267698 10.043779072881312
10.043779406680507 10.045024887920766 10.044045331030105 10.045024887920642 10.04377940668042
10.043779739062863 10.045025221081628 10.044045664204525 10.045025221081508 10.043779739062792
10.043780070178448 10.045025552908298 10.044045996040094 10.045025552908173 10.04378007017837
10.04378040016128 10.045025883541959 10.044046326678481 10.045025883541829 10.043780400161197
10.04378072913121 10.04502621310886 10.044046656246346 10.045026213108748 10.043780729131138
10.04378105719545 10.045026541721892 10.044046984857022 10.045026541721777 10.043781057195387
10.043781384449886 10.045026869481992 10.044047312611767 10.045026869481882 10.043781384449783
10.043781710980097 10.045027196479428 10.044047639601171 10.045027196479323 10.043781710980031
10.043782036862842 10.045027522794898 10.044047965906215 10.045027522794799 10.043782036862764
10.04378236216657 10.045027848500581 10.044048291599339 10.045027848500466 10.043782362166487
10.043782686952591 10.045028173660992 10.044048616745272 10.045028173660873 10.043782686952495
10.04378301127563 10.045028498333831 10.044048941401932 10.045028498333714 10.04378301127556
10.04378333518476 10.045028822570705 10.0440492656211 10.04502882257059 10.043783335184672
10.04378365872372 10.045029146417734 10.04404958944907 10.045029146417637 10.043783658723653
10.043783981931721 10.045029469916196 10.044049912927232 10.045029469916082 10.043783981931643
10.043784304843767 10.045029793102973 10.044050236092612 10.04502979310286 10.04378430484369
10.043784627491178 10.04503011601104 10.04405055897831 10.045030116010924 10.043784627491112
10.043784949901974 10.045030438669887 10.044050881613908 10.045030438669775 10.043784949901914
10.043785272101196 10.045030761105904 10.04405120402591 10.045030761105782 10.043785272101125
10.043785594111217 10.045031083342645 10.044051526237938 10.045031083342536 10.043785594111132
10.043785915952034 10.04503140540123 10.044051848271172 10.045031405401108 10.043785915951977
10.043786237641621 10.045031727300493 10.044052170144534 10.045031727300378 10.043786237641548
10.043786559195947 10.045032049057301 10.044052491874934 10.045032049057182 10.043786559195865
10.043786880629293 10.045032370686732 10.044052813477517 10.045032370686606 10.04378688062923
10.043787201954531 10.045032692202264 10.044053134965797 10.045032692202138 10.043787201954453
10.04378752318306 10.045033013615944 10.044053456351882 10.045033013615829 10.04378752318298
10.04378784432511 10.045033334938564 10.044053777646576 10.04503333493844 10.043787844325035
10.043788165389863 10.045033656179747 10.044054098859561 10.04503365617963 10.043788165389763
10.043788486385456 10.045033977348133 10.044054419999478 10.045033977348002 10.043788486385376
10.04378880731925 10.045034298451393 10.044054741074055 10.04503429845128 10.043788807319165
10.04378912819776 10.04503461949645 10.044055062090205 10.045034619496333 10.043789128197677
10.043789449026846 10.045034940489463 10.044055383054141 10.045034940489337 10.04378944902677
10.043789769811724 10.045035261435926 10.044055703971353 10.045035261435803 10.043789769811667
10.04379009055714 10.04503558234076 10.044056024846814 10.045035582340642 10.043790090557048
10.0437904112672 10.04503590320839 10.044056345684929 10.04503590320827 10.043790411267098
10.043790731945638 10.045036224042752 10.044056666489647 10.045036224042626 10.04379073194557
10.043791052595845 10.045036544847354 10.044056987264513 10.045036544847235 10.04379105259577
10.04379137322081 10.045036865625349 10.044057308012677 10.045036865625244 10.043791373220722
10.043791693823158 10.045037186379576 10.04405762873698 10.045037186379457 10.043791693823092
10.043792014405359 10.045037507112534 10.044057949439944 10.045037507112406 10.04379201440527
10.043792334969469 10.045037827826475 10.044058270123834 10.045037827826356 10.043792334969401
10.04379265551747 10.045038148523403 10.04405859079065 10.045038148523295 10.04379265551738
10.043792976051007 10.045038469205137 10.0440589114422 10.045038469205018 10.043792976050918
10.043793296571627 10.045038789873265 10.04405923208012 10.04503878987316 10.043793296571558
10.043793617080745 10.045039110529252 10.044059552705848 10.045039110529137 10.043793617080658
10.04379393757953 10.045039431174382 10.044059873320666 10.045039431174256 10.043793937579448
10.04379425806907 10.045039751809782 10.044060193925732 10.045039751809655 10.043794258069
10.043794578550388 10.045040072436493 10.044060514522094 10.045040072436375 10.043794578550319
10.04379489902431 10.045040393055443 10.044060835110649 10.045040393055329 10.043794899024258
10.043795219491669 10.04504071366746 10.044061155692242 10.04504071366734 10.0437952194916
10.043795539953141 10.045041034273272 10.044061476267611 10.045041034273147 10.043795539953056
10.043795860409316 10.045041354873504 10.044061796837415 10.045041354873392 10.043795860409245
10.043796180860815 10.0450416754688 10.04406211740224 10.045041675468697 10.04379618086073
10.043796501308073 10.045041996059666 10.044062437962603 10.045041996059549 10.043796501307991
10.043796821751565 10.04504231664655 10.044062758518994 10.045042316646436 10.043796821751489
10.043797142191698 10.045042637229908 10.04406307907182 10.045042637229797 10.043797142191625
10.043797462628833 10.045042957810088 10.044063399621473 10.045042957809969 10.043797462628772
10.043797783063287 10.045043278387435 10.044063720168284 10.04504327838731 10.043797783063207
10.043798103495325 10.045043598962241 10.044064040712557 10.045043598962142 10.043798103495241
10.043798423925205 10.04504391953481 10.04406436125456 10.045043919534693 10.04379842392513
10.043798744353191 10.045044240105334 10.044064681794525 10.045044240105216 10.04379874435311
10.043799064779453 10.045044560674057 10.044065002332696 10.045044560673944 10.043799064779366
10.043799385204156 10.045044881241171 10.044065322869235 10.045044881241065 10.04379938520409
10.043799705627528 10.045045201806854 10.044065643404334 10.045045201806735 10.04379970562745
10.043800026049661 10.04504552237124 10.044065963938124 10.045045522371112 10.043800026049588
10.04380034647072 10.045045842934472 10.044066284470775 10.045045842934345 10.04380034647063
10.043800666890778 10.045046163496666 10.044066605002385 10.045046163496556 10.043800666890707
10.043800987309966 10.045046484057949 10.044066925533079 10.045046484057842 10.043800987309893
10.043801307728385 10.04504680461843 10.044067246062944 10.045046804618305 10.043801307728314
10.043801628146117 10.045047125178153 10.044067566592078 10.045047125178034 10.043801628146026
10.043801948563207 10.045047445737234 10.044067887120555 10.045047445737115 10.043801948563132
10.04380226897976 10.045047766295733 10.04406820764844 10.045047766295612 10.04380226897968
10.043802589395824 10.045048086853704 10.044068528175819 10.045048086853589 10.043802589395739
10.043802909811413 10.045048407411212 10.044068848702713 10.045048407411084 10.04380290981134
10.04380323022666 10.045048727968306 10.044069169229205 10.045048727968188 10.043803230226567
10.043803550641528 10.045049048525033 10.044069489755321 10.045049048524918 10.043803550641442
10.043803871056062 10.045049369081426 10.044069810281107 10.045049369081314 10.043803871056003
10.04380419147034 10.045049689637537 10.044070130806602 10.045049689637414 10.043804191470276
10.043804511884371 10.045050010193373 10.044070451331827 10.045050010193254 10.043804511884314
10.043804832298191 10.045050330748973 10.044070771856822 10.04505033074886 10.04380483229813
10.04380515271182 10.045050651304386 10.044071092381607 10.04505065130427 10.043805152711741
10.04380547312526 10.0450509718596 10.044071412906215 10.045050971859483 10.043805473125184
10.043805793538553 10.045051292414653 10.044071733430663 10.04505129241454 10.04380579353847
10.043806113951696 10.045051612969568 10.04407205395495 10.04505161296946 10.043806113951627
10.043806434364736 10.045051933524352 10.044072374479118 10.045051933524237 10.043806434364647
10.043806754777654 10.045052254079023 10.044072695003173 10.045052254078907 10.04380675477757
10.043807075190468 10.04505257463359 10.044073015527111 10.045052574633473 10.043807075190404
10.043807395603205 10.045052895188068 10.044073336050978 10.04505289518795 10.043807395603142
10.043807716015875 10.045053215742465 10.04407365657476 10.04505321574235 10.043807716015811
10.043808036428498 10.0450535362968 10.044073977098464 10.045053536296683 10.043808036428409
10.043808356841033 10.045053856851066 10.04407429762213 10.045053856850949 10.043808356840954
10.043808677253521 10.045054177405287 10.044074618145714 10.045054177405156 10.043808677253448
10.043808997665971 10.045054497959454 10.044074938669267 10.045054497959336 10.043808997665902
10.043809318078385 10.045054818513579 10.044075259192777 10.045054818513456 10.043809318078312
10.043809638490767 10.045055139067667 10.044075579716242 10.04505513906755 10.043809638490696
10.04380995890311 10.045055459621738 10.044075900239681 10.045055459621619 10.043809958903044
10.043810279315446 10.045055780175776 10.044076220763106 10.045055780175659 10.043810279315373
10.043810599727763 10.045056100729798 10.04407654128652 10.045056100729678 10.043810599727685
10.04381092014004 10.045056421283787 10.044076861809891 10.04505642128367 10.043810920139974
10.043811240552351 10.045056741837767 10.044077182333236 10.045056741837643 10.043811240552245
10.043811560964564 10.045057062391734 10.044077502856593 10.04505706239161 10.043811560964507
10.043811881376836 10.045057382945682 10.04407782337992 10.045057382945565 10.043811881376767
10.043812201789079 10.045057703499635 10.044078143903242 10.045057703499513 10.043812201789
10.043812522201314 10.045058024053583 10.044078464426564 10.045058024053455 10.043812522201241
10.043812842613558 10.045058344607511 10.044078784949884 10.045058344607387 10.043812842613479
10.043813163025783 10.045058665161449 10.044079105473186 10.045058665161324 10.043813163025717
10.043813483438026 10.045058985715375 10.044079425996497 10.045058985715254 10.04381348343795
10.043813803850243 10.045059306269296 10.044079746519813 10.045059306269183 10.043813803850176
10.043814124262477 10.045059626823237 10.044080067043117 10.045059626823113 10.043814124262408
10.043814444674725 10.045059947377167 10.044080387566435 10.045059947377048 10.043814444674645
10.043814765086948 10.045060267931111 10.044080708089751 10.045060267930985 10.043814765086884
10.043815085499197 10.045060588485056 10.044081028613073 10.04506058848492 10.043815085499133
10.043815405911467 10.045060909038993 10.04408134913639 10.045060909038877 10.043815405911387
10.043815726323706 10.045061229592948 10.044081669659727 10.045061229592818 10.043815726323636
10.043816046735953 10.045061550146892 10.044081990183058 10.045061550146773 10.043816046735893
