0.6894064153535925 0.6213429191112669 0.6213429191112653 0.6894064153535954
0.904777453809496 0.8281347608423391 0.8281347608423354 0.9047774538094998
1.10633024609304 1.0267923000013057 1.0267923000013006 1.1063302460930446
1.3128686105364027 1.2320405610056164 1.2320405610056093 1.3128686105364082
1.5318099458684666 1.4500211995183512 1.4500211995183419 1.531809945868473
1.7671556042244816 1.6843134840686353 1.6843134840686234 1.7671556042244896
2.0213468069115947 1.937256172900823 1.937256172900807 2.0213468069116036
2.295835236738694 2.210332999790283 2.2103329997902623 2.2958352367387054
2.59125812485646 2.5042752189585347 2.50427521895851 2.5912581248564734
2.9074718255204375 2.8190633617198593 2.8190633617198295 2.9074718255204526
3.2435402790208974 3.1538990181279307 3.1538990181278947 3.2435402790209165
3.597724966068189 3.5071833466327273 3.507183346632683 3.5977249660682094
3.967503185635358 3.8765253706660388 3.8765253706659877 3.9675031856353797
4.349630434987518 4.258794792486038 4.258794792485981 4.3496304349875485
4.7402536426678035 4.650226359255892 4.650226359255822 4.740253642667835
5.135073191102259 5.046574620461698 5.046574620461621 5.135073191102296
5.529543308920709 5.443309692909217 5.443309692909122 5.529543308920748
5.919093648485105 5.835837642368699 5.835837642368598 5.919093648485149
6.299350953831365 6.219724676525416 6.2197246765253045 6.299350953831415
6.666339465770883 6.590903473494027 6.590903473493902 6.666339465770938
7.01664207957908 6.945842789136065 6.945842789135934 7.016642079579139
7.347510386972977 7.28166725474708 7.281667254746927 7.3475103869730445
7.656919141998684 7.5962216068495625 7.596221606849407 7.656919141998749
7.943567811770069 7.888080888888209 7.88808088888804 7.943567811770141
8.206837444506716 8.156514085833201 8.156514085833026 8.20683744450679
8.446714426256165 8.401412404669378 8.401412404669193 8.446714426256243
8.663693739589752 8.623194832756095 8.6231948327559 8.663693739589831
8.858673490912087 8.822703036458956 8.822703036458751 8.858673490912173
9.032850389112445 9.001095733003698 9.001095733003478 9.03285038911253
9.187623212589259 9.159750065617226 9.159750065616993 9.187623212589362
9.32450864524909 9.300174816673632 9.300174816673414 9.324508645249193
9.445071557091293 9.423937902791149 9.423937902790904 9.445071557091381
9.55087002754144 9.532608715963283 9.532608715963049 9.550870027541519
9.6434141910264 9.627714558310071 9.627714558309822 9.643414191026492
9.724137263939108 9.710709616277974 9.710709616277722 9.724137263939213
9.794376785794705 9.782954533079154 9.782954533078904 9.794376785794801
9.855364061543494 9.845704551700653 9.845704551700402 9.855364061543618
9.908219924712153 9.900104309703682 9.900104309703428 9.908219924712252
9.953955171171899 9.947187586005251 9.947187586004995 9.953955171172005
9.99347428234991 9.98788056636534 9.987880566365082 9.993474282350004
10.027581326172234 10.023007466647517 10.023007466647261 10.027581326172346
10.056987171431823 10.053297606059488 10.05329760605923 10.05698717143192
10.08231736555652 10.079393243742794 10.079393243742526 10.082317365556628
10.104120203494805 10.101857676760973 10.101857676760707 10.104120203494908
10.122874657843331 10.121183246322028 10.12118324632176 10.122874657843445
10.138997951091513 10.137799015349083 10.1377990153488 10.138997951091625
10.15285263466617 10.15207796891119 10.152077968910932 10.152852634666283
10.164753101193828 10.164343654447288 10.164343654447029 10.164753101193936
10.174971500581332 10.174876225780682 10.174876225780414 10.174971500581446
10.183743061097227 10.183917887701933 10.183917887701666 10.183743061097344
10.191270836913299 10.191677759813368 10.191677759813103 10.191270836913414
10.197729916205443 10.19833619216281 10.198336192162543 10.197729916205558
10.203271131016374 10.204048573146487 10.204048573146205 10.203271131016498
10.2080243132714 10.208948673935726 10.208948673935458 10.208024313271522
10.212101141837934 10.21315157457113 10.213151574570864 10.212101141838035
10.215597624241022 10.21675621583512 10.21675621583486 10.215597624241134
10.218596254257532 10.219847618765849 10.219847618765577 10.21859625425766
10.221167883583536 10.222498810716635 10.222498810716367 10.221167883583663
10.223373342441782 10.224772493556554 10.224772493556276 10.223373342441882
10.225264840592054 10.22672248618882 10.226722486188537 10.22526484059215
10.226887176880204 10.228394970202565 10.228394970202304 10.22688717688031
10.228278782303848 10.22982956426799 10.229829564267714 10.228278782303972
10.229472618640523 10.231060249899096 10.231060249898821 10.229472618640639
10.230496952001673 10.232116168471377 10.23211616847111 10.23049695200179
10.231376018254371 10.233022306904191 10.23302230690392 10.23137601825448
10.23213059508324 10.233800087197782 10.233800087197517 10.232130595083344
10.232778493540641 10.23446787304069 10.234467873040426 10.232778493540748
10.233334980231973 10.235041404957986 10.235041404957714 10.233334980232094
10.233813139789843 10.23553417393739 10.235534173937127 10.233813139789941
10.234224185982775 10.235957742126294 10.235957742126027 10.234224185982905
10.23457772866555 10.236322018021111 10.236322018020829 10.234577728665668
10.234882002784786 10.236635492550072 10.236635492549803 10.234882002784897
10.235144064795017 10.236905441565616 10.23690544156535 10.235144064795117
10.23536996109384 10.237138099495134 10.23713809949486 10.235369961093957
10.235564872441676 10.237338808235965 10.237338808235693 10.235564872441804
10.23573323777437 10.23751214480753 10.237512144807262 10.235733237774474
10.23587886033789 10.237662030779225 10.237662030778962 10.235878860338019
10.236004998661299 10.237791826067221 10.237791826066953 10.236004998661429
10.236114444526981 10.237904409326198 10.237904409325932 10.236114444527102
10.236209589792928 10.238002246847676 10.2380022468474 10.236209589793038
10.236292483657126 10.238087451603905 10.238087451603645 10.236292483657238
10.236364881729228 10.238161833844957 10.238161833844693 10.23636488172935
10.236428288079457 10.238226944454931 10.23822694445467 10.236428288079575
10.23648399126877 10.238284112102654 10.238284112102386 10.236483991268878
10.236533095220576 10.238334475073591 10.238334475073318 10.23653309522069
10.236576545672245 10.23837900854413 10.23837900854386 10.236576545672367
10.236615152838308 10.238418547949907 10.238418547949637 10.236615152838414
10.236649610827877 10.238453809007382 10.238453809007105 10.23664961082797
10.236680514280598 10.238485404867513 10.238485404867248 10.236680514280703
10.236708372619777 10.238513860812295 10.23851386081204 10.23670837261989
10.236733622263309 10.238539626845812 10.238539626845537 10.236733622263422
10.236756637085216 10.238563088481357 10.23856308848109 10.236756637085328
10.236777737378388 10.238584575983127 10.238584575982856 10.236777737378508
10.23679719753298 10.238604372283628 10.238604372283355 10.236797197533095
10.23681525261466 10.238622719766683 10.238622719766415 10.236815252614775
10.236832104000182 10.238639826078414 10.238639826078154 10.2368321040003
10.236847924205392 10.238655869105571 10.238655869105305 10.236847924205524
10.236862861021468 10.238671001240455 10.238671001240181 10.23686286102158
10.236877041058172 10.238685353034594 10.238685353034322 10.236877041058273
10.236890572779608 10.238699036328933 10.238699036328665 10.236890572779714
10.236903549104815 10.238712146935356 10.238712146935086 10.23690354910492
10.236916049635537 10.238724766933906 10.238724766933633 10.23691604963565
10.236928142564974 10.238736966640802 10.238736966640545 10.236928142565082
10.236939886312761 10.238748806294529 10.238748806294259 10.236939886312868
10.236951330925727 10.238760337500043 10.238760337499773 10.236951330925839
10.236962519277945 10.238771604466208 10.238771604465938 10.236962519278041
10.236973488098592 10.238782645065765 10.2387826450655 10.23697348809871
10.236984268852853 10.238793491743488 10.23879349174321 10.236984268852982
10.236994888496213 10.238804172294039 10.238804172293769 10.236994888496326
10.237005370120771 10.238814710528526 10.238814710528255 10.237005370120889
10.2370157335091 10.238825126845406 10.23882512684514 10.237015733509221
10.237025995608427 10.238835438719525 10.238835438719262 10.237025995608528
10.237036170937062 10.238845661121202 10.238845661120932 10.237036170937168
10.237046271932536 10.238855806875199 10.23885580687493 10.237046271932657
10.237056309249768 10.238865886968163 10.238865886967892 10.23705630924988
10.237066292016618 10.23887591081213 10.23887591081185 10.237066292016706
10.237076228052658 10.238885886470145 10.238885886469879 10.237076228052768
10.237086124056793 10.23889582084967 10.238895820849395 10.237086124056907
10.237095985767818 10.238905719868137 10.238905719867875 10.23709598576794
10.237105818102028 10.238915588594908 10.238915588594645 10.237105818102128
10.237115625271011 10.23892543137276 10.238925431372493 10.237115625271123
10.23712541088285 10.238935251922056 10.238935251921792 10.237125410882976
10.237135178028499 10.23894505342997 10.238945053429694 10.237135178028607
10.237144929355841 10.238954838626833 10.238954838626567 10.237144929355937
10.237154667133254 10.2389646098517 10.23896460985143 10.237154667133385
10.237164393304122 10.23897436910835 10.238974369108078 10.237164393304221
10.237174109533148 10.238984118113425 10.238984118113153 10.237174109533242
10.237183817246537 10.23899385833747 10.238993858337201 10.23718381724665
10.23719351766605 10.239003591040323 10.239003591040053 10.23719351766617
10.237203211838391 10.23901331730121 10.23901331730094 10.237203211838496
10.237212900660163 10.239023038044712 10.239023038044444 10.237212900660268
10.237222584899525 10.239032754062897 10.239032754062633 10.237222584899627
10.237232265214526 10.2390424660343 10.239042466034029 10.237232265214638
10.237241942168907 10.23905217454018 10.23905217453992 10.237241942169028
10.237251616245622 10.239061880078552 10.239061880078292 10.237251616245732
10.237261287858363 10.239071583076004 10.239071583075722 10.237261287858482
10.237270957361574 10.239081283897976 10.239081283897713 10.2372709573617
10.237280625058885 10.239090982857581 10.239090982857308 10.237280625059007
10.23729029121043 10.239100680223023 10.239100680222757 10.237290291210536
10.237299956038994 10.239110376224064 10.239110376223792 10.237299956039099
10.237309619735509 10.239120071057547 10.239120071057274 10.237309619735617
10.237319282463494 10.239129764892095 10.239129764891835 10.237319282463602
10.237328944363039 10.23913945787217 10.239139457871905 10.237328944363155
10.237338605554182 10.239149150121545 10.239149150121278 10.237338605554292
10.237348266139739 10.23915884174619 10.239158841745924 10.23734826613984
10.237357926207771 10.23916853283697 10.239168532836711 10.237357926207869
10.237367585833725 10.239178223471674 10.239178223471411 10.237367585833846
10.237377245082293 10.23918791371697 10.239187913716702 10.237377245082417
10.237386904008819 10.239197603629954 10.23919760362968 10.23738690400893
10.237396562660741 10.239207293259518 10.23920729325925 10.237396562660859
10.237406221078714 10.239216982647612 10.239216982647335 10.237406221078837
10.23741587929754 10.239226671830103 10.239226671829831 10.237415879297664
10.237425537347066 10.239236360837754 10.239236360837486 10.237425537347175
10.237435195252822 10.23924604969693 10.239246049696643 10.237435195252923
10.237444853036687 10.239255738430172 10.239255738429899 10.2374448530368
10.237454510717448 10.239265427056813 10.239265427056544 10.237454510717553
10.237464168311135 10.239275115593466 10.239275115593198 10.237464168311273
10.237473825831575 10.239284804054284 10.239284804054016 10.237473825831671
10.237483483290463 10.239294492451426 10.23929449245115 10.237483483290578
10.237493140697957 10.239304180795314 10.239304180795049 10.237493140698069
10.23750279806272 10.239313869094858 10.239313869094598 10.237502798062824
10.23751245539213 10.239323557357732 10.239323557357455 10.237512455392242
10.237522112692563 10.23933324559044 10.239333245590174 10.237522112692664
10.23753176996941 10.23934293379863 10.239342933798365 10.237531769969532
10.237541427227399 10.239352621987072 10.239352621986802 10.237541427227505
10.237551084470477 10.239362310159924 10.239362310159654 10.237551084470594
10.237560741702087 10.239371998320662 10.23937199832039 10.237560741702197
10.237570398925135 10.239381686472353 10.239381686472083 10.237570398925245
10.237580056142162 10.239391374617565 10.239391374617293 10.237580056142269
10.23758971335529 10.239401062758512 10.239401062758244 10.237589713355408
10.237599370566384 10.239410750897125 10.239410750896845 10.237599370566498
10.237609027777001 10.239420439034978 10.239420439034708 10.237609027777111
10.237618684988531 10.239430127173495 10.23943012717322 10.237618684988634
10.237628342202065 10.239439815313858 10.239439815313599 10.237628342202186
10.237637999418645 10.239449503457116 10.239449503456843 10.237637999418777
10.237647656639137 10.239459191604123 10.239459191603855 10.23764765663925
10.237657313864215 10.239468879755641 10.23946887975537 10.23765731386434
10.237666971094544 10.239478567912288 10.239478567912018 10.237666971094663
10.237676628330641 10.239488256074651 10.239488256074372 10.237676628330744
10.237686285572957 10.239497944243173 10.2394979442429 10.237686285573071
10.237695942821889 10.239507632418277 10.23950763241801 10.237695942822025
10.237705600077797 10.23951732060031 10.239517320600033 10.237705600077915
10.237715257340945 10.23952700878955 10.239527008789276 10.237715257341055
10.237724914611588 10.239536696986248 10.239536696985983 10.237724914611704
10.23773457188992 10.239546385190664 10.239546385190394 10.237734571890043
10.237744229176144 10.239556073402948 10.239556073402683 10.237744229176252
10.237753886470422 10.239565761623274 10.239565761623 10.237753886470518
10.237763543772841 10.239575449851776 10.239575449851499 10.237763543772955
10.237773201083586 10.23958513808857 10.239585138088307 10.237773201083693
10.23778285840269 10.23959482633375 10.239594826333477 10.237782858402802
10.237792515730266 10.239604514587406 10.23960451458714 10.23779251573037
10.237802173066354 10.239614202849625 10.239614202849351 10.237802173066482
10.237811830411081 10.239623891120456 10.23962389112019 10.237811830411195
10.23782148776446 10.239633579399968 10.239633579399689 10.237821487764569
10.237831145126508 10.23964326768818 10.239643267687912 10.237831145126616
10.237840802497296 10.239652955985143 10.239652955984873 10.237840802497413
10.237850459876856 10.23966264429091 10.239662644290636 10.237850459876979
10.237860117265237 10.239672332605474 10.239672332605206 10.237860117265342
10.23786977466242 10.2396820209289 10.239682020928633 10.237869774662528
10.237879432068423 10.23969170926118 10.23969170926091 10.237879432068535
10.237889089483312 10.23970139760235 10.239701397602072 10.237889089483417
10.23789874690707 10.239711085952424 10.239711085952157 10.23789874690718
10.237908404339695 10.239720774311408 10.239720774311142 10.237908404339832
10.237918061781262 10.239730462679317 10.239730462679036 10.23791806178138
10.23792771923172 10.239740151056152 10.239740151055887 10.23792771923183
10.237937376691084 10.239749839441938 10.239749839441668 10.237937376691203
10.237947034159392 10.239759527836663 10.239759527836398 10.2379470341595
10.237956691636628 10.239769216240356 10.239769216240093 10.237956691636725
10.237966349122777 10.239778904653015 10.239778904652741 10.237966349122889
10.237976006617865 10.239788593074616 10.239788593074348 10.23797600661798
10.237985664121899 10.239798281505214 10.23979828150495 10.23798566412202
10.2379953216349 10.239807969944765 10.23980796994449 10.237995321635008
10.23800497915685 10.239817658393306 10.239817658393047 10.238004979156953
10.238014636687723 10.239827346850811 10.239827346850547 10.238014636687842
10.238024294227575 10.23983703531732 10.239837035317038 10.23802429422769
10.23803395177639 10.239846723792784 10.239846723792521 10.238033951776496
10.238043609334133 10.239856412277252 10.239856412276973 10.238043609334246
10.238053266900849 10.239866100770696 10.239866100770426 10.238053266900959
10.23806292447652 10.23987578927313 10.239875789272856 10.238062924476637
10.238072582061168 10.239885477784547 10.239885477784286 10.238072582061273
10.238082239654748 10.239895166304969 10.239895166304702 10.238082239654874
10.23809189725732 10.239904854834355 10.239904854834078 10.238091897257425
10.238101554868823 10.239914543372743 10.239914543372468 10.238101554868932
10.238111212489326 10.239924231920126 10.239924231919847 10.238111212489423
10.238120870118758 10.239933920476478 10.239933920476217 10.238120870118872
10.238130527757164 10.23994360904183 10.239943609041568 10.238130527757278
10.238140185404552 10.239953297616193 10.23995329761593 10.238140185404667
10.238149843060903 10.23996298619954 10.239962986199265 10.238149843061015
10.238159500726205 10.239972674791872 10.239972674791598 10.238159500726312
10.238169158400478 10.239982363393198 10.239982363392931 10.238169158400593
10.238178816083716 10.239992052003531 10.23999205200325 10.238178816083831
10.238188473775926 10.240001740622853 10.240001740622574 10.238188473776042
10.238198131477095 10.240011429251142 10.240011429250872 10.238198131477207
10.238207789187241 10.240021117888446 10.240021117888178 10.238207789187333
10.238217446906317 10.240030806534726 10.240030806534465 10.238217446906436
10.238227104634372 10.240040495190005 10.240040495189731 10.238227104634479
10.238236762371404 10.240050183854281 10.240050183854006 10.238236762371518
10.238246420117386 10.240059872527533 10.24005987252727 10.238246420117505
10.238256077872352 10.240069561209792 10.24006956120953 10.238256077872466
10.238265735636286 10.240079249901049 10.240079249900784 10.238265735636395
10.23827539340919 10.240088938601279 10.240088938601032 10.23827539340929
10.238285051191019 10.240098627310548 10.240098627310264 10.238285051191147
10.238294708981865 10.240108316028767 10.240108316028497 10.23829470898196
10.238304366781653 10.240118004756003 10.240118004755734 10.238304366781767
10.238314024590407 10.24012769349222 10.240127693491955 10.238314024590515
10.23832368240813 10.240137382237423 10.240137382237151 10.238323682408234
10.238333340234803 10.240147070991634 10.24014707099136 10.238333340234908
10.23834299807046 10.24015675975483 10.240156759754555 10.238342998070568
10.238352655915088 10.240166448527026 10.240166448526754 10.238352655915193
10.238362313768683 10.240176137308222 10.240176137307937 10.23836231376879
10.23837197163123 10.240185826098394 10.240185826098124 10.238371971631341
10.238381629502749 10.240195514897547 10.240195514897295 10.238381629502854
10.23839128738324 10.240205203705719 10.24020520370545 10.238391287383335
10.238400945272666 10.240214892522875 10.24021489252261 10.238400945272772
10.238410603171086 10.24022458134903 10.240224581348755 10.238410603171198
10.238420261078467 10.240234270184182 10.2402342701839 10.238420261078595
10.238429918994829 10.24024395902831 10.240243959028046 10.238429918994942
10.238439576920156 10.240253647881453 10.240253647881184 10.238439576920252
10.238449234854432 10.24026333674359 10.240263336743322 10.238449234854551
10.238458892797693 10.240273025614695 10.240273025614428 10.238458892797793
10.23846855074989 10.240282714494814 10.240282714494542 10.238468550750012
10.238478208711063 10.240292403383918 10.240292403383652 10.2384782087112
10.238487866681227 10.240302092282018 10.240302092281752 10.238487866681327
10.23849752466035 10.24031178118911 10.240311781188847 10.23849752466045
10.238507182648425 10.240321470105208 10.240321470104925 10.238507182648537
10.238516840645467 10.240331159030287 10.240331159030006 10.238516840645582
10.238526498651469 10.240340847964356 10.24034084796408 10.238526498651597
10.238536156666454 10.240350536907423 10.240350536907146 10.238536156666571
10.238545814690399 10.240360225859478 10.240360225859218 10.238545814690513
10.238555472723338 10.240369914820551 10.240369914820274 10.238555472723442
10.238565130765188 10.240379603790593 10.240379603790316 10.238565130765318
10.238574788816049 10.240389292769645 10.240389292769366 10.238574788816166
10.23858444687587 10.240398981757675 10.24039898175741 10.238584446875974
10.238594104944644 10.240408670754702 10.240408670754436 10.238594104944756
10.238603763022386 10.240418359760726 10.24041835976046 10.2386037630225
10.23861342110911 10.240428048775758 10.240428048775483 10.238613421109212
10.238623079204775 10.24043773779976 10.2404377377995 10.238623079204896
10.238632737309423 10.240447426832768 10.240447426832493 10.238632737309539
10.238642395423042 10.240457115874747 10.240457115874484 10.238642395423145
10.238652053545609 10.240466804925752 10.240466804925468 10.238652053545719
10.238661711677166 10.240476493985753 10.240476493985476 10.238661711677276
10.238671369817661 10.240486183054704 10.240486183054443 10.238671369817787
10.238681027967147 10.240495872132698 10.240495872132424 10.238681027967253
10.238690686125574 10.24050556121966 10.240505561219381 10.2386906861257
10.238700344292987 10.24051525031562 10.240515250315337 10.238700344293107
10.238710002469377 10.240524939420569 10.240524939420297 10.238710002469496
10.238719660654722 10.240534628534524 10.240534628534244 10.238719660654832
10.238729318849032 10.24054431765747 10.240544317657195 10.238729318849138
10.238738977052298 10.240554006789402 10.240554006789127 10.238738977052412
10.23874863526454 10.240563695930318 10.240563695930046 10.238748635264646
10.238758293485741 10.240573385080237 10.24057338507997 10.238758293485866
10.238767951715921 10.240583074239163 10.240583074238888 10.238767951716037
10.238777609955074 10.240592763407076 10.240592763406813 10.238777609955184
10.238787268203176 10.240602452583975 10.240602452583701 10.238787268203291
10.238796926460255 10.240612141769867 10.2406121417696 10.238796926460372
10.2388065847263 10.24062183096476 10.240621830964495 10.238806584726419
10.2388162430013 10.240631520168662 10.240631520168382 10.238816243001422
10.238825901285294 10.240641209381526 10.240641209381266 10.238825901285388
10.238835559578227 10.240650898603398 10.240650898603139 10.238835559578332
10.238845217880144 10.240660587834276 10.240660587834004 10.238845217880247
