0.6285502794259759 0.578780348757884 0.5656613118170158 0.578780348757877 0.6285502794259739
0.8021698405656257 0.7395415707780286 0.7219274463851022 0.7395415707780223 0.8021698405656212
0.9541152148704651 0.8831334088455443 0.863145504025637 0.8831334088455373 0.9541152148704612
1.1009151943767288 1.023796644033265 1.0026753004863989 1.0237966440332578 1.1009151943767246
1.249073729522631 1.166974562760967 1.145458027889627 1.1669745627609578 1.2490737295226255
1.402103857029981 1.3155964806670626 1.2941194708099906 1.3155964806670537 1.402103857029975
1.5622273844211854 1.47155115351681 1.4503636051545772 1.4715511535168018 1.5622273844211778
1.730977442857407 1.6361867217509032 1.615426094965762 1.636186721750891 1.7309774428573999
1.909455017045649 1.810512309666281 1.790247921002613 1.8105123096662705 1.9094550170456412
2.098446991680853 1.9952844538841275 1.9755448515462333 1.9952844538841166 2.098446991680845
2.2984800795327107 2.1910420004996145 2.17183199363849 2.1910420004996 2.298480079532699
2.5098425699281415 2.398115835971618 2.3794271582031628 2.398115835971602 2.5098425699281313
2.7325897261869643 2.6166261440500866 2.598444158100978 2.616626144050068 2.732589726186953
2.9665417360504516 2.8464742617681327 2.8287821691651676 2.8464742617681136 2.9665417360504405
3.2112798332744252 3.087333676535279 3.0701151279691703 3.0873336765352595 3.2112798332744124
3.46614447018558 3.33864343469644 3.321884092126371 3.338643434696415 3.466144470185562
3.730238342489164 3.5996064625339685 3.583294854363304 3.599606462533943 3.7302383424891454
4.002436240810128 3.869194691556675 3.853322574791974 3.8691946915566473 4.002436240810108
4.281402938956354 4.146162273048239 4.130724639912348 4.146162273048208 4.281402938956334
4.5656195529347245 4.429067500733588 4.414062322671239 4.429067500733551 4.5656195529347
4.853418013174185 4.716303333533477 4.701731110956343 4.7163033335334426 4.85341801317416
5.143022525039578 5.006135661966954 4.991998835600496 5.006135661966912 5.1430225250395445
5.432596213853609 5.296747756902465 5.2830500308596156 5.296747756902421 5.432596213853586
5.7202906309033095 5.586288753633797 5.5730343775861115 5.58628875363375 5.720290630903289
6.004295496216507 5.872923627769609 5.860116683213248 5.8729236277695565 6.00429549621647
6.282886007517977 6.154881962069089 6.142525694050182 6.154881962069029 6.282886007517938
6.5544652548181235 6.4305029040860875 6.418599134064348 6.4305029040860235 6.554465254818084
6.817599714106295 6.6982740568976356 6.686822704626234 6.698274056897577 6.817599714106247
7.071046390369419 6.956862580343574 6.9458613132356275 6.9568625803435085 7.071046390369372
7.313770860867079 7.205137435803572 7.194581454113272 7.205137435803507 7.313770860867033
7.544956151756121 7.442182401090611 7.432064357368516 7.442182401090541 7.544956151756076
7.764002991727762 7.667300134772516 7.657610177395582 7.667300134772442 7.764002991727711
7.970522471425229 7.8800081176711005 7.870734041500952 7.880008117671026 7.970522471425176
8.164322467279456 8.080027702485712 8.071155185261 8.080027702485628 8.164322467279407
8.345389357255925 8.26726774412844 8.258780645105185 8.267267744128358 8.34538935725587
8.51386657803648 8.441804369326782 8.433685066723553 8.441804369326695 8.51386657803641
8.670031476193957 8.603858396920122 8.59608814248669 8.60385839692003 8.670031476193893
8.814271724510867 8.753771772459876 8.746331044456342 8.75377177245978 8.814271724510807
8.947062343920825 8.8919841678476 8.884853007375353 8.891984167847514 8.947062343920777
9.068944122894575 9.01901065235684 9.012168971858916 9.019010652356739 9.068944122894516
9.180503984190238 9.135421093442035 9.128848949922586 9.13542109344194 9.180503984190173
9.282357630994714 9.241821714947301 9.23549954379189 9.241821714947191 9.28235763099464
9.375134620697198 9.33883903994279 9.332747848006617 9.338839039942682 9.375134620697123
9.459465868939374 9.427106282085317 9.421227800896645 9.427106282085207 9.459465868939304
9.535973478735356 9.507252124534915 9.501568926048455 9.507252124534805 9.535973478735277
9.605262715895366 9.579891736790207 9.574387315176054 9.579891736790113 9.605262715895291
9.66791590758827 9.64561982280451 9.640278646355268 9.6456198228044 9.66791590758817
9.72448801986873 9.705005462814201 9.699813000288174 9.70500546281409 9.724488019868648
9.775503666703868 9.758588500652024 9.75353122633317 9.75858850065191 9.775503666703793
9.821455312339886 9.806877232511935 9.80194261403968 9.806877232511827 9.821455312339786
9.862802446423615 9.85034716746547 9.845523640137612 9.850347167465358 9.862802446423544
9.899971533665306 9.889440650636821 9.884717581471268 9.8894406506367 9.899971533665214
9.933356564355424 9.924567163810552 9.919934808208524 9.924567163810442 9.933356564355329
9.963320056825552 9.956104143143971 9.951553596558286 9.956104143143852 9.96332005682547
9.990194386671726 9.984398178025874 9.979921324623051 9.984398178025756 9.99019438667166
10.014283339434856 10.00976647795003 10.005355937876107 10.009766477949912 10.01428333943478
10.035863803015202 10.032498514962096 10.028147591486688 10.032498514961983 10.035863803015133
10.055187533217877 10.052857767511675 10.048560395033299 10.05285776751155 10.055187533217806
10.072482940494845 10.071083507335967 10.066834200984568 10.071083507335839 10.072482940494767
10.087956858301611 10.087392584403496 10.083186391769845 10.087392584403384 10.087956858301542
10.101796263723223 10.101981176131572 10.097813631484321 10.10198117613146 10.101796263723138
10.114169929381264 10.11502647628515 10.110893557500052 10.11502647628503 10.11416992938119
10.125229992359326 10.126688306410928 10.122586394729135 10.126688306410808 10.125229992359273
10.135113431212789 10.137110638603176 10.133036481251649 10.137110638603062 10.135113431212694
10.143943446287818 10.146423023068248 10.142373698712115 10.146423023068124 10.143943446287746
10.151830741761128 10.15474191756367 10.150714804513292 10.154741917563554 10.151830741761032
10.158874710201154 10.162171918523144 10.158164665585147 10.162171918523024 10.158874710201056
10.165164522201026 10.168806895703389 10.164817395542606 10.168806895703273 10.165164522200953
10.170780124865344 10.174731033642843 10.170757398507494 10.174731033642722 10.170780124865248
10.175793153760505 10.180019784222365 10.176060323877865 10.18001978422224 10.175793153760406
10.180267763449722 10.184740735263484 10.180793936977414 10.184740735263363 10.180267763449649
10.184261382000685 10.188954400469537 10.185018910891863 10.188954400469418 10.184261382000594
10.187825394937883 10.192714936175728 10.188789544962516 10.1927149361756 10.18782539493781
10.191005764060742 10.196070790378414 10.192154415413384 10.196070790378291 10.191005764060682
10.193843586396826 10.199065289403682 10.195156963479096 10.199065289403558 10.193843586396742
10.1963755983428 10.20173716738403 10.197836026210986 10.201737167383891 10.196375598342726
10.198634629781823 10.204121043466216 10.200226314892795 10.204121043466099 10.198634629781761
10.200650012675855 10.206247851392964 10.202358845717226 10.206247851392847 10.200650012675787
10.202447948327661 10.208145225800473 10.204261327074523 10.208145225800349 10.20244794832759
10.20405183720066 10.209837849267924 10.20595850749716 10.209837849267812 10.204051837200575
10.205482574880886 10.211347763847535 10.20747248799734 10.211347763847424 10.205482574880826
10.206758817472469 10.212694650505052 10.208823002235087 10.212694650504933 10.206758817472384
10.207897219436372 10.213896079613184 10.210027667666393 10.213896079613072 10.207897219436315
10.20891264661798 10.21496773536707 10.211102210547205 10.214967735366942 10.208912646617893
10.209818366958265 10.215923616733411 10.212060667411299 10.215923616733301 10.209818366958189
10.210626221153893 10.21677621730585 10.212915565399987 10.216776217305725 10.21062622115381
10.211346775315077 10.217536686215277 10.213678083598124 10.217536686215148 10.211346775315013
10.21198945747454 10.218214972039517 10.214358197324993 10.21821497203939 10.211989457474441
10.212562679618168 10.218819951467259 10.214964807140003 10.21881995146714 10.2125626796181
10.213073946744652 10.219359544298824 10.21550585414934 10.219359544298694 10.213073946744565
10.213529954308402 10.219840816208805 10.21598842304234 10.219840816208688 10.213529954308337
10.21393667526571 10.220270070552418 10.216418834142786 10.220270070552303 10.21393667526562
10.214299437817676 10.220652930367175 10.21680272562959 10.220652930367041 10.214299437817598
10.214622994833537 10.220994411604066 10.21714512696385 10.220994411603945 10.214622994833466
10.21491158583454 10.221298988516054 10.217450524452284 10.22129898851594 10.214911585834466
10.215168992328666 10.22157065203538 10.217722919780972 10.22157065203525 10.215168992328577
10.215398587203467 10.221812961884964 10.217965882266558 10.221812961884842 10.215398587203374
10.215603378810432 10.222029093091475 10.218182595493944 10.222029093091354 10.215603378810348
10.215786050307647 10.222221877497 10.218375898939593 10.222221877496883 10.215786050307594
10.21594899476782 10.222393840804164 10.218548325115972 10.222393840804044 10.215948994767736
10.216094346505 10.22254723563235 10.2187021327168 10.22254723563223 10.216094346504924
10.216224009025783 10.222684071012814 10.218839336191314 10.222684071012699 10.21622400902572
10.21633967996677 10.222806138704364 10.218961732130877 10.222806138704241 10.216339679966689
10.216442873342176 10.222915036671152 10.219070922809815 10.222915036671028 10.216442873342105
10.216534939391172 10.22301219002768 10.219168337186877 10.223012190027548 10.216534939391096
10.216617082282472 10.223098869723161 10.21925524963993 10.22309886972304 10.216617082282385
10.216690375907596 10.223176209208901 10.219332796678124 10.223176209208784 10.216690375907516
10.216755777968249 10.223245219305586 10.219401991849344 10.223245219305463 10.21675577796818
10.216814142541892 10.223306801464705 10.219463739037309 10.223306801464586 10.21681414254181
10.216866231289373 10.22336175959716 10.219518844322042 10.223361759597037 10.216866231289304
10.216912723451568 10.223410810623548 10.219568026558663 10.22341081062344 10.216912723451495
10.216954224765214 10.223454593884181 10.219611926812673 10.223454593884057 10.216954224765134
10.216991275414928 10.223493679531712 10.219651116775289 10.223493679531583 10.216991275414843
10.217024357125345 10.223528576016498 10.219686106268979 10.223528576016387 10.217024357125277
10.217053899486517 10.223559736762505 10.219717349941337 10.223559736762386 10.217053899486425
10.217080285594779 10.223587566121111 10.219745253234976 10.223587566121004 10.217080285594692
10.217103857084007 10.2236124246812 10.219770177711899 10.223612424681074 10.217103857083933
10.21712491861232 10.22363463400459 10.219792445801785 10.223634634004467 10.21712491861224
10.21714374186337 10.223654480849467 10.219812345036745 10.223654480849353 10.217143741863296
10.217160569114986 10.223672220936741 10.219830131827823 10.223672220936622 10.21716056911491
10.217175616421493 10.22368808230897 10.219846034833068 10.223688082308849 10.217175616421407
10.217189076451811 10.223702268325836 10.219860257961015 10.223702268325717 10.217189076451733
10.217201121020484 10.22371496033555 10.219872983049331 10.223714960335434 10.217201121020388
10.21721190334461 10.223726320057139 10.219884372253517 10.223726320057015 10.21721190334453
10.217221560056883 10.223736491704923 10.219894570177159 10.223736491704804 10.217221560056823
10.217230213000562 10.223745603883197 10.219903705771605 10.223745603883069 10.217230213000477
10.21723797083007 10.223753771275703 10.219911894030188 10.22375377127557 10.217237970830002
10.217244930438758 10.223761096152408 10.219919237498901 10.223761096152282 10.217244930438682
10.217251178231724 10.223767669713121 10.219925827623712 10.223767669713007 10.217251178231642
10.217256791261173 10.223773573285802 10.219931745952065 10.223773573285685 10.217256791261097
10.217261838238768 10.223778879394969 10.219937065204254 10.223778879394846 10.21726183823868
10.217266380438346 10.223783652714701 10.219941850228906 10.22378365271457 10.217266380438266
10.217270472501133 10.223787950918316 10.219946158855043 10.22378795091819 10.217270472501054
10.217274163153624 10.223791825436258 10.219950042651888 10.22379182543613 10.217274163153542
10.217277495847775 10.223795322131723 10.219953547606451 10.223795322131597 10.217277495847693
10.217280509332003 10.223798481903403 10.2199567147278 10.223798481903271 10.217280509331939
10.217283238160368 10.223801341222764 10.219959580585865 10.22380134122264 10.21728323816027
10.217285713146397 10.223803932613368 10.219962177791961 10.223803932613242 10.217285713146323
10.21728796176826 10.223806285078126 10.219964535427321 10.223806285077996 10.217287961768184
10.217290008529588 10.223808424480481 10.219966679425177 10.22380842448035 10.217290008529508
10.217291875281548 10.22381037388418 10.219968632911538 10.223810373884058 10.21729187528147
10.217293581509969 10.223812153856377 10.21997041650907 10.223812153856256 10.217293581509894
10.21729514459136 10.223813782737865 10.219972048608057 10.223813782737741 10.217295144591287
10.21729658002127 10.223815276884055 10.219973545608076 10.223815276883933 10.217296580021195
10.21729790161783 10.223816650879916 10.219974922133447 10.223816650879806 10.217297901617757
10.21729912170342 10.223817917731632 10.219976191225468 10.223817917731509 10.217299121703336
10.217300251266508 10.223819089037445 10.219977364513694 10.223819089037326 10.217300251266417
10.217301300106065 10.223820175140135 10.219978452368824 10.223820175140009 10.21730130010599
10.217302276960403 10.223821185262858 10.2199794640389 10.22382118526274 10.217302276960313
10.217303189621818 10.223822127630415 10.219980407770905 10.223822127630289 10.217303189621733
10.21730404503917 10.223823009577231 10.2199812909191 10.22382300957711 10.21730404503909
10.217304849409087 10.223823837643817 10.219982120041621 10.22382383764369 10.217304849409004
10.217305608257423 10.223824617662677 10.219982900986734 10.223824617662551 10.217305608257334
10.21730632651185 10.22382535483493 10.219983638969582 10.22382535483481 10.21730632651176
10.21730700856663 10.223826053798701 10.219984338640808 10.223826053798586 10.217307008566559
10.217307658340381 10.223826718690042 10.219985004147647 10.223826718689915 10.217307658340289
10.217308279327462 10.223827353197256 10.219985639188346 10.223827353197148 10.217308279327384
10.217308874644052 10.223827960609428 10.219986247060861 10.223827960609317 10.217308874643972
10.217309447068956 10.223828543859574 10.219986830706127 10.223828543859453 10.217309447068867
10.217309999080166 10.22382910556322 10.219987392746738 10.22382910556309 10.217309999080086
10.217310532887465 10.223829648052742 10.219987935521377 10.223829648052615 10.21731053288739
10.217311050461442 10.22383017340808 10.219988461115578 10.223830173407967 10.21731105046136
10.217311553559318 10.223830683483985 10.21998897138911 10.22383068348388 10.217311553559234
10.217312043748121 10.223831179934487 10.219989468000438 10.223831179934367 10.217312043748047
10.217312522425239 10.223831664234485 10.21998995242848 10.223831664234364 10.217312522425187
10.217312990836891 10.223832137699288 10.219990425992075 10.223832137699171 10.217312990836803
10.217313450094201 10.223832601501796 10.219990889867292 10.223832601501668 10.217313450094123
10.21731390118817 10.223833056687939 10.219991345102892 10.223833056687821 10.217313901188108
10.217314345002494 10.223833504190445 10.219991792634122 10.223833504190328 10.217314345002427
10.217314782325163 10.223833944841079 10.219992233294962 10.223833944840953 10.217314782325092
10.217315213858942 10.223834379381529 10.21999266782915 10.223834379381408 10.217315213858848
10.217315640230408 10.223834808473232 10.21999309689986 10.223834808473114 10.217315640230325
10.217316061998414 10.223835232706012 10.219993521098559 10.223835232705886 10.217316061998341
10.217316479661287 10.223835652605842 10.219993940952605 10.223835652605722 10.217316479661207
10.217316893663419 10.223836068641765 10.219994356932308 10.223836068641653 10.217316893663329
10.217317304401059 10.223836481232054 10.219994769457067 10.22383648123194 10.217317304400966
10.217317712227594 10.223836890749688 10.2199951789009 10.223836890749578 10.217317712227496
10.217318117458152 10.2238372975273 10.219995585597292 10.223837297527185 10.217318117458069
10.217318520373771 10.223837701861491 10.219995989843675 10.223837701861363 10.217318520373677
10.217318921225003 10.223838104016746 10.219996391905248 10.223838104016625 10.217318921224923
10.21731932023533 10.223838504228931 10.219996792018508 10.223838504228821 10.217319320235262
10.217319717604054 10.223838902708412 10.219997190394382 10.223838902708298 10.217319717603981
10.21732011350886 10.22383929964276 10.21999758722094 10.22383929964263 10.21732011350879
10.217320508108221 10.223839695199192 10.219997982665872 10.22383969519907 10.217320508108154
10.217320901543474 10.223840089526895 10.219998376878774 10.223840089526773 10.21732090154339
10.21732129394058 10.223840482758884 10.219998769992989 10.223840482758764 10.217321293940515
10.21732168541199 10.223840875013755 10.21999916212745 10.22384087501364 10.217321685411903
10.217322076057851 10.223841266397299 10.219999553388234 10.223841266397189 10.217322076057775
10.217322465967555 10.223841657003844 10.219999943869908 10.22384165700372 10.217322465967484
10.21732285522079 10.223842046917474 10.220000333656808 10.223842046917351 10.217322855220718
10.217323243888641 10.22384243621322 10.220000722824159 10.223842436213095 10.21732324388855
10.217323632034423 10.22384282495795 10.220001111439014 10.223842824957838 10.21732363203436
10.217324019714725 10.22384321321134 10.220001499561187 10.223843213211216 10.217324019714638
10.21732440697987 10.223843601026548 10.22000188724401 10.223843601026442 10.217324406979792
10.217324793874816 10.223843988451039 10.220002274535041 10.223843988450916 10.217324793874745
10.217325180439676 10.223844375527088 10.220002661476698 10.223844375526971 10.2173251804396
10.217325566710155 10.223844762292408 10.220003048106811 10.223844762292305 10.21732556671007
10.217325952718094 10.223845148780674 10.220003434459084 10.22384514878056 10.217325952718022
10.217326338491974 10.223845535021848 10.220003820563605 10.223845535021725 10.217326338491887
10.217326724057063 10.223845921042685 10.22000420644721 10.223845921042559 10.217326724056996
10.217327109436017 10.223846306867031 10.220004592133796 10.22384630686691 10.217327109435953
10.217327494648991 10.223846692516164 10.220004977644681 10.223846692516044 10.217327494648913
10.21732787971394 10.223847078009069 10.22000536299892 10.223847078008937 10.217327879713844
10.217328264646872 10.223847463362628 10.220005748213444 10.223847463362498 10.217328264646778
10.217328649462074 10.22384784859195 10.220006133303393 10.223847848591822 10.217328649462008
10.21732903417234 10.223848233710463 10.22000651828225 10.223848233710351 10.21732903417225
10.217329418788996 10.223848618730193 10.220006903162034 10.223848618730074 10.217329418788891
10.21732980332213 10.223849003661822 10.220007287953475 10.223849003661698 10.21732980332207
10.21733018778089 10.223849388514878 10.220007672666151 10.223849388514763 10.21733018778081
10.217330572173275 10.223849773297882 10.22000805730858 10.223849773297768 10.21733057217318
10.217330956506453 10.223850158018422 10.220008441888357 10.223850158018296 10.217330956506373
10.21733134078684 10.223850542683234 10.220008826412275 10.223850542683111 10.217331340786776
10.217331725020195 10.223850927298379 10.2200092108864 10.223850927298253 10.217331725020113
10.217332109211567 10.223851311869222 10.220009595316089 10.22385131186911 10.217332109211485
10.217332493365513 10.223851696400557 10.22000997970617 10.223851696400459 10.217332493365438
10.217332877486076 10.223852080896693 10.220010364060931 10.22385208089657 10.217332877486008
10.217333261576911 10.223852465361398 10.220010748384212 10.223852465361281 10.217333261576826
10.217333645641181 10.223852849798114 10.220011132679407 10.223852849797987 10.217333645641103
10.217334029681796 10.223853234209853 10.220011516949553 10.223853234209711 10.217334029681727
10.217334413701353 10.223853618599298 10.220011901197369 10.223853618599168 10.217334413701261
10.217334797702046 10.223854002968904 10.220012285425284 10.223854002968789 10.217334797701973
10.217335181686007 10.223854387320808 10.220012669635443 10.22385438732069 10.21733518168592
10.217335565654977 10.22385477165691 10.22001305382976 10.223854771656795 10.217335565654897
10.217335949610634 10.223855155978963 10.220013438009982 10.22385515597883 10.217335949610556
10.21733633355439 10.22385554028843 10.2200138221776 10.223855540288309 10.217336333554302
10.21733671748754 10.22385592458672 10.220014206334008 10.2238559245866 10.217336717487454
10.217337101411236 10.223856308875044 10.220014590480405 10.223856308874913 10.217337101411152
10.217337485326498 10.22385669315446 10.220014974617873 10.223856693154334 10.217337485326437
10.21733786923428 10.223857077425938 10.220015358747407 10.223857077425821 10.217337869234191
10.21733825313535 10.22385746169036 10.220015742869826 10.223857461690242 10.217338253135257
10.217338637030444 10.223857845948451 10.220016126985945 10.223857845948343 10.217338637030336
10.217339020920184 10.223858230200943 10.220016511096409 10.223858230200829 10.2173390209201
10.217339404805198 10.223858614448414 10.220016895201868 10.2238586144483 10.217339404805115
10.217339788685962 10.223858998691426 10.22001727930284 10.22385899869131 10.217339788685905
10.217340172562997 10.223859382930454 10.220017663399814 10.223859382930339 10.217340172562912
10.217340556436644 10.22385976716593 10.220018047493241 10.223859767165822 10.217340556436573
10.217340940307288 10.22386015139824 10.220018431583487 10.223860151398128 10.217340940307217
10.217341324175285 10.223860535627743 10.220018815670908 10.223860535627619 10.217341324175203
10.217341708040882 10.223860919854724 10.2200191997558 10.223860919854602 10.217341708040802
10.217342091904381 10.22386130407946 10.220019583838457 10.223861304079344 10.217342091904287
10.217342475765953 10.223861688302215 10.220019967919125 10.223861688302096 10.217342475765882
10.217342859625877 10.223862072523195 10.22002035199799 10.223862072523069 10.217342859625798
10.21734324348429 10.223862456742578 10.220020736075274 10.223862456742447 10.217343243484212
10.217343627341343 10.223862840960557 10.220021120151142 10.223862840960424 10.217343627341283
10.217344011197243 10.22386322517727 10.220021504225743 10.223863225177146 10.217344011197161
10.21734439505207 10.223863609392863 10.220021888299234 10.223863609392746 10.217344395051988
10.217344778905966 10.223863993607461 10.220022272371729 10.223863993607342 10.21734477890587
10.217345162759012 10.223864377821192 10.220022656443328 10.223864377821055 10.217345162758908
10.217345546611256 10.223864762034104 10.220023040514127 10.223864762033978 10.217345546611204
10.217345930462892 10.22386514624631 10.220023424584232 10.223865146246208 10.21734593046283
10.217346314313945 10.223865530457916 10.220023808653702 10.223865530457802 10.217346314313865
10.21734669816446 10.223865914668963 10.22002419272262 10.223865914668854 10.217346698164386
10.21734708201451 10.2238662988795 10.220024576791037 10.223866298879392 10.217347082014427
10.217347465864131 10.223866683089629 10.22002496085903 10.223866683089511 10.21734746586405
10.217347849713397 10.223867067299347 10.220025344926608 10.223867067299226 10.217347849713311
10.217348233562337 10.223867451508715 10.220025728993855 10.223867451508605 10.217348233562246
10.217348617410975 10.223867835717796 10.220026113060806 10.223867835717677 10.217348617410899
10.217349001259365 10.223868219926592 10.220026497127465 10.223868219926468 10.217349001259281
10.217349385107529 10.223868604135141 10.220026881193892 10.223868604135022 10.217349385107443
10.217349768955492 10.223868988343485 10.220027265260104 10.22386898834336 10.217349768955408
10.217350152803263 10.223869372551633 10.220027649326116 10.223869372551512 10.217350152803185
10.217350536650873 10.223869756759612 10.220028033391973 10.223869756759493 10.217350536650804
10.217350920498365 10.223870140967456 10.220028417457664 10.223870140967328 10.217350920498285
10.217351304345723 10.223870525175153 10.220028801523245 10.223870525175043 10.217351304345648
10.217351688192982 10.223870909382748 10.220029185588706 10.223870909382638 10.217351688192899
10.217352072040137 10.223871293590253 10.220029569654061 10.223871293590127 10.217352072040068
10.217352455887236 10.22387167779765 10.220029953719331 10.223871677797536 10.217352455887147
10.217352839734223 10.223872062004974 10.22003033778452 10.22387206200486 10.217352839734144
10.21735322358118 10.223872446212225 10.220030721849643 10.22387244621212 10.217353223581092
10.21735360742805 10.223872830419435 10.22003110591471 10.223872830419316 10.217353607427963
10.217353991274882 10.223873214626595 10.22003148997973 10.22387321462648 10.217353991274816
10.217354375121689 10.223873598833706 10.220031874044704 10.223873598833581 10.21735437512161
10.217354758968467 10.223873983040777 10.220032258109638 10.223873983040662 10.217354758968382
10.217355142815215 10.22387436724782 10.220032642174534 10.223874367247694 10.217355142815114
10.2173555266619 10.223874751454824 10.220033026239417 10.223874751454709 10.217355526661823
10.217355910508596 10.223875135661817 10.220033410304275 10.2238751356617 10.217355910508516
10.217356294355296 10.223875519868779 10.220033794369106 10.22387551986867 10.217356294355191
10.217356678201927 10.223875904075737 10.220034178433927 10.223875904075625 10.217356678201858
10.217357062048576 10.22387628828268 10.22003456249874 10.223876288282572 10.217357062048507
10.217357445895212 10.223876672489627 10.220034946563548 10.223876672489519 10.21735744589515
10.21735782974186 10.223877056696569 10.220035330628342 10.223877056696448 10.21735782974179
10.217358213588481 10.223877440903495 10.220035714693122 10.223877440903372 10.217358213588426
10.217358597435144 10.22387782511042 10.220036098757918 10.223877825110302 10.217358597435062
10.217358981281762 10.223878209317332 10.220036482822696 10.223878209317224 10.21735898128169
10.217359365128406 10.223878593524274 10.220036866887497 10.223878593524145 10.217359365128326
10.217359748975069 10.223878977731191 10.220037250952279 10.223878977731077 10.217359748974975
10.217360132821687 10.223879361938124 10.22003763501707 10.223879361938003 10.217360132821609
10.217360516668336 10.223879746145052 10.220038019081871 10.223879746144931 10.217360516668254
10.217360900514993 10.223880130351997 10.220038403146667 10.22388013035188 10.217360900514906
10.217361284361653 10.223880514558955 10.220038787211488 10.223880514558836 10.21736128436157
10.217361668208325 10.223880898765913 10.22003917127631 10.223880898765799 10.217361668208246
10.217362052054987 10.223881282972883 10.220039555341133 10.223881282972766 10.217362052054927
10.217362435901695 10.223881667179858 10.220039939405977 10.223881667179734 10.217362435901618
10.21736281974839 10.22388205138684 10.220040323470826 10.223882051386724 10.217362819748313
10.217363203595104 10.223882435593831 10.22004070753568 10.22388243559371 10.217363203595022
10.217363587441815 10.223882819800838 10.220041091600544 10.223882819800716 10.217363587441739
10.217363971288542 10.223883204007855 10.22004147566542 10.223883204007725 10.217363971288469
10.21736435513528 10.223883588214878 10.22004185973031 10.223883588214752 10.217364355135205
10.217364738982042 10.22388397242193 10.220042243795215 10.223883972421797 10.217364738981962
10.217365122828822 10.223884356628968 10.220042627860128 10.223884356628846 10.217365122828735
