0.8844387158834093 0.8664953801876337 0.8844387158834097
1.2813156004380373 1.2737883744558114 1.2813156004380377
1.7140364454458028 1.7141619453865293 1.7140364454458035
2.2070001719950407 2.213034490796479 2.2070001719950403
2.7679701835377593 2.778815458139465 2.767970183537761
3.39459623839709 3.4093222174103537 3.3945962383970905
4.075019891744064 4.092634771503503 4.075019891744063
4.788830786910368 4.808225899122636 4.7888307869103715
5.5096987778105975 5.529711063187489 5.509698777810605
6.20952786202942 6.229065572967637 6.209527862029418
6.863029152037927 6.881200444388681 6.863029152037932
7.451319406478203 7.4675146113298085 7.4513194064782065
7.963618704371243 7.977525958350939 7.963618704371243
8.396974095026764 8.408538274967624 8.396974095026765
8.754622180080913 8.763973510076688 8.754622180080919
9.043825179545406 9.051203777251235 9.043825179545406
9.27384433811573 9.279537459269259 9.273844338115724
9.454395066630424 9.458693226263584 9.454395066630426
9.594654946972147 9.597825913264295 9.594654946972142
9.702740434932894 9.705016893793951 9.702740434932892
9.78551596050229 9.787092184040153 9.785515960502302
9.84860708125948 9.849640761574937 9.848607081259484
9.896520559206927 9.897137124428616 9.896520559206929
9.932807433051059 9.933105181866512 9.932807433051062
9.960231668167529 9.960286802590245 9.96023166816754
9.98092518581113 9.980796303625883 9.980925185811126
9.996521336678592 9.996253229056052 9.996521336678596
10.008265214674836 10.007891966665 10.008265214674841
10.017102385434626 10.01664984864703 10.01710238543463
10.023748925528942 10.023236658168821 10.023748925528928
10.028745978326624 10.028188749719295 10.028745978326615
10.03250184408526 10.031910791686398 10.032501844085264
10.035324226707724 10.034707740422814 10.035324226707733
10.03744481278631 10.036809207823689 10.037444812786314
10.039037935336886 10.038387962455982 10.039037935336864
10.04023470605211 10.039573937545146 10.040234706052106
10.041133693940958 10.040464815074019 10.041133693940964
10.041808981764087 10.041134010531609 10.041808981764092
10.04231623708386 10.041636689739262 10.042316237083861
10.042697283210293 10.042014298856587 10.042697283210298
10.042983538459998 10.042297972771879 10.04298353845999
10.043198602649237 10.042511098344372 10.04319860264923
10.043360201551772 10.042671241362257 10.043360201551776
10.043481648289605 10.04279159476959 10.043481648289612
10.043572941439912 10.042882066875258 10.043572941439919
10.043641590038312 10.042950098916426 10.043641590038323
10.043693233328645 10.043001279217199 10.043693233328636
10.043732106283729 10.043039804508677 10.043732106283727
10.043761389255407 10.0430688264231 10.043761389255414
10.043783470581735 10.043090711730402 10.04378347058173
10.043800143812588 10.043107237783333 10.043800143812582
10.04381275582812 10.043119739298467 10.043812755828121
10.043822318074437 10.043129218587529 10.043822318074447
10.04382959009975 10.043136428339142 10.04382959009976
10.043835142287545 10.04314193378555 10.04383514228755
10.043839402967212 10.04314615938784 10.043839402967215
10.043842693792262 10.043149423894585 10.043842693792268
10.04384525630786 10.043151966669463 10.043845256307856
10.043847271901726 10.043153967462036 10.043847271901738
10.043848876786585 10.043155561254855 10.043848876786587
10.04385017325089 10.043156849412599 10.043850173250904
10.043851238107909 10.04315790805475 10.043851238107909
10.043852129040246 10.043158794342993 10.043852129040241
10.043852889364503 10.043159551202736 10.043852889364496
10.043853551609095 10.043160210868622 10.043853551609104
10.043854140201141 10.043160797547115 10.043854140201137
10.043854673484097 10.043161329416034 10.043854673484073
10.04385516523285 10.043161820125883 10.043855165232854
10.04385562579173 10.043162279927532 10.043855625791725
10.043856062928624 10.043162716518763 10.043856062928638
10.043856482476938 10.043163135680208 10.043856482476931
10.043856888817123 10.043163541752852 10.04385688881713
10.043857285238753 10.043163937996482 10.043857285238742
10.04385767421205 10.04316432685908 10.043857674212047
10.04385805759208 10.043164710178926 10.043858057592086
10.043858436771872 10.04316508933646 10.043858436771881
10.043858812797497 10.043165465368297 10.043858812797511
10.043859186454542 10.04316583905296 10.043859186454544
10.043859558332883 10.04316621097497 10.043859558332887
10.043859928875545 10.043166581573372 10.04385992887554
10.04386029841517 10.04316695117781 10.043860298415163
10.043860667201567 10.043167320035817 10.043860667201566
10.043861035422331 10.043167688333309 10.043861035422347
10.043861403218374 10.043168056209874 10.043861403218367
10.043861770695436 10.04316842377038 10.04386177069544
10.043862137932974 10.043168791093521 10.043862137932988
10.043862504990676 10.04316915823842 10.043862504990674
10.043862871913287 10.04316952524948 10.043862871913296
10.0438632387345 10.043169892160046 10.0438632387345
10.043863605479538 10.043170258995124 10.04386360547954
10.043863972167388 10.043170625773527 10.043863972167394
10.04386433881229 10.043170992509376 10.04386433881229
10.04386470542496 10.043171359213293 10.043864705424966
10.043865072013414 10.04317172589321 10.043865072013418
10.043865438583694 10.043172092555102 10.043865438583696
10.043865805140303 10.043172459203467 10.043865805140316
10.043866171686716 10.043172825841685 10.043866171686696
10.043866538225407 10.043173192472306 10.043866538225407
10.043866904758344 10.043173559097173 10.043866904758339
10.04386727128693 10.043173925717774 10.043867271286913
10.043867637812253 10.043174292335127 10.043867637812259
10.043868004335174 10.043174658950097 10.04386800433517
10.043868370856261 10.043175025563256 10.043868370856256
10.043868737375972 10.043175392175046 10.043868737375968
10.043869103894664 10.043175758785823 10.043869103894657
10.043869470412574 10.043176125395854 10.043869470412588
10.043869836929954 10.043176492005301 10.04386983692994
10.04387020344686 10.04317685861434 10.043870203446861
10.043870569963477 10.043177225223047 10.04387056996348
10.04387093647985 10.043177591831531 10.043870936479856
10.043871302996052 10.043177958439843 10.043871302996058
10.043871669512122 10.043178325048025 10.043871669512123
10.043872036028114 10.043178691656127 10.043872036028104
10.043872402544023 10.04317905826414 10.043872402544023
10.043872769059892 10.043179424872138 10.043872769059885
10.043873135575742 10.043179791480101 10.043873135575733
10.04387350209155 10.043180158088038 10.043873502091554
10.043873868607372 10.043180524695961 10.043873868607367
10.04387423512317 10.04318089130387 10.043874235123164
10.043874601638965 10.043181257911787 10.043874601638962
10.043874968154768 10.043181624519699 10.043874968154764
10.04387533467058 10.04318199112764 10.043875334670586
10.043875701186401 10.043182357735576 10.043875701186401
10.043876067702236 10.043182724343515 10.043876067702225
10.043876434218054 10.04318309095146 10.043876434218062
10.04387680073391 10.04318345755942 10.043876800733903
10.043877167249764 10.043183824167414 10.043877167249764
10.043877533765638 10.043184190775383 10.043877533765636
10.043877900281503 10.043184557383384 10.043877900281514
10.043878266797394 10.043184923991387 10.043878266797396
10.043878633313307 10.043185290599414 10.043878633313312
10.043878999829223 10.043185657207449 10.043878999829225
10.043879366345168 10.043186023815494 10.04387936634516
10.043879732861095 10.043186390423564 10.043879732861095
10.043880099377061 10.043186757031638 10.043880099377068
10.043880465893036 10.043187123639724 10.04388046589303
10.043880832409013 10.043187490247824 10.043880832409013
10.043881198925023 10.043187856855939 10.043881198925012
10.043881565441014 10.043188223464046 10.043881565441017
10.043881931957031 10.043188590072186 10.04388193195704
10.043882298473076 10.04318895668034 10.043882298473076
10.04388266498912 10.043189323288509 10.043882664989122
10.04388303150518 10.043189689896685 10.043883031505182
10.043883398021261 10.043190056504884 10.043883398021263
10.043883764537355 10.043190423113089 10.043883764537355
10.043884131053462 10.043190789721315 10.043884131053458
10.043884497569564 10.043191156329529 10.043884497569566
10.043884864085712 10.043191522937791 10.043884864085696
10.04388523060185 10.043191889546051 10.04388523060184
10.043885597118008 10.04319225615432 10.043885597118004
10.043885963634168 10.043192622762614 10.04388596363418
10.043886330150361 10.043192989370917 10.04388633015036
10.043886696666549 10.043193355979238 10.043886696666561
10.04388706318277 10.043193722587537 10.043887063182765
10.043887429698971 10.043194089195888 10.04388742969898
10.043887796215222 10.043194455804235 10.043887796215214
10.043888162731475 10.043194822412605 10.043888162731461
10.043888529247711 10.043195189020977 10.043888529247733
10.043888895763994 10.043195555629366 10.043888895763995
10.043889262280278 10.04319592223776 10.043889262280276
10.043889628796588 10.043196288846186 10.043889628796586
10.04388999531291 10.043196655454619 10.043889995312894
10.043890361829211 10.043197022063067 10.043890361829215
10.04389072834557 10.043197388671517 10.043890728345566
10.043891094861918 10.043197755279992 10.043891094861914
10.043891461378287 10.043198121888459 10.04389146137828
10.043891827894658 10.043198488496966 10.043891827894662
10.043892194411063 10.043198855105471 10.043892194411056
10.043892560927473 10.043199221713989 10.043892560927453
10.043892927443876 10.043199588322528 10.04389292744387
10.043893293960307 10.043199954931072 10.04389329396031
10.043893660476762 10.04320032153964 10.043893660476764
10.043894026993215 10.043200688148213 10.04389402699322
10.043894393509687 10.0432010547568 10.04389439350969
10.043894760026161 10.043201421365396 10.04389476002616
10.043895126542665 10.04320178797401 10.043895126542663
10.043895493059182 10.043202154582659 10.043895493059184
10.043895859575708 10.043202521191287 10.0438958595757
10.043896226092228 10.043202887799927 10.043896226092238
10.043896592608784 10.043203254408592 10.043896592608785
10.043896959125355 10.043203621017284 10.043896959125348
10.043897325641938 10.043203987625978 10.04389732564193
10.04389769215852 10.043204354234687 10.043897692158529
10.043898058675119 10.043204720843418 10.043898058675127
10.043898425191747 10.043205087452138 10.043898425191744
10.043898791708376 10.043205454060889 10.04389879170837
10.043899158225013 10.043205820669643 10.04389915822502
10.043899524741677 10.04320618727842 10.043899524741676
10.043899891258333 10.043206553887192 10.04389989125834
10.043900257775014 10.043206920495992 10.043900257775013
10.043900624291707 10.043207287104797 10.043900624291707
10.043900990808417 10.043207653713631 10.043900990808423
10.043901357325142 10.043208020322478 10.043901357325144
10.043901723841877 10.043208386931331 10.043901723841879
10.043902090358618 10.04320875354018 10.04390209035863
10.043902456875387 10.043209120149061 10.04390245687539
10.043902823392155 10.043209486757958 10.043902823392157
10.043903189908944 10.043209853366864 10.043903189908955
10.043903556425759 10.04321021997579 10.043903556425759
10.043903922942558 10.04321058658472 10.043903922942574
10.043904289459377 10.043210953193654 10.043904289459391
10.043904655976242 10.043211319802605 10.043904655976238
10.043905022493094 10.04321168641159 10.04390502249309
10.043905389009957 10.043212053020582 10.043905389009954
10.043905755526842 10.043212419629576 10.043905755526847
10.043906122043731 10.043212786238575 10.043906122043737
10.043906488560646 10.043213152847592 10.043906488560646
10.04390685507757 10.043213519456632 10.043906855077575
10.043907221594495 10.043213886065693 10.043907221594498
10.043907588111445 10.043214252674765 10.043907588111447
10.043907954628397 10.04321461928384 10.043907954628397
10.043908321145368 10.043214985892904 10.043908321145375
10.04390868766236 10.04321535250202 10.043908687662368
10.043909054179377 10.043215719111144 10.043909054179368
10.043909420696385 10.043216085720275 10.043909420696382
10.043909787213412 10.043216452329403 10.043909787213407
10.043910153730453 10.043216818938573 10.043910153730446
10.043910520247499 10.043217185547737 10.0439105202475
10.04391088676456 10.043217552156907 10.043910886764571
10.043911253281626 10.043217918766123 10.043911253281633
10.043911619798727 10.043218285375321 10.043911619798731
10.043911986315829 10.043218651984528 10.043911986315825
10.043912352832953 10.043219018593778 10.04391235283296
10.043912719350088 10.043219385203013 10.043912719350093
10.043913085867219 10.043219751812291 10.043913085867223
10.04391345238438 10.043220118421562 10.043913452384388
10.043913818901556 10.043220485030849 10.04391381890156
10.043914185418728 10.043220851640143 10.043914185418735
10.043914551935933 10.043221218249446 10.043914551935929
10.043914918453137 10.043221584858776 10.043914918453137
10.043915284970371 10.043221951468109 10.04391528497035
10.043915651487596 10.04322231807747 10.043915651487602
10.04391601800485 10.043222684686855 10.043916018004849
10.04391638452211 10.043223051296215 10.04391638452212
10.0439167510394 10.043223417905622 10.04391675103939
10.043917117556672 10.043223784515021 10.04391711755668
10.043917484073987 10.043224151124429 10.043917484073988
10.043917850591301 10.043224517733863 10.043917850591308
10.04391821710863 10.0432248843433 10.043918217108635
10.043918583625976 10.043225250952782 10.043918583625977
10.043918950143325 10.043225617562243 10.043918950143315
10.043919316660693 10.043225984171716 10.043919316660686
10.043919683178078 10.04322635078123 10.043919683178075
10.043920049695469 10.043226717390734 10.043920049695465
10.043920416212886 10.04322708400025 10.043920416212877
10.043920782730305 10.043227450609802 10.043920782730298
10.043921149247737 10.043227817219359 10.04392114924773
10.043921515765177 10.043228183828925 10.043921515765188
10.043921882282659 10.043228550438501 10.043921882282648
10.043922248800117 10.043228917048067 10.043922248800115
10.043922615317602 10.04322928365768 10.043922615317603
10.043922981835106 10.043229650267302 10.043922981835113
10.043923348352616 10.043230016876924 10.043923348352607
10.043923714870134 10.04323038348657 10.043923714870134
10.043924081387678 10.043230750096226 10.04392408138768
10.043924447905237 10.0432311167059 10.043924447905233
10.043924814422798 10.043231483315578 10.0439248144228
10.043925180940386 10.04323184992528 10.04392518094038
10.043925547457956 10.043232216534973 10.043925547457969
10.043925913975578 10.043232583144691 10.043925913975572
10.043926280493196 10.04323294975444 10.043926280493189
10.043926647010831 10.043233316364184 10.043926647010828
10.043927013528469 10.043233682973948 10.043927013528478
10.043927380046133 10.043234049583713 10.043927380046126
10.043927746563797 10.043234416193526 10.043927746563812
10.04392811308149 10.04323478280332 10.043928113081492
10.04392847959919 10.04323514941313 10.043928479599186
10.043928846116888 10.043235516022952 10.043928846116897
10.043929212634628 10.043235882632805 10.043929212634627
10.043929579152362 10.043236249242653 10.043929579152357
10.043929945670115 10.043236615852527 10.043929945670117
10.043930312187875 10.043236982462405 10.04393031218789
10.043930678705669 10.043237349072292 10.04393067870566
10.043931045223438 10.04323771568221 10.043931045223443
10.043931411741259 10.043238082292126 10.043931411741264
10.043931778259077 10.043238448902065 10.043931778259072
10.043932144776907 10.043238815512009 10.043932144776903
10.043932511294756 10.043239182121994 10.043932511294754
10.043932877812603 10.04323954873195 10.043932877812612
10.043933244330464 10.04323991534193 10.043933244330471
10.043933610848352 10.043240281951931 10.043933610848354
10.04393397736625 10.043240648561934 10.043933977366247
10.043934343884143 10.04324101517195 10.043934343884152
10.04393471040208 10.043241381781993 10.043934710402077
10.043935076920016 10.043241748392056 10.043935076920015
10.043935443437961 10.04324211500212 10.043935443437965
10.043935809955945 10.043242481612198 10.043935809955926
10.043936176473906 10.043242848222295 10.04393617647391
10.043936542991883 10.043243214832394 10.04393654299189
10.0439369095099 10.043243581442516 10.043936909509894
10.043937276027913 10.04324394805264 10.043937276027911
10.04393764254592 10.043244314662783 10.043937642545929
10.043938009063975 10.043244681272935 10.04393800906398
10.043938375582027 10.04324504788311 10.043938375582027
10.043938742100098 10.043245414493295 10.0439387421001
10.043939108618167 10.04324578110349 10.043939108618183
10.043939475136272 10.043246147713715 10.043939475136272
10.043939841654383 10.04324651432392 10.043939841654376
10.043940208172495 10.043246880934175 10.043940208172502
10.043940574690623 10.04324724754441 10.043940574690627
