0.7169512935995275 0.6671004902726266 0.6671004902726272 0.7169512935995277
0.9519953313156706 0.8958024184447981 0.8958024184447985 0.9519953313156707
1.1752973342116948 1.1173051020785079 1.1173051020785087 1.1752973342116957
1.4067210448554763 1.3479814022324748 1.3479814022324748 1.4067210448554754
1.6543140520044484 1.5947816668605463 1.5947816668605472 1.6543140520044486
1.922453359123582 1.8617669822792249 1.8617669822792255 1.9224533591235806
2.2137105847251317 2.1514884797255793 2.1514884797255793 2.2137105847251313
2.5293891628398284 2.465351840604582 2.4653518406045825 2.5293891628398275
2.8696588420253657 2.803683999268806 2.8036839992688067 2.869658842025363
3.2335609460312282 3.1657077240863853 3.1657077240863853 3.233560946031224
3.6189952831191374 3.5495103701493362 3.5495103701493362 3.618995283119132
4.022745960660034 3.952054990607035 3.952054990607036 4.02274596066003
4.440578052938465 4.369263064582965 4.3692630645829675 4.4405780529384575
4.867418334936027 4.7961822848926685 4.796182284892669 4.867418334936017
5.297615554021216 5.227236396291857 5.227236396291857 5.297615554021203
5.725259302729211 5.656537915798502 5.656537915798503 5.725259302729194
6.1445241068737575 6.0782315990764 6.078231599076401 6.144524106873747
6.549999604704431 6.486829773533063 6.4868297735330644 6.549999604704413
6.936969984778142 6.8775018204351905 6.877501820435196 6.936969984778131
7.30161531605541 7.246288662192426 7.2462886621924305 7.301615316055386
7.641121259039654 7.590226560398611 7.590226560398616 7.641121259039626
7.95369821579439 7.907379235284439 7.907379235284441 7.9536982157943665
8.238522964568784 8.196789857015967 8.196789857015972 8.238522964568771
8.495623244387968 8.458372620157196 8.458372620157204 8.495623244387946
8.725728202100566 8.692766765277963 8.69276676527796 8.725728202100537
8.930105950741007 8.901174766840244 8.901174766840247 8.930105950740986
9.110405224930332 9.085202421306539 9.085202421306542 9.11040522493031
9.26851281695987 9.246713328818924 9.24671332881893 9.268512816959836
9.406433353938143 9.387705049682442 9.387705049682443 9.406433353938109
9.526193762170395 9.510209836998511 9.510209836998511 9.526193762170367
9.629771742487252 9.616219641250643 9.616219641250638 9.629771742487218
9.719045715383954 9.707633054808237 9.707633054808257 9.719045715383908
9.795762780765413 9.7862208246298 9.786220824629801 9.795762780765376
9.861521009123518 9.853606248041638 9.85360624804164 9.861521009123484
9.917762588796657 9.911256923754506 9.91125692375451 9.917762588796615
9.965774796314623 9.96048474853414 9.960484748534148 9.965774796314593
10.00669629018619 10.002451577081926 10.002451577081922 10.006696290186158
10.041526761347438 10.03817850007465 10.038178500074663 10.041526761347406
10.071138454857078 10.06855718669329 10.068557186693297 10.07113845485704
10.096288484578748 10.094362157110504 10.094362157110512 10.096288484578706
10.117631190695601 10.116263190364664 10.116263190364668 10.11763119069556
10.135730044207703 10.134837337962002 10.134837337962002 10.135730044207657
10.151068793094682 10.150580212997724 10.15058021299773 10.151068793094641
10.164061683070605 10.16391636999022 10.163916369990215 10.16406168307056
10.17506268288984 10.175208693203809 10.175208693203807 10.175062682889802
10.184373709733416 10.184766780979649 10.184766780979656 10.184373709733395
10.192251892416765 10.192854358861819 10.192854358861835 10.192251892416742
10.198915935476938 10.199695781800692 10.199695781800697 10.198915935476906
10.204551660614428 10.205481700641872 10.20548170064188 10.20455166061438
10.209316807242878 10.21037397439892 10.210373974398921 10.209316807242853
10.213345173810128 10.214509910367067 10.214509910367068 10.213345173810081
10.216750178089754 10.21800591106259 10.218005911062594 10.216750178089718
10.219627909212962 10.22096060175357 10.220960601753577 10.219627909212914
10.222059737782567 10.223457506010998 10.223457506010998 10.222059737782518
10.224114543637699 10.225567329944278 10.225567329944282 10.224114543637658
10.225850614133995 10.227349909042113 10.227349909042129 10.225850614133956
10.227317259432024 10.228855865097188 10.228855865097191 10.227317259431981
10.228556185388147 10.23012801470971 10.230128014709711 10.22855618538811
10.22960265928792 10.23120256542005 10.231202565420059 10.229602659287874
10.230486498871478 10.232110130639509 10.232110130639512 10.230486498871446
10.23123291086093 10.232876590222615 10.232876590222627 10.231232910860898
10.231863201479715 10.233523819724367 10.23352381972438 10.2318632014797
10.232395378212818 10.234070308071322 10.234070308071335 10.23239537821279
10.232844659246334 10.234531680500973 10.234531680500975 10.232844659246291
10.233223904601575 10.234921141141509 10.234921141141525 10.233223904601543
10.233543980893536 10.235249847468936 10.235249847468939 10.2335439808935
10.233814069856844 10.235527227047317 10.235527227047324 10.233814069856814
10.234041929254492 10.235761245391702 10.235761245391704 10.23404192925445
10.23423411347966 10.235958632455176 10.23595863245518 10.234234113479625
10.23439616005031 10.236125074102805 10.236125074102812 10.234396160050254
10.234532747249997 10.236265373964185 10.236265373964189 10.234532747249943
10.234647827365354 10.23638359023257 10.236383590232574 10.234647827365329
10.234744739287848 10.236483151278126 10.236483151278131 10.234744739287809
10.234826303668566 10.236566953348715 10.236566953348719 10.234826303668532
10.234894903324745 10.236637443128348 10.236637443128354 10.234894903324697
10.234952551179722 10.236696687496062 10.236696687496071 10.234952551179683
10.2350009476671 10.23674643246729 10.2367464324673 10.235000947667057
10.235041529230719 10.236788152992789 10.23678815299281 10.235041529230685
10.235075509300549 10.236823095032303 10.236823095032321 10.235075509300518
10.235103912910718 10.236852311099982 10.236852311099986 10.23510391291069
10.235127605945511 10.236876690294103 10.236876690294112 10.23512760594546
10.235147319846403 10.236896983666286 10.236896983666298 10.235147319846375
10.23516367248462 10.236913825653195 10.2369138256532 10.23516367248458
10.235177185793312 10.236927752181646 10.236927752181652 10.235177185793273
10.23518830066319 10.236939215963222 10.236939215963229 10.235188300663157
10.235197389525412 10.236948599414623 10.236948599414633 10.23519738952537
10.235204766981143 10.236956225572063 10.236956225572078 10.23520476698112
10.235210698780863 10.236962367311381 10.236962367311389 10.23521069878081
10.235215409409442 10.236967255136458 10.236967255136465 10.235215409409406
10.23521908849381 10.23697108375856 10.236971083758567 10.235219088493775
10.235221896215375 10.236974017653978 10.236974017653974 10.235221896215343
10.235223967882373 10.23697619575894 10.236976195758949 10.235223967882348
10.235225417792098 10.236977735435369 10.236977735435376 10.235225417792055
10.235226342493446 10.23697873582093 10.23697873582093 10.235226342493403
10.23522682354291 10.236979280658906 10.236979280658913 10.235226823542886
10.235226929832706 10.236979440688684 10.236979440688685 10.235226929832677
10.235226719557154 10.236979275664952 10.236979275664961 10.235226719557115
10.23522624187398 10.236978836063527 10.23697883606354 10.235226241873933
10.23522553830745 10.236978164522093 10.236978164522105 10.235225538307414
10.235224643933854 10.236977297057416 10.236977297057429 10.235224643933813
10.23522358838263 10.236976264093409 10.236976264093418 10.235223588382597
10.235222396682262 10.236975091329628 10.236975091329636 10.235222396682232
10.235221089974706 10.236973800474912 10.236973800474916 10.23522108997465
10.235219686118803 10.236972409867024 10.23697240986704 10.235219686118779
10.23521820020036 10.23697093499617 10.236970934996176 10.235218200200313
10.235216644962454 10.236969388947186 10.23696938894718 10.235216644962414
10.235215031169394 10.236967782772979 10.236967782772982 10.235215031169357
10.235213367913996 10.236966125810147 10.23696612581016 10.235213367913952
10.235211662877058 10.23696442594548 10.236964425945493 10.235211662877001
10.23520992254663 10.236962689841011 10.23696268984102 10.2352099225466
10.235208152403384 10.236960923124297 10.236960923124297 10.235208152403342
10.235206357076823 10.236959130549014 10.236959130549021 10.235206357076777
10.235204540477591 10.236957316130669 10.236957316130676 10.23520454047754
10.235202705909074 10.236955483261202 10.236955483261212 10.235202705909032
10.235200856161663 10.236953634805863 10.236953634805873 10.235200856161637
10.235198993592515 10.236951773184957 10.236951773184957 10.235198993592482
10.235197120192677 10.236949900442948 10.236949900442962 10.235197120192645
10.235195237644053 10.236948018306842 10.236948018306848 10.235195237644017
10.235193347367378 10.236946128235452 10.236946128235452 10.235193347367348
10.235191450562754 10.236944231461063 10.236944231461068 10.235191450562713
10.235189548243909 10.236942329024599 10.2369423290246 10.235189548243868
10.23518764126718 10.236940421805368 10.236940421805363 10.23518764126715
10.235185730355951 10.236938510546093 10.23693851054609 10.235185730355912
10.235183816121218 10.236936595874207 10.23693659587421 10.235183816121184
10.235181899079153 10.236934678319688 10.23693467831969 10.235181899079116
10.235179979665725 10.236932758330205 10.236932758330227 10.235179979665675
10.235178058249216 10.236930836283973 10.236930836283975 10.235178058249188
10.235176135140762 10.236928912500387 10.23692891250039 10.235176135140723
10.235174210603127 10.23692698724931 10.236926987249307 10.235174210603093
10.235172284858317 10.236925060758646 10.236925060758658 10.23517228485828
10.235170358093843 10.236923133220982 10.236923133220987 10.235170358093796
10.235168430468075 10.236921204798934 10.236921204798927 10.235168430468041
10.235166502114852 10.23691927562989 10.236919275629898 10.235166502114803
10.235164573147149 10.236917345829895 10.236917345829902 10.235164573147115
10.235162643660484 10.236915415497005 10.236915415497014 10.235162643660434
10.235160713735464 10.236913484714014 10.23691348471403 10.235160713735425
10.235158783440239 10.23691155355089 10.236911553550886 10.2351587834402
10.235156852832345 10.236909622066685 10.236909622066685 10.23515685283231
10.235154921960385 10.236907690311327 10.236907690311332 10.235154921960355
10.235152990865442 10.236905758326982 10.23690575832699 10.235152990865393
10.235151059582167 10.23690382614927 10.236903826149277 10.235151059582122
10.235149128139865 10.236901893808273 10.236901893808266 10.235149128139838
10.235147196563332 10.236899961329378 10.236899961329383 10.235147196563291
10.235145264873399 10.236898028734064 10.236898028734073 10.235145264873362
10.235143333087768 10.236896096040496 10.236896096040498 10.235143333087738
10.235141401221371 10.236894163263948 10.236894163263962 10.235141401221329
10.235139469286773 10.236892230417395 10.236892230417396 10.235139469286729
10.235137537294639 10.236890297511735 10.23689029751174 10.235137537294602
10.23513560525396 10.236888364556219 10.236888364556217 10.235135605253918
10.235133673172315 10.236886431558641 10.236886431558636 10.235133673172271
10.235131741056144 10.236884498525587 10.236884498525587 10.235131741056103
10.235129808910845 10.236882565462611 10.23688256546262 10.235129808910802
10.235127876741007 10.236880632374453 10.236880632374456 10.235127876740961
10.235125944550488 10.236878699265032 10.236878699265038 10.23512594455044
10.235124012342562 10.236876766137728 10.236876766137735 10.235124012342514
10.235122080119986 10.23687483299537 10.236874832995383 10.235122080119938
10.235120147885079 10.236872899840362 10.236872899840368 10.235120147885043
10.23511821563983 10.236870966674724 10.23687096667472 10.235118215639801
10.235116283385903 10.236869033500122 10.236869033500142 10.235116283385873
10.235114351124688 10.23686710031808 10.236867100318083 10.23511435112466
10.235112418857373 10.23686516712974 10.23686516712975 10.23511241885734
10.235110486584972 10.236863233936171 10.236863233936178 10.235110486584945
10.235108554308324 10.236861300738221 10.236861300738232 10.235108554308285
10.235106622028152 10.236859367536654 10.236859367536658 10.23510662202811
10.235104689745041 10.236857434332064 10.236857434332059 10.235104689745015
10.235102757459538 10.236855501124976 10.236855501124976 10.235102757459485
10.235100825172026 10.236853567915837 10.236853567915853 10.23510082517197
10.235098892882892 10.23685163470503 10.236851634705042 10.23509889288285
10.23509696059244 10.236849701492867 10.236849701492877 10.235096960592404
10.235095028300956 10.23684776827962 10.236847768279626 10.235095028300902
10.235093096008619 10.2368458350655 10.23684583506551 10.235093096008583
10.23509116371564 10.236843901850701 10.236843901850717 10.235091163715607
10.235089231422181 10.236841968635394 10.2368419686354 10.235089231422139
10.23508729912836 10.23684003541972 10.236840035419723 10.23508729912831
10.23508536683428 10.236838102203766 10.23683810220377 10.235085366834241
10.235083434540048 10.236836168987633 10.236836168987642 10.235083434540007
10.235081502245725 10.236834235771425 10.236834235771443 10.235081502245706
10.235079569951443 10.236832302555216 10.236832302555225 10.23507956995139
10.235077637657168 10.236830369339021 10.23683036933904 10.235077637657133
10.235075705363007 10.236828436122934 10.236828436122936 10.235075705362958
10.235073773068963 10.236826502906974 10.236826502906979 10.235073773068935
10.235071840775127 10.236824569691196 10.236824569691205 10.235071840775086
10.235069908481462 10.236822636475607 10.236822636475608 10.235069908481439
10.23506797618806 10.236820703260253 10.236820703260248 10.23506797618801
10.235066043894877 10.23681877004512 10.236818770045117 10.235066043894847
10.235064111601956 10.236816836830252 10.236816836830256 10.235064111601927
10.235062179309345 10.236814903615675 10.236814903615679 10.235062179309306
10.235060247017016 10.23681297040138 10.236812970401385 10.235060247016966
10.235058314724965 10.23681103718739 10.236811037187403 10.235058314724933
10.235056382433251 10.236809103973712 10.23680910397372 10.235056382433209
10.235054450141838 10.236807170760358 10.23680717076036 10.235054450141794
10.235052517850754 10.236805237547316 10.236805237547312 10.23505251785072
10.235050585560023 10.236803304334604 10.236803304334607 10.235050585559975
10.235048653269613 10.236801371122242 10.23680137112224 10.23504865326956
10.235046720979534 10.236799437910204 10.236799437910207 10.235046720979488
10.235044788689795 10.236797504698506 10.236797504698504 10.23504478868976
10.235042856400414 10.23679557148715 10.236795571487159 10.235042856400371
10.235040924111383 10.236793638276152 10.236793638276163 10.235040924111333
10.23503899182269 10.236791705065517 10.236791705065517 10.235038991822645
10.235037059534342 10.236789771855213 10.236789771855221 10.235037059534315
10.23503512724636 10.236787838645263 10.236787838645272 10.235035127246322
10.235033194958731 10.236785905435669 10.236785905435674 10.235033194958692
10.23503126267146 10.23678397222644 10.236783972226446 10.235031262671415
10.23502933038453 10.236782039017546 10.236782039017552 10.23502933038449
10.235027398097948 10.236780105809016 10.236780105809027 10.235027398097925
10.235025465811763 10.236778172600843 10.23677817260085 10.235025465811715
10.235023533525892 10.236776239393025 10.23677623939302 10.235023533525855
10.235021601240406 10.236774306185561 10.236774306185575 10.235021601240353
10.235019668955264 10.236772372978464 10.236772372978464 10.235019668955221
10.235017736670496 10.236770439771732 10.236770439771723 10.235017736670448
10.235015804386068 10.23676850656535 10.236768506565348 10.235015804386034
10.23501387210202 10.236766573359324 10.23676657335934 10.235013872101968
10.235011939818303 10.236764640153662 10.236764640153664 10.235011939818273
10.235010007534973 10.236762706948348 10.236762706948355 10.23501000753493
10.235008075251987 10.236760773743407 10.236760773743416 10.235008075251939
10.235006142969354 10.236758840538828 10.236758840538833 10.235006142969317
10.2350042106871 10.236756907334605 10.2367569073346 10.235004210687052
10.235002278405199 10.236754974130735 10.23675497413074 10.235002278405146
10.235000346123648 10.23675304092723 10.236753040927235 10.2350003461236
10.234998413842467 10.236751107724073 10.23675110772408 10.234998413842414
10.23499648156162 10.236749174521275 10.236749174521288 10.23499648156159
10.234994549281158 10.236747241318856 10.236747241318865 10.234994549281112
10.23499261700106 10.236745308116786 10.236745308116792 10.234992617001007
10.234990684721309 10.23674337491508 10.23674337491508 10.234990684721264
10.234988752441916 10.236741441713722 10.236741441713734 10.234988752441877
10.234986820162886 10.23673950851275 10.236739508512748 10.234986820162845
10.234984887884227 10.236737575312112 10.236737575312125 10.234984887884186
10.23498295560592 10.236735642111844 10.23673564211185 10.23498295560588
10.234981023327963 10.236733708911926 10.236733708911931 10.234981023327926
10.23497909105038 10.236731775712384 10.236731775712387 10.234979091050345
10.234977158773164 10.236729842513196 10.236729842513215 10.234977158773122
10.234975226496294 10.236727909314371 10.23672790931438 10.234975226496255
10.234973294219799 10.236725976115904 10.236725976115917 10.234973294219754
10.234971361943634 10.236724042917787 10.236724042917803 10.234971361943597
10.234969429667848 10.23672210972005 10.23672210972005 10.234969429667805
10.234967497392422 10.236720176522644 10.236720176522661 10.234967497392375
10.23496556511735 10.236718243325626 10.236718243325631 10.23496556511731
10.23496363284263 10.236716310128942 10.236716310128962 10.23496363284259
10.234961700568299 10.236714376932644 10.236714376932644 10.23496170056825
10.234959768294281 10.236712443736687 10.23671244373669 10.234959768294262
10.234957836020662 10.2367105105411 10.236710510541108 10.234957836020627
10.234955903747407 10.236708577345869 10.236708577345878 10.23495590374735
10.234953971474484 10.236706644150992 10.236706644151006 10.234953971474456
10.234952039201943 10.23670471095648 10.2367047109565 10.234952039201904
10.234950106929745 10.236702777762337 10.236702777762344 10.234950106929713
10.234948174657902 10.236700844568544 10.236700844568551 10.234948174657873
10.234946242386446 10.236698911375123 10.236698911375127 10.234946242386414
10.23494431011534 10.236696978182053 10.23669697818206 10.234944310115301
10.234942377844588 10.236695044989338 10.236695044989355 10.23494237784455
10.2349404455742 10.236693111796999 10.236693111797013 10.234940445574177
10.234938513304172 10.236691178605003 10.236691178605 10.234938513304142
10.234936581034502 10.236689245413382 10.236689245413372 10.234936581034475
10.234934648765206 10.2366873122221 10.236687312222113 10.234934648765158
10.234932716496232 10.23668537903119 10.236685379031194 10.234932716496196
10.23493078422765 10.236683445840642 10.236683445840649 10.234930784227613
10.234928851959415 10.23668151265045 10.236681512650447 10.234928851959372
10.234926919691558 10.23667957946061 10.236679579460624 10.23492691969152
10.234924987424044 10.236677646271156 10.236677646271163 10.234924987424009
10.23492305515691 10.236675713082041 10.23667571308205 10.234923055156855
10.234921122890109 10.236673779893298 10.236673779893298 10.234921122890059
10.23491919062366 10.236671846704901 10.236671846704905 10.234919190623634
10.23491725835759 10.23666991351687 10.236669913516872 10.234917258357557
10.234915326091885 10.236667980329196 10.236667980329205 10.234915326091846
10.234913393826515 10.236666047141883 10.236666047141886 10.234913393826501
10.23491146156154 10.236664113954943 10.236664113954944 10.234911461561499
10.234909529296905 10.236662180768352 10.236662180768365 10.234909529296884
10.234907597032638 10.23666024758212 10.23666024758213 10.234907597032606
10.234905664768737 10.236658314396246 10.236658314396262 10.234905664768695
10.234903732505167 10.236656381210741 10.236656381210745 10.234903732505146
10.234901800241975 10.236654448025586 10.236654448025599 10.234901800241955
10.234899867979177 10.236652514840802 10.236652514840815 10.234899867979124
10.2348979357167 10.236650581656377 10.236650581656392 10.234897935716663
10.234896003454596 10.236648648472304 10.236648648472325 10.234896003454555
10.234894071192832 10.236646715288598 10.236646715288616 10.234894071192796
10.234892138931437 10.236644782105254 10.236644782105257 10.234892138931407
10.234890206670414 10.236642848922267 10.236642848922282 10.234890206670375
10.234888274409743 10.236640915739635 10.236640915739635 10.234888274409707
10.234886342149425 10.236638982557366 10.236638982557354 10.234886342149387
10.23488440988947 10.23663704937545 10.236637049375464 10.23488440988944
10.234882477629883 10.236635116193897 10.236635116193915 10.23488247762985
10.23488054537065 10.236633183012714 10.236633183012714 10.23488054537061
10.23487861311178 10.236631249831884 10.236631249831879 10.234878613111748
10.234876680853272 10.236629316651415 10.236629316651426 10.234876680853235
10.234874748595114 10.236627383471298 10.236627383471316 10.234874748595084
10.234872816337331 10.23662545029155 10.236625450291548 10.234872816337287
10.234870884079896 10.236623517112147 10.236623517112173 10.234870884079854
10.234868951822826 10.236621583933129 10.236621583933127 10.234868951822778
10.2348670195661 10.236619650754461 10.236619650754456 10.234867019566066
10.234865087309739 10.236617717576133 10.236617717576145 10.234865087309705
10.234863155053754 10.236615784398188 10.236615784398198 10.234863155053713
10.234861222798118 10.236613851220604 10.236613851220604 10.234861222798079
10.23485929054285 10.236611918043366 10.236611918043367 10.234859290542813
10.23485735828792 10.236609984866497 10.236609984866504 10.234857358287899
10.234855426033382 10.236608051689982 10.236608051689991 10.23485542603335
10.234853493779186 10.236606118513846 10.236606118513846 10.234853493779159
10.234851561525367 10.236604185338063 10.23660418533807 10.234851561525327
10.2348496292719 10.236602252162632 10.23660225216263 10.234849629271855
10.234847697018767 10.236600318987554 10.236600318987563 10.23484769701874
10.234845764766014 10.23659838581284 10.236598385812847 10.23484576476599
10.234843832513633 10.236596452638489 10.236596452638494 10.234843832513594
