0.7099368104765289 0.6611922082792968 0.6611922082792973 0.7099368104765292
0.9402415804679641 0.8852799802587982 0.8852799802587993 0.9402415804679645
1.1580772758755447 1.1013677314729924 1.1013677314729926 1.158077275875545
1.3829691579477246 1.3255859622785386 1.3255859622785389 1.3829691579477241
1.6227677304061647 1.564703516879366 1.5647035168793666 1.6227677304061638
1.8817142510939353 1.8226396637249815 1.8226396637249827 1.8817142510939338
2.1622991458581047 2.1018516514794925 2.1018516514794925 2.1622991458581033
2.4658096660818445 2.4037137403445508 2.4037137403445508 2.465809666081843
2.792478630430294 2.7285994078933173 2.7285994078933173 2.792478630430291
3.1415016519273538 3.075868732320109 3.075868732320109 3.141501651927352
3.511029480009664 3.443843686302608 3.443843686302609 3.5110294800096584
3.898189455818483 3.8298163622862806 3.8298163622862815 3.8981894558184775
4.299166186410222 4.23011735453663 4.230117354536628 4.299166186410213
4.709354873644821 4.640257627163276 4.640257627163276 4.709354873644814
5.123585417626042 5.055143135026987 5.055143135026989 5.1235854176260345
5.536401174717503 5.469347557339328 5.469347557339329 5.536401174717493
5.942365022764927 5.8774169412914805 5.8774169412914805 5.94236502276492
6.336359459000806 6.2741733492631155 6.274173349263116 6.336359459000795
6.713848144435025 6.654984356494311 6.654984356494312 6.713848144435004
7.071073237020988 7.015971379304289 7.01597137930429 7.071073237020968
7.405174010543494 7.354140536258015 7.354140536258022 7.405174010543477
7.714224704988157 7.6674322039194625 7.6674322039194704 7.714224704988141
7.997200451078611 7.954696708597597 7.9546967085976 7.99720045107859
8.25388752230993 8.215611593732989 8.215611593732994 8.253887522309908
8.48475742124632 8.450559761872801 8.450559761872805 8.48475742124629
8.69082385338584 8.660487820061803 8.660487820061803 8.690823853385814
8.873498607717321 8.846761217768018 8.846761217768018 8.873498607717298
9.034458052082128 9.011028562962561 9.011028562962569 9.034458052082101
9.175527474953093 9.155102990555388 9.155102990555395 9.17552747495308
9.298586604572273 9.280864438180362 9.280864438180368 9.298586604572245
9.405496670407755 9.390183568863574 9.390183568863574 9.405496670407722
9.498047401218548 9.48486596589753 9.484865965897534 9.498047401218523
9.57792125576859 9.56661400935337 9.566614009353382 9.577921255768562
9.646671752187366 9.637003328469053 9.63700332846906 9.646671752187324
9.705712785919978 9.697470693615161 9.697470693615173 9.705712785919948
9.756316119502841 9.749310475121336 9.749310475121336 9.756316119502808
9.79961465016124 9.793677207111084 9.79367720711109 9.799614650161205
9.836609518368407 9.831592251242999 9.831592251243006 9.836609518368364
9.868179554346298 9.863952995241467 9.863952995241469 9.868179554346263
9.895091940084964 9.89154341086516 9.891543410865163 9.895091940084928
9.918013280528173 9.915045121963905 9.915045121963914 9.918013280528124
9.937520529216599 9.935048394308517 9.935048394308518 9.937520529216567
9.954111407107963 9.952062660511118 9.95206266051112 9.954111407107925
9.9682140973409 9.966526344199007 9.96652634419901 9.968214097340867
9.980196102721095 9.978815857028145 9.978815857028156 9.980196102721056
9.990372225371658 9.989253718960043 9.989253718960047 9.99037222537162
9.999011676817668 9.998115804183834 9.998115804183847 9.999011676817629
10.006344357941424 10.005637748520389 10.00563774852039 10.006344357941376
10.012566366650725 10.012020574181914 10.012020574181918 10.012566366650688
10.017844800525781 10.01743559831224 10.017435598312243 10.017844800525731
10.022321924990976 10.022028695771004 10.022028695771011 10.022321924990946
10.026118776795542 10.0259239863458 10.025923986345822 10.026118776795505
10.029338269287955 10.029227013568962 10.029227013568978 10.029338269287923
10.032067861208098 10.032027477708407 10.032027477708416 10.032067861208063
10.03438184523103 10.03440158007564 10.034401580075638 10.03438184523099
10.036343306776908 10.036414030076324 10.03641403007633 10.036343306776871
10.038005797972065 10.038119760763404 10.03811976076341 10.038005797972035
10.039414766304253 10.039565393252342 10.039565393252348 10.039414766304223
10.040608772572801 10.040790485346132 10.040790485346138 10.04060877257276
10.041620528243808 10.041828595152394 10.041828595152392 10.04162052824376
10.042477778296227 10.042708186376998 10.042708186377006 10.04247777829619
10.043204052075438 10.043453398338992 10.043453398338999 10.043204052075406
10.043819301531872 10.044084700546891 10.0440847005469 10.043819301531837
10.044340443479584 10.044619448873975 10.044619448873979 10.044340443479538
10.044781820124765 10.045072357931899 10.045072357931899 10.044781820124731
10.045155590051426 10.045455902131174 10.045455902131174 10.045155590051392
10.0454720600707 10.045780656095138 10.045780656095147 10.045472060070653
10.045739966810793 10.046055583526698 10.046055583526707 10.045739966810757
10.04596671561058 10.046288282282369 10.046288282282372 10.045966715610541
10.046158583155712 10.046485192255787 10.046485192255798 10.046158583155668
10.046320889335282 10.046651771688188 10.046651771688191 10.046320889335234
10.046458142976064 10.046792646682098 10.046792646682098 10.046458142976036
10.046574165412242 10.04691173797745 10.046911737977457 10.046574165412208
10.046672195252105 10.047012368438228 10.047012368438224 10.04667219525207
10.046754977196455 10.047097354177488 10.047097354177494 10.04675497719643
10.046824837331492 10.047169081806544 10.04716908180655 10.046824837331462
10.04688374695263 10.047229573917326 10.047229573917328 10.046883746952597
10.046933376663617 10.047280544587869 10.04728054458787 10.046933376663578
10.046975142231103 10.047323446429145 10.047323446429152 10.046975142231078
10.047010243449792 10.047359510460751 10.047359510460758 10.04701024344977
10.047039697082532 10.04738977990787 10.047389779907881 10.0470396970825
10.047064364777988 10.047415138845128 10.047415138845139 10.047064364777967
10.047084976731472 10.047436336472856 10.04743633647287 10.04708497673143
10.047102151737176 10.04745400769118 10.047454007691186 10.047102151737139
10.047116414182426 10.047468690536313 10.04746869053632 10.047116414182392
10.047128208449795 10.047480840957512 10.047480840957515 10.047128208449763
10.047137911122467 10.04749084534002 10.047490845340027 10.047137911122434
10.047145841327778 10.047499031117818 10.04749903111782 10.047145841327751
10.047152269502957 10.04750567576745 10.047505675767454 10.047152269502913
10.04715742482355 10.047511014429846 10.047511014429844 10.047157424823506
10.047161501498726 10.04751524636938 10.047515246369397 10.047161501498676
10.047164664106049 10.047518540447605 10.047518540447603 10.047164664106012
10.047167052112494 10.047521039761753 10.047521039761762 10.04716705211247
10.04716878370559 10.04752286557582 10.047522865575827 10.047168783705562
10.047169959040149 10.047524120651655 10.047524120651662 10.047169959040096
10.047170662989506 10.047524892071937 10.047524892071944 10.04717066298947
10.047170967477301 10.04752525363242 10.047525253632438 10.04717096747726
10.047170933453115 10.047525267869283 10.047525267869284 10.047170933453085
10.047170612566958 10.047524987776963 10.047524987776965 10.047170612566926
10.047170048588109 10.047524458264114 10.04752445826413 10.047170048588084
10.047169278607628 10.047523717387259 10.047523717387259 10.047169278607589
10.047168334057178 10.047522797396281 10.047522797396288 10.047168334057142
10.047167241572664 10.047521725620417 10.047521725620422 10.047167241572637
10.047166023725884 10.047520525219008 10.047520525219012 10.047166023725849
10.047164699644632 10.047519215817754 10.047519215817765 10.047164699644583
10.047163285538165 10.047517814047907 10.047517814047906 10.04716328553814
10.04716179514263 10.04751633400308 10.047516334003085 10.047161795142586
10.047160240098211 10.047514787626532 10.04751478762653 10.047160240098167
10.047158630269085 10.047513185039179 10.047513185039193 10.047158630269053
10.047156974014364 10.047511534817751 10.047511534817756 10.047156974014335
10.047155278417723 10.047509844230278 10.04750984423028 10.047155278417693
10.047153549481994 10.047508119435872 10.04750811943587 10.047153549481957
10.047151792294107 10.047506365653874 10.047506365653875 10.047151792294068
10.047150011164833 10.047504587307268 10.047504587307278 10.047150011164783
10.047148209747188 10.047502788144174 10.047502788144183 10.047148209747148
10.047146391136858 10.047500971340835 10.047500971340837 10.047146391136808
10.047144557957122 10.047499139588842 10.047499139588838 10.047144557957084
10.047142712431066 10.047497295169116 10.047497295169125 10.04714271243102
10.047140856442514 10.047495440014567 10.047495440014563 10.047140856442473
10.047138991587902 10.047493575763156 10.04749357576316 10.047138991587872
10.047137119220068 10.04749170380293 10.047491703802935 10.047137119220034
10.047135240485451 10.047489825310166 10.047489825310171 10.047135240485419
10.04713335635552 10.047487941281661 10.047487941281654 10.047133356355495
10.04713146765357 10.04748605256209 10.04748605256209 10.047131467653536
10.04712957507724 10.047484159867297 10.047484159867304 10.047129575077212
10.047127679217734 10.047482263803857 10.047482263803861 10.047127679217716
10.047125780576101 10.047480364885823 10.047480364885832 10.047125780576058
10.047123879576825 10.047478463548805 10.04747846354881 10.04712387957679
10.047121976579735 10.047476560161936 10.047476560161941 10.047121976579696
10.047120071889681 10.047474655038052 10.047474655038057 10.047120071889648
10.047118165765069 10.04747274844222 10.047472748442239 10.047118165765019
10.047116258424792 10.047470840599118 10.047470840599114 10.04711625842476
10.047114350054429 10.047468931699067 10.047468931699072 10.047114350054393
10.047112440811183 10.047467021903424 10.047467021903435 10.04711244081115
10.047110530828299 10.04746511134887 10.047465111348885 10.047110530828277
10.047108620218692 10.047463200151288 10.047463200151286 10.047108620218665
10.047106709078054 10.047461288408803 10.047461288408805 10.04710670907802
10.047104797487465 10.047459376204657 10.047459376204662 10.047104797487409
10.047102885515587 10.047457463609296 10.047457463609298 10.047102885515548
10.047100973220681 10.047455550682521 10.047455550682521 10.047100973220653
10.047099060652105 10.0474536374749 10.047453637474906 10.047099060652075
10.047097147851664 10.047451724029385 10.047451724029383 10.047097147851625
10.047095234854774 10.047449810382275 10.047449810382279 10.047095234854737
10.047093321691486 10.04744789656445 10.047447896564455 10.047093321691442
10.047091408387221 10.047445982601964 10.04744598260197 10.047091408387175
10.047089494963558 10.047444068516967 10.047444068516967 10.047089494963508
10.04708758143876 10.047442154328198 10.047442154328193 10.047087581438726
10.047085667828323 10.04744024005154 10.047440240051548 10.047085667828284
10.047083754145381 10.047438325700465 10.047438325700472 10.047083754145332
10.047081840401011 10.047436411286386 10.047436411286391 10.04708184040098
10.047079926604686 10.04743449681897 10.047434496818974 10.04707992660464
10.047078012764345 10.047432582306394 10.0474325823064 10.047078012764311
10.047076098886786 10.047430667755629 10.047430667755634 10.047076098886757
10.047074184977754 10.047428753172552 10.047428753172554 10.047074184977724
10.047072271042095 10.047426838562131 10.047426838562131 10.04707227104205
10.047070357083912 10.047424923928604 10.047424923928611 10.047070357083868
10.047068443106715 10.047423009275548 10.047423009275558 10.047068443106665
10.04706652911343 10.047421094605996 10.047421094606012 10.0470665291134
10.047064615106608 10.047419179922532 10.047419179922539 10.047064615106562
10.04706270108834 10.047417265227311 10.047417265227319 10.047062701088302
10.047060787060415 10.047415350522213 10.047415350522217 10.047060787060396
10.047058873024413 10.047413435808773 10.04741343580877 10.047058873024383
10.047056958981596 10.047411521088334 10.04741152108833 10.047056958981555
10.047055044933035 10.047409606362002 10.047409606362 10.047055044933002
10.047053130879688 10.047407691630742 10.047407691630756 10.047053130879654
10.047051216822355 10.047405776895372 10.047405776895378 10.047051216822295
10.047049302761634 10.047403862156559 10.047403862156553 10.047049302761595
10.04704738869816 10.04740194741488 10.047401947414892 10.047047388698127
10.047045474632386 10.047400032670847 10.047400032670849 10.047045474632359
10.047043560564708 10.047398117924857 10.047398117924867 10.047043560564683
10.047041646495519 10.047396203177264 10.047396203177266 10.047041646495465
10.047039732425036 10.047394288428372 10.047394288428377 10.047039732424999
10.047037818353536 10.047392373678429 10.047392373678433 10.047037818353513
10.047035904281252 10.04739045892765 10.047390458927657 10.047035904281215
10.047033990208343 10.047388544176243 10.04738854417624 10.047033990208298
10.047032076134958 10.047386629424324 10.04738662942433 10.04703207613492
10.04703016206122 10.047384714672033 10.04738471467204 10.047030162061182
10.047028247987267 10.0473827999195 10.047382799919507 10.047028247987217
10.047026333913147 10.0473808851668 10.047380885166806 10.047026333913095
10.047024419838941 10.04737897041401 10.047378970414037 10.047024419838909
10.047022505764746 10.047377055661238 10.047377055661233 10.047022505764707
10.047020591690588 10.047375140908485 10.047375140908487 10.04702059169056
10.047018677616553 10.047373226155807 10.047373226155818 10.047018677616512
10.047016763542631 10.04737131140329 10.047371311403278 10.04701676354259
10.047014849468885 10.04736939665092 10.047369396650927 10.04701484946885
10.04701293539536 10.047367481898752 10.04736748189876 10.047012935395328
10.047011021322065 10.047365567146821 10.047365567146814 10.047011021322026
10.047009107248973 10.047363652395104 10.047363652395116 10.047009107248938
10.047007193176166 10.047361737643662 10.047361737643662 10.047007193176126
10.047005279103638 10.04735982289249 10.047359822892494 10.047005279103603
10.047003365031408 10.047357908141613 10.04735790814162 10.047003365031362
10.047001450959478 10.04735599339103 10.047355993391035 10.047001450959426
10.046999536887833 10.04735407864076 10.047354078640762 10.0469995368878
10.04699762281652 10.047352163890805 10.047352163890807 10.046997622816493
10.046995708745541 10.047350249141175 10.04735024914118 10.0469957087455
10.046993794674878 10.047348334391874 10.047348334391872 10.046993794674849
10.04699188060457 10.047346419642889 10.047346419642901 10.046991880604518
10.046989966534568 10.047344504894273 10.047344504894266 10.046989966534532
10.046988052464933 10.04734259014597 10.04734259014597 10.046988052464881
10.046986138395628 10.04734067539801 10.047340675398024 10.046986138395585
10.046984224326671 10.047338760650403 10.04733876065041 10.046984224326618
10.046982310258045 10.047336845903144 10.047336845903155 10.046982310258018
10.046980396189808 10.047334931156245 10.04733493115625 10.046980396189754
10.046978482121888 10.047333016409683 10.047333016409688 10.046978482121851
10.046976568054333 10.047331101663485 10.047331101663493 10.046976568054296
10.046974653987144 10.047329186917649 10.047329186917647 10.046974653987096
10.046972739920284 10.047327272172142 10.04732727217215 10.046972739920262
10.046970825853816 10.047325357427006 10.047325357427013 10.046970825853771
10.046968911787665 10.047323442682213 10.047323442682226 10.046968911787639
10.046966997721896 10.047321527937802 10.047321527937802 10.04696699772186
10.046965083656481 10.047319613193732 10.047319613193732 10.046965083656444
10.046963169591415 10.047317698450016 10.04731769845002 10.04696316959138
10.046961255526728 10.047315783706667 10.047315783706663 10.046961255526682
10.046959341462372 10.047313868963656 10.047313868963661 10.046959341462331
10.046957427398382 10.047311954221025 10.047311954221032 10.046957427398349
10.04695551333475 10.047310039478756 10.047310039478756 10.046955513334717
10.046953599271475 10.047308124736828 10.047308124736835 10.046953599271447
10.046951685208576 10.047306209995268 10.047306209995268 10.046951685208537
10.046949771146016 10.047304295254056 10.047304295254063 10.046949771145982
10.046947857083813 10.047302380513212 10.047302380513221 10.046947857083788
10.046945943021969 10.047300465772723 10.047300465772732 10.046945943021944
10.046944028960505 10.047298551032608 10.0472985510326 10.046944028960473
10.046942114899402 10.047296636292833 10.04729663629284 10.046942114899357
10.046940200838634 10.04729472155343 10.047294721553431 10.046940200838602
10.046938286778243 10.04729280681438 10.04729280681438 10.046938286778207
10.046936372718204 10.04729089207569 10.047290892075694 10.046936372718164
10.046934458658528 10.047288977337368 10.047288977337368 10.04693445865849
10.046932544599217 10.047287062599388 10.047287062599395 10.046932544599176
10.04693063054025 10.047285147861784 10.047285147861784 10.04693063054021
10.046928716481647 10.047283233124526 10.047283233124531 10.046928716481613
10.046926802423405 10.04728131838762 10.04728131838764 10.046926802423362
10.046924888365528 10.047279403651105 10.04727940365111 10.046924888365481
10.046922974307993 10.047277488914933 10.047277488914942 10.046922974307975
10.046921060250819 10.047275574179118 10.047275574179126 10.046921060250806
10.046919146194044 10.047273659443661 10.047273659443674 10.046919146194
10.046917232137597 10.047271744708578 10.047271744708578 10.04691723213756
10.046915318081517 10.04726982997384 10.04726982997384 10.046915318081476
10.046913404025794 10.047267915239473 10.047267915239468 10.046913404025748
10.046911489970425 10.047266000505456 10.047266000505466 10.046911489970393
10.046909575915429 10.0472640857718 10.047264085771811 10.046909575915391
10.046907661860775 10.047262171038508 10.04726217103851 10.04690766186074
10.046905747806505 10.047260256305568 10.047260256305574 10.046905747806465
10.046903833752564 10.04725834157299 10.047258341573004 10.046903833752534
10.046901919698982 10.047256426840768 10.047256426840775 10.046901919698964
10.046900005645796 10.047254512108914 10.047254512108928 10.046900005645757
10.04689809159295 10.047252597377435 10.047252597377437 10.04689809159291
10.046896177540454 10.047250682646286 10.047250682646299 10.046896177540429
10.046894263488324 10.047248767915502 10.047248767915507 10.046894263488296
10.046892349436567 10.04724685318509 10.047246853185086 10.046892349436527
10.046890435385146 10.047244938455023 10.047244938455023 10.046890435385118
10.046888521334102 10.047243023725326 10.047243023725331 10.046888521334061
10.0468866072834 10.047241108995975 10.047241108995978 10.046886607283367
10.046884693233078 10.047239194267002 10.047239194267007 10.046884693233043
10.04688277918311 10.047237279538377 10.047237279538386 10.046882779183074
10.046880865133502 10.047235364810124 10.047235364810128 10.046880865133467
10.046878951084247 10.047233450082224 10.047233450082228 10.046878951084214
10.046877037035369 10.04723153535468 10.047231535354681 10.046877037035328
10.046875122986835 10.04722962062751 10.047229620627512 10.046875122986798
10.046873208938662 10.047227705900685 10.047227705900683 10.046873208938619
10.04687129489085 10.04722579117423 10.047225791174226 10.046871294890813
10.0468693808434 10.047223876448122 10.047223876448124 10.046869380843367
10.04686746679631 10.047221961722375 10.047221961722368 10.046867466796266
10.046865552749567 10.047220046996994 10.047220046997005 10.046865552749535
10.046863638703192 10.047218132271967 10.047218132271967 10.046863638703174
10.046861724657196 10.047216217547309 10.047216217547305 10.046861724657154
10.046859810611528 10.047214302822999 10.047214302823003 10.046859810611489
10.046857896566241 10.047212388099048 10.04721238809905 10.046857896566195
10.04685598252129 10.04721047337547 10.047210473375472 10.046855982521262
10.046854068476712 10.047208558652228 10.047208558652239 10.046854068476685
10.046852154432498 10.047206643929362 10.047206643929373 10.046852154432468
10.046850240388656 10.047204729206872 10.047204729206873 10.046850240388613
10.046848326345154 10.047202814484722 10.047202814484718 10.04684832634511
10.046846412302008 10.047200899762922 10.047200899762931 10.046846412301978
10.046844498259244 10.047198985041495 10.047198985041506 10.046844498259205
10.046842584216815 10.047197070320427 10.047197070320435 10.04684258421678
10.046840670174763 10.047195155599724 10.047195155599727 10.04684067017472
10.046838756133068 10.047193240879375 10.047193240879377 10.046838756133022
10.046836842091698 10.047191326159387 10.047191326159389 10.046836842091682
10.046834928050762 10.047189411439758 10.047189411439762 10.046834928050702
10.046833014010122 10.047187496720484 10.047187496720499 10.046833014010081
10.046831099969857 10.047185582001575 10.047185582001575 10.046831099969824
10.046829185929955 10.047183667283027 10.047183667283033 10.046829185929926
10.04682727189043 10.047181752564837 10.047181752564839 10.04682727189038
10.046825357851235 10.047179837847 10.04717983784701 10.046825357851196
10.046823443812421 10.04717792312953 10.047177923129526 10.046823443812375
10.046821529773954 10.047176008412414 10.047176008412421 10.046821529773915
10.046819615735847 10.047174093695665 10.047174093695666 10.046819615735812
10.046817701698108 10.047172178979272 10.047172178979277 10.046817701698068
10.046815787660725 10.047170264263244 10.047170264263237 10.046815787660684
10.046813873623696 10.047168349547562 10.047168349547563 10.046813873623654
10.046811959587037 10.047166434832254 10.04716643483226 10.046811959586998
10.046810045550734 10.047164520117297 10.047164520117303 10.046810045550691
10.04680813151477 10.047162605402697 10.047162605402704 10.046808131514748
10.0468062174792 10.047160690688465 10.047160690688465 10.046806217479155
10.046804303443961 10.04715877597458 10.047158775974587 10.046804303443936
10.046802389409093 10.047156861261065 10.047156861261067 10.046802389409065
10.046800475374594 10.047154946547913 10.047154946547908 10.046800475374557
10.046798561340454 10.047153031835117 10.047153031835128 10.046798561340411
10.046796647306659 10.04715111712268 10.047151117122688 10.046796647306635
10.046794733273241 10.0471492024106 10.047149202410603 10.046794733273197
