0.6720323790542349 0.6425899705943512 0.6720323790542352
0.8797033381061917 0.850024153190382 0.8797033381061918
1.072052790948823 1.0434651045234922 1.0720527909488227
1.2660584522599316 1.2383907945676 1.2660584522599314
1.4682094051561327 1.4410325406488622 1.4682094051561325
1.6819370785374184 1.654843845803889 1.681937078537419
1.9093260985048919 1.8819889084343122 1.9093260985048928
2.15165927609281 2.1238337386198807 2.1516592760928095
2.409611347925411 2.3811295416282823 2.4096113479254115
2.6833149848575943 2.6540788377675804 2.683314984857597
2.9723786584339122 2.942354924686352 2.9723786584339127
3.2758913990283007 3.2451074898708017 3.2758913990283007
3.5924328950216045 3.5609725032094093 3.5924328950216045
3.9200997003028606 3.88809735884365 3.9200997003028615
4.256553518640553 4.2241875720733075 4.256553518640555
4.599093588169851 4.5665774189409944 4.599093588169855
4.944751535763057 4.912323236924344 4.944751535763059
5.290403776018064 5.258314759636249 5.290403776018067
5.632893920048766 5.60139716389371 5.632893920048767
5.969156097286566 5.9384948334708945 5.9691560972865725
6.296329815668383 6.266727443259102 6.296329815668389
6.611858006470974 6.583509876249211 6.6118580064709755
6.91356199236683 6.886629496152513 6.913561992366839
7.199689866379126 7.17429700834333 7.1996898663791296
7.468937678181216 7.445170056109906 7.468937678181215
7.720445430312454 7.698351347951437 7.720445430312462
7.953771855517123 7.93336514592701 7.9537718555171315
8.168853115577054 8.150117186969682 8.168853115577063
8.365950937778459 8.348843551067864 8.365950937778464
8.545595419870104 8.530053755719367 8.545595419870107
8.708526988494807 8.694472641927435 8.708526988494802
8.855641002806534 8.842984637249165 8.855641002806538
8.98793743982043 8.976582925150499 8.987937439820447
9.106477117287316 9.09632505825565 9.106477117287321
9.212345085886824 9.203295712993855 9.212345085886831
9.306621190298848 9.298576633392361 9.306621190298848
9.390357358075267 9.383223354739016 9.390357358075269
9.46456090402325 9.458248012814336 9.464560904023259
9.530183003179474 9.524607399077105 9.530183003179477
9.5881114521875 9.583195381309677 9.588111452187514
9.639166874599402 9.634838840011554 9.639166874599422
9.684101603384192 9.680296345798988 9.684101603384201
9.72360057307321 9.720258901008444 9.723600573073217
9.758283659772726 9.755352174378059 9.758283659772728
9.788709010022627 9.786139760990169 9.78870901002264
9.815376993411009 9.813127094527067 9.81537699341102
9.83873449607586 9.836765722213942 9.83873449607587
9.859179341821513 9.85745772354063 9.859179341821523
9.877064684878714 9.875560112209474 9.877064684878732
9.892703264400225 9.891389107761535 9.892703264400243
9.906371447007555 9.9052242003672 9.90637144700755
9.918313011594211 9.91731196083378 9.918313011594218
9.928742651600997 9.927869569444985 9.928742651601002
9.937849185432938 9.93708805314283 9.937849185432949
9.945798476742219 9.945135231962835 9.945798476742224
9.952736073928987 9.952158383529008 9.952736073928996
9.958789583221153 9.958286639624982 9.958789583221163
9.96407079273227 9.963633132047962 9.964070792732269
9.968677566484068 9.96829690664742 9.968677566484065
9.972695527918933 9.972364625068206 9.972695527918933
9.976199552232062 9.97591207357518 9.976199552232075
9.979255086160311 9.97900549767912 9.97925508616032
9.981919312852193 9.981702780292585 9.981919312852213
9.984242178244449 9.984054479957102 9.984242178244461
9.986267294078388 9.986104744395165 9.986267294078399
9.988032731373591 9.9878921133244 9.988032731373604
9.989571716882299 9.989450223173224 9.98957171688231
9.990913243807318 9.990808425090878 9.990913243807327
9.992082606899087 9.991992326469632 9.9920826068991
9.993101870958528 9.993024265100578 9.993101870958528
9.993990280789154 9.993923724093511 9.99399028078917
9.994764619712363 9.994707694751868 9.994764619712386
9.99543952296302 9.995390993791624 9.99543952296303
9.996027751529402 9.99598654053101 9.996027751529411
9.996540431347302 9.99650559901755 9.996540431347315
9.996987262167456 9.996957989461656 9.99698726216747
9.997376699893474 9.997352272818972 9.997376699893476
9.997716115723106 9.997695911893338 9.99771611572311
9.998011935016027 9.997995411918824 9.998011935016034
9.998269758449835 9.998256443212947 9.99826975844983
9.998494467707058 9.998483948171213 9.998494467707054
9.99869031765643 9.998682234589605 9.99869031765645
9.998861016744636 9.998855057052582 9.998861016744646
9.999009797099621 9.999005687905603 9.999009797099635
9.999139475656822 9.99913697913972 9.999139475656834
9.999252507453715 9.999251416347642 9.999252507453718
9.9993510320931 9.999351165764104 9.999351032093104
9.999436914248495 9.999438115274268 9.999436914248495
9.99951177897365 9.999513910162314 9.999511778973671
9.999577042481546 9.99957998427273 9.999577042481556
9.999633938972934 9.999637587172707 9.99963393897294
9.999683544021053 9.999687807827527 9.999683544021062
9.999726794953501 9.99973159523599 9.999726794953514
9.99976450861681 9.999769776416054 9.999764508616826
9.99979739685937 9.99980307208036 9.999797396859377
9.999826080025358 9.999832110298028 9.999826080025368
9.999851098715176 9.999857438401643 9.999851098715178
9.999872924034841 9.99987953336406 9.999872924034843
9.999891966528399 9.999898810842042 9.999891966528404
9.99990858396252 9.99991563305779 9.999908583962519
9.99992308811052 9.999930315667429 9.999923088110531
9.99993575066476 9.999943133746992 9.999935750664767
9.999946808388916 9.999954327008838 9.999946808388923
9.999956467608133 9.999964104347788 9.999956467608158
9.999964908122081 9.999972647802766 9.999964908122088
9.99997228661482 9.99998011600923 9.999972286614806
9.999978739626545 9.999986647208043 9.999978739626554
9.999984386143353 9.99999236186711 9.999984386143364
9.999989329853854 9.999997364966513 9.999989329853875
9.999993661115942 10.000001747989474 9.999993661115932
9.999997458670482 10.000005590657635 9.999997458670492
10.000000791135042 10.000008962443108 10.000000791135054
10.000003718305194 10.000011923886273 10.000003718305196
10.000006292288818 10.000014527743968 10.00000629228882
10.00000855849439 10.000016819990242 10.000008558494407
10.000010556492409 10.000018840688421 10.000010556492425
10.000012320765828 10.000020624750947 10.000012320765835
10.000013881364248 10.000022202601718 10.000013881364247
10.000015264473806 10.00002360075299 10.00001526447381
10.000016492914002 10.000024842308488 10.000016492914016
10.000017586570447 10.00002594740151 10.000017586570443
10.000018562772096 10.000026933576816 10.000018562772095
10.000019436619933 10.000027816123508 10.000019436619938
10.000020221273457 10.000028608364952 10.000020221273461
10.000020928200279 10.00002932191159 10.000020928200268
10.00002156739359 10.000029966881126 10.000021567393604
10.00002214756183 10.000030552090427 10.00002214756184
10.00002267629377 10.000031085222773 10.000022676293783
10.000023160202511 10.000031572973633 10.000023160202524
10.000023605050918 10.000032021177674 10.00002360505092
10.000024015860912 10.00003243491936 10.000024015860935
10.000024397008811 10.000032818629492 10.00002439700882
10.000024752308223 10.00003317616919 10.000024752308233
10.000025085082438 10.000033510903146 10.000025085082438
10.000025398227491 10.000033825763456 10.000025398227505
10.000025694267125 10.000034123305296 10.000025694267135
10.000025975400522 10.000034405755258 10.000025975400536
10.000026243544184 10.000034675053659 10.000026243544182
10.000026500368163 10.000034932891428 10.000026500368167
10.000026747327848 10.000035180742037 10.000026747327855
10.000026985691461 10.000035419889477 10.000026985691466
10.000027216564195 10.000035651452766 10.000027216564195
10.000027440909138 10.000035876406951 10.000027440909134
10.000027659565546 10.000036095601788 10.000027659565566
10.000027873264852 10.000036309777716 10.000027873264855
10.000028082644311 10.000036519580043 10.000028082644326
10.000028288259367 10.000036725571047 10.000028288259369
10.000028490593975 10.000036928240773 10.000028490593989
10.00002869006992 10.000037128016215 10.000028690069932
10.000028887054743 10.000037325269508 10.00002888705475
10.000029081868712 10.00003752032489 10.000029081868714
10.000029274790931 10.000037713464984 10.00002927479093
10.000029466064623 10.000037904936018 10.00002946606462
10.000029655901718 10.000038094952583 10.000029655901733
10.000029844486955 10.000038283701675 10.000029844486972
10.00003003198126 10.000038471346244 10.00003003198127
10.00003021852492 10.000038658028318 10.000030218524923
10.000030404240118 10.000038843871637 10.000030404240137
10.000030589233395 10.00003902898404 10.000030589233416
10.000030773597565 10.000039213459491 10.000030773597594
10.000030957413516 10.000039397379892 10.000030957413538
10.00003114075173 10.000039580816603 10.000031140751735
10.000031323673628 10.00003976383181 10.000031323673635
10.000031506232721 10.000039946479701 10.000031506232729
10.000031688475662 10.000040128807532 10.000031688475685
10.000031870443125 10.000040310856393 10.000031870443134
10.000032052170498 10.000040492662222 10.000032052170504
10.00003223368866 10.000040674256208 10.000032233688659
10.000032415024494 10.000040855665619 10.000032415024513
10.000032596201484 10.00004103691419 10.000032596201489
10.000032777240003 10.000041218022567 10.000032777240019
10.000032958157886 10.000041399008822 10.000032958157897
10.000033138970629 10.000041579888606 10.00003313897065
10.000033319691774 10.000041760675646 10.000033319691775
10.000033500333059 10.00004194138185 10.000033500333073
10.000033680904778 10.000042122017625 10.000033680904782
10.000033861415867 10.000042302592009 10.000033861415885
10.000034041874141 10.000042483112907 10.00003404187415
10.000034222286358 10.000042663587175 10.000034222286374
10.000034402658454 10.000042844020847 10.000034402658482
10.000034582995617 10.000043024419103 10.000034582995626
10.000034763302276 10.000043204786541 10.000034763302294
10.000034943582405 10.000043385127084 10.000034943582419
10.000035123839405 10.000043565444198 10.00003512383943
10.000035304076253 10.00004374574091 10.000035304076254
10.00003548429552 10.000043926019833 10.000035484295521
10.000035664499473 10.000044106283262 10.00003566449948
10.000035844690098 10.000044286533187 10.000035844690107
10.00003602486909 10.000044466771321 10.000036024869098
10.000036205037974 10.000044646999232 10.00003620503797
10.000036385198007 10.000044827218185 10.00003638519801
10.000036565350348 10.000045007429367 10.000036565350358
10.000036745495988 10.000045187633738 10.000036745496004
10.000036925635778 10.000045367832204 10.000036925635804
10.00003710577051 10.000045548025536 10.000037105770515
10.00003728590079 10.000045728214356 10.000037285900799
10.000037466027209 10.00004590839926 10.00003746602722
10.000037646150254 10.000046088580774 10.000037646150274
10.000037826270386 10.00004626875932 10.000037826270393
10.000038006387948 10.000046448935276 10.000038006387957
10.000038186503293 10.00004662910897 10.000038186503291
10.000038366616685 10.000046809280706 10.000038366616682
10.000038546728387 10.000046989450727 10.00003854672839
10.00003872683862 10.000047169619256 10.000038726838628
10.000038906947552 10.000047349786492 10.000038906947578
10.0000390870554 10.000047529952585 10.000039087055411
10.000039267162256 10.000047710117695 10.000039267162283
10.000039447268268 10.000047890281959 10.000039447268284
10.000039627373546 10.000048070445452 10.000039627373555
10.000039807478169 10.000048250608316 10.000039807478192
10.000039987582257 10.000048430770606 10.000039987582259
10.000040167685846 10.00004861093242 10.000040167685842
10.000040347789001 10.00004879109379 10.000040347789005
10.00004052789178 10.000048971254772 10.000040527891791
10.000040707994259 10.000049151415451 10.000040707994264
10.000040888096448 10.000049331575838 10.000040888096445
10.000041068198383 10.000049511735957 10.000041068198396
10.000041248300116 10.000049691895878 10.000041248300128
10.000041428401662 10.000049872055625 10.00004142840168
10.000041608503048 10.000050052215197 10.000041608503059
10.000041788604307 10.000050232374633 10.000041788604307
10.00004196870543 10.000050412533952 10.00004196870544
10.000042148806472 10.000050592693151 10.000042148806468
10.000042328907409 10.00005077285228 10.000042328907414
10.000042509008255 10.000050953011307 10.000042509008267
10.00004268910905 10.000051133170285 10.000042689109057
10.000042869209775 10.000051313329191 10.000042869209791
10.000043049310436 10.000051493488034 10.000043049310458
10.000043229411077 10.000051673646842 10.000043229411089
10.000043409511663 10.000051853805605 10.000043409511683
10.000043589612233 10.000052033964339 10.000043589612236
10.000043769712777 10.000052214123045 10.000043769712772
10.000043949813286 10.000052394281743 10.00004394981328
10.000044129913768 10.000052574440398 10.000044129913773
10.000044310014239 10.000052754599048 10.000044310014243
10.000044490114679 10.00005293475767 10.000044490114695
10.000044670215122 10.000053114916287 10.000044670215138
10.000044850315563 10.000053295074895 10.000044850315563
10.000045030415995 10.0000534752335 10.000045030415997
10.000045210516406 10.000053655392092 10.000045210516419
10.000045390616823 10.000053835550666 10.000045390616823
10.000045570717226 10.000054015709244 10.000045570717235
10.000045750817629 10.000054195867834 10.00004575081764
10.000045930918029 10.000054376026414 10.000045930918047
10.00004611101844 10.000054556184985 10.000046111018449
10.000046291118851 10.000054736343555 10.000046291118844
10.000046471219228 10.000054916502126 10.00004647121924
10.000046651319623 10.00005509666069 10.00004665131964
10.000046831420038 10.000055276819266 10.000046831420029
10.000047011520445 10.000055456977828 10.000047011520433
10.000047191620823 10.00005563713641 10.00004719162083
10.00004737172123 10.000055817294982 10.000047371721235
10.000047551821636 10.000055997453563 10.000047551821634
10.000047731922026 10.000056177612137 10.000047731922031
10.000047912022444 10.00005635777071 10.00004791202244
10.000048092122851 10.000056537929295 10.000048092122853
10.000048272223246 10.000056718087874 10.000048272223257
10.000048452323663 10.000056898246457 10.000048452323663
10.000048632424065 10.000057078405039 10.000048632424075
10.000048812524483 10.000057258563624 10.000048812524494
10.000048992624896 10.000057438722216 10.000048992624912
10.000049172725321 10.000057618880811 10.000049172725342
10.000049352825751 10.000057799039405 10.000049352825753
10.000049532926173 10.000057979197996 10.000049532926187
10.000049713026598 10.000058159356602 10.00004971302661
10.000049893127034 10.000058339515206 10.000049893127038
10.000050073227467 10.00005851967381 10.000050073227479
10.000050253327913 10.000058699832419 10.000050253327915
10.000050433428346 10.00005887999104 10.000050433428349
10.000050613528794 10.000059060149656 10.000050613528787
10.000050793629242 10.000059240308264 10.000050793629246
10.000050973729705 10.000059420466892 10.000050973729687
10.000051153830134 10.000059600625509 10.000051153830148
10.000051333930593 10.00005978078415 10.0000513339306
10.000051514031059 10.000059960942782 10.000051514031064
10.000051694131512 10.000060141101406 10.000051694131525
10.000051874231973 10.000060321260051 10.000051874231994
10.000052054332459 10.000060501418693 10.000052054332464
10.000052234432927 10.000060681577342 10.000052234432935
10.000052414533403 10.00006086173598 10.000052414533407
10.000052594633875 10.000061041894645 10.000052594633889
10.000052774734367 10.000061222053285 10.000052774734367
10.000052954834851 10.000061402211951 10.000052954834855
10.000053134935328 10.000061582370597 10.000053134935346
10.000053315035835 10.000061762529278 10.000053315035837
10.000053495136322 10.000061942687944 10.000053495136335
10.000053675236831 10.000062122846632 10.00005367523684
10.000053855337327 10.000062303005306 10.000053855337343
10.000054035437836 10.000062483163974 10.000054035437831
10.000054215538349 10.000062663322653 10.000054215538347
10.00005439563886 10.00006284348133 10.00005439563887
10.000054575739364 10.000063023640019 10.000054575739371
10.000054755839876 10.00006320379871 10.000054755839889
10.000054935940403 10.000063383957412 10.000054935940412
10.000055116040938 10.000063564116108 10.000055116040944
10.00005529614145 10.000063744274804 10.00005529614146
10.00005547624199 10.000063924433501 10.000055476241995
10.000055656342521 10.000064104592216 10.000055656342537
10.000055836443057 10.000064284750911 10.00005583644306
10.000056016543594 10.000064464909633 10.000056016543601
