0.7059371865113848 0.6351112216569249 0.6351112216569235 0.7059371865113871
0.9322564842018781 0.8525940149865324 0.8525940149865283 0.9322564842018816
1.1463531407232623 1.0637111080489097 1.063711108048905 1.1463531407232666
1.367792985928536 1.2837270998488095 1.2837270998488022 1.3677929859285423
1.604432830946115 1.5191852800685588 1.5191852800685484 1.604432830946122
1.8605899221530116 1.7739911357870208 1.7739911357870068 1.8605899221530184
2.1389207176228457 2.050724232616409 2.050724232616392 2.1389207176228564
2.4409737161331995 2.350996994465335 2.3509969944653135 2.44097371613321
2.767335763220203 2.6755256974745087 2.6755256974744808 2.7673357632202173
3.117637567538473 3.024102577806472 3.0241025778064397 3.1176375675384906
3.4905226652252757 3.3955461471235164 3.3955461471234774 3.490522665225295
3.8836329331132107 3.787672533032389 3.787672533032342 3.883632933113234
4.293642385047405 4.197315972175178 4.197315972175122 4.29364238504743
4.716357257206584 4.6204159120160435 4.620415912015978 4.716357257206615
5.146887643358572 5.052176944356751 5.052176944356676 5.146887643358604
5.579883012760252 5.487295483493578 5.48729548349349 5.57988301276029
6.009812101649385 5.92023519597982 5.920235195979716 6.009812101649431
6.431259094809232 6.345524014281524 6.3455240142814135 6.431259094809284
6.839204616436584 6.758041248112652 6.758041248112524 6.839204616436632
7.229262579775722 7.153264879053515 7.153264879053371 7.229262579775788
7.597851619640787 7.527456080187164 7.527456080187001 7.597851619640864
7.9422905850008085 7.877768456233151 7.877768456232984 7.942290585000882
8.260818773115739 8.202280853756468 8.202280853756294 8.260818773115812
8.552550898375488 8.49996239371473 8.49996239371454 8.552550898375578
8.81738275959888 8.770584998072565 8.770584998072358 8.817382759598967
9.055865840856047 9.014601577277372 9.014601577277158 9.055865840856145
9.269068194066008 9.233007630437715 9.233007630437495 9.269068194066096
9.45843594797391 9.427201275295841 9.427201275295607 9.458435947974012
9.62566579974521 9.598852815894324 9.598852815894094 9.625665799745315
9.772594807254842 9.7497908577498 9.749790857749547 9.772594807254949
9.90111032171179 9.881908363728787 9.881908363728527 9.901110321711892
10.013080267636088 9.99708924728656 9.997089247286311 10.013080267636187
10.11030222856841 10.097154197358096 10.097154197357835 10.110302228568493
10.194468819194954 10.183823326895446 10.183823326895164 10.194468819195077
10.2671464382992 10.25869276111311 10.258692761112844 10.267146438299314
10.32976451510912 10.323222242526924 10.323222242526656 10.329764515109229
10.38361262261974 10.37873105992696 10.378731059926688 10.38361262261986
10.429843211997781 10.426399976856608 10.426399976856324 10.429843211997895
10.469478137405584 10.467277250528726 10.467277250528454 10.469478137405686
10.503417538162456 10.502287236814565 10.50228723681429 10.503417538162573
10.532449997135885 10.532240439300162 10.532240439299878 10.532449997136004
10.557263189333867 10.55784416671123 10.55784416671095 10.557263189333984
10.578454471953705 10.57971321093334 10.579713210933042 10.57845447195382
10.596541051473443 10.59838015153669 10.5983801515364 10.596541051473562
10.611969502238523 10.614305039375218 10.614305039374921 10.611969502238647
10.625124512559543 10.627884319644457 10.627884319644178 10.625124512559653
10.636336806356555 10.639458931658995 10.639458931658714 10.636336806356672
10.645890237671088 10.649321575568797 10.649321575568507 10.645890237671198
10.654028087599817 10.657723171175014 10.65772317117472 10.654028087599924
10.660958612951498 10.66487855570103 10.66487855570073 10.660958612951593
10.666859906753405 10.670971479560992 10.670971479560702 10.666859906753531
10.671884135353647 10.676158964712675 10.67615896471238 10.67188413535377
10.67616121730727 10.680575091221863 10.680575091221563 10.676161217307408
10.679802006981795 10.68433427578059 10.684334275780294 10.679802006981909
10.682901041933217 10.687534102238853 10.687534102238562 10.682901041933349
10.6855389083364 10.69025775953054 10.690257759530251 10.685538908336502
10.687784273613493 10.692576137248313 10.692576137248022 10.687784273613625
10.689695630233587 10.69454962391418 10.694549623913877 10.689695630233699
10.691322789668325 10.696229647941312 10.696229647941031 10.69132278966845
10.692708160817967 10.697659996529465 10.697659996529174 10.692708160818066
10.693887842930536 10.698877943358369 10.69887794335808 10.693887842930677
10.694892559160474 10.699915211977787 10.699915211977496 10.694892559160607
10.69574845344458 10.700798798240129 10.700798798239838 10.695748453444715
10.696477770304973 10.701551671971854 10.701551671971565 10.696477770305089
10.697099434487459 10.7021933753067 10.702193375306408 10.69709943448757
10.697629544983803 10.70274053267619 10.702740532675891 10.697629544983933
10.698081795932252 10.703207285340174 10.703207285339877 10.698081795932369
10.698467835109163 10.703605661505952 10.703605661505666 10.698467835109286
10.698797569186825 10.703945891499812 10.703945891499524 10.698797569186933
10.6990794236042 10.70423667608745 10.704236676087142 10.699079423604315
10.699320563758537 10.704485414863981 10.704485414863676 10.699320563758649
10.69952708324405 10.704698400624169 10.704698400623872 10.699527083244183
10.699704164026079 10.704880984757045 10.704880984756743 10.699704164026203
10.69985621271857 10.705037717968104 10.705037717967818 10.69985621271869
10.69998697651947 10.705172469997446 10.705172469997155 10.699986976519604
10.700099641831814 10.705288531460246 10.705288531459951 10.700099641831944
10.700196918150592 10.70538870047288 10.705388700472595 10.700196918150711
10.700281109412451 10.705475356333526 10.705475356333244 10.700281109412584
10.700354174679001 10.705550522187808 10.705550522187519 10.700354174679138
10.70041777974577 10.705615918324716 10.705615918324419 10.700417779745884
10.700473341032334 10.70567300750125 10.705673007500948 10.700473341032454
10.700522062907066 10.705723033487324 10.70572303348702 10.700522062907183
10.700564969427347 10.705767053843928 10.705767053843644 10.700564969427464
10.700602931330584 10.705805967796648 10.705805967796358 10.70060293133071
10.700636688986082 10.705840539938123 10.705840539937837 10.700636688986206
10.700666871911617 10.705871420383088 10.705871420382795 10.70066687191174
10.700694015369239 10.705899161906817 10.70589916190652 10.700694015369345
10.700718574476648 10.705924234518267 10.70592423451797 10.700718574476772
10.700740936206454 10.705947037851653 10.705947037851365 10.700740936206586
10.70076142958889 10.705967911703144 10.705967911702844 10.700761429589008
10.70078033438725 10.705987144989983 10.705987144989694 10.700780334387384
10.700797888474579 10.706004983368556 10.706004983368269 10.70079788847469
10.700814294105784 10.706021635711746 10.70602163571144 10.700814294105909
10.700829723250836 10.706037279616494 10.706037279616204 10.700829723250962
10.70084432212944 10.706052066087008 10.70605206608671 10.700844322129564
10.700858215066662 10.706066123516358 10.706066123516058 10.70085821506677
10.700871507771316 10.706079561072348 10.706079561072043 10.700871507771424
10.700884290123552 10.7060924715761 10.706092471575818 10.700884290123675
10.700896638544986 10.70610493394985 10.706104933949547 10.70089663854509
10.700908618013827 10.706117015298009 10.706117015297714 10.700908618013948
10.700920283778542 10.706128772676857 10.706128772676562 10.700920283778672
10.700931682814698 10.706140254599033 10.70614025459874 10.70093168281482
10.700942855063696 10.706151502312945 10.706151502312663 10.700942855063825
10.700953834486176 10.706162550890438 10.70616255089014 10.700953834486281
10.700964649957433 10.70617343015169 10.706173430151392 10.700964649957553
10.700975326028983 10.706184165451559 10.706184165451258 10.700975326029102
10.700985883576 10.706194778348292 10.706194778347994 10.70098588357614
10.700996340347821 10.706205287172022 10.706205287171722 10.700996340347949
10.701006711435937 10.706215707508045 10.706215707507743 10.701006711436062
10.701017009672046 10.706226052607946 10.70622605260766 10.701017009672169
10.701027245966431 10.70623633373903 10.70623633373874 10.701027245966543
10.701037429595626 10.706246560481356 10.706246560481063 10.701037429595756
10.70104756844715 10.706256740980558 10.706256740980262 10.701047568447272
10.701057669227376 10.706266882162407 10.706266882162112 10.7010576692275
10.701067737638484 10.706276989915706 10.706276989915427 10.701067737638608
10.701077778528829 10.706287069247436 10.706287069247155 10.70107777852896
10.701087796020728 10.706297124414832 10.70629712441454 10.701087796020861
10.701097793619233 10.70630715903761 10.70630715903731 10.701097793619347
10.701107774304548 10.706317176193494 10.706317176193204 10.701107774304663
10.701117740610597 10.706327178499357 10.706327178499071 10.70111774061072
10.701127694691955 10.706337168180236 10.706337168179934 10.701127694692072
10.701137638380443 10.706347147127913 10.706347147127625 10.701137638380564
10.701147573233692 10.70635711695097 10.706357116950672 10.701147573233815
10.701157500576015 10.706367079017072 10.706367079016772 10.701157500576146
10.70116742153347 10.706377034489108 10.706377034488815 10.701167421533606
10.70117733706348 10.70638698435585 10.706386984355555 10.701177337063616
10.701187247980108 10.70639692945797 10.706396929457668 10.701187247980236
10.701197154975512 10.706406870510293 10.706406870509992 10.701197154975626
10.701207058638191 10.706416808120563 10.706416808120277 10.701207058638305
10.701216959468551 10.706426742805572 10.706426742805284 10.701216959468653
10.701226857892044 10.706436675004717 10.706436675004426 10.70122685789215
10.701236754270434 10.706446605091555 10.706446605091266 10.701236754270536
10.701246648911283 10.706456533383758 10.706456533383468 10.701246648911404
10.701256542076173 10.706466460151418 10.706466460151123 10.70125654207628
10.701266433987403 10.706476385624132 10.706476385623839 10.701266433987517
10.701276324834083 10.706486309997207 10.706486309996908 10.701276324834208
10.701286214776939 10.706496233436619 10.706496233436333 10.70128621477707
10.701296103952693 10.706506156083515 10.706506156083233 10.701296103952812
10.701305992477517 10.706516078057975 10.706516078057676 10.701305992477655
10.701315880450263 10.70652599946201 10.706525999461716 10.701315880450387
10.701325767954943 10.706535920382386 10.70653592038208 10.701325767955073
10.701335655062973 10.706545840892861 10.706545840892572 10.701335655063101
10.701345541835112 10.706555761056196 10.706555761055899 10.701345541835225
10.701355428322989 10.706565680925706 10.706565680925411 10.701355428323112
10.701365314570506 10.70657560054674 10.706575600546456 10.701365314570644
10.70137520061508 10.706585519957889 10.706585519957603 10.701375200615187
10.701385086488337 10.7065954391919 10.706595439191615 10.701385086488465
10.701394972217367 10.706605358276649 10.70660535827635 10.701394972217484
10.701404857825057 10.706615277235851 10.706615277235569 10.701404857825178
10.70141474333095 10.706625196089655 10.706625196089364 10.70141474333107
10.701424628751623 10.706635114855192 10.706635114854894 10.701424628751754
10.701434514101193 10.706645033547026 10.706645033546732 10.701434514101331
10.701444399391653 10.706654952177548 10.706654952177264 10.701444399391788
10.7014542846332 10.706664870757296 10.706664870757011 10.701454284633336
10.701464169834528 10.706674789295231 10.706674789294935 10.70146416983464
10.70147405500297 10.706684707798951 10.706684707798647 10.701474055003084
10.701483940144803 10.706694626274926 10.706694626274624 10.701483940144932
10.70149382526539 10.706704544728673 10.706704544728382 10.70149382526551
10.701503710369238 10.706714463164873 10.706714463164584 10.701503710369348
10.701513595460186 10.70672438158752 10.706724381587213 10.701513595460302
10.701523480541532 10.706734299999951 10.706734299999663 10.701523480541654
10.701533365616065 10.706744218405092 10.70674421840479 10.701533365616182
10.701543250686122 10.70675413680536 10.70675413680506 10.70154325068625
10.701553135753764 10.706764055202845 10.706764055202559 10.701553135753898
10.701563020820677 10.706773973599327 10.706773973599033 10.7015630208208
10.701572905888337 10.706783891996293 10.706783891995997 10.701572905888442
10.701582790957948 10.706793810395004 10.706793810394712 10.701582790958053
10.701592676030558 10.706803728796597 10.706803728796306 10.70159267603069
10.701602561107116 10.70681364720196 10.706813647201663 10.701602561107237
10.701612446188333 10.706823565611884 10.706823565611593 10.701612446188467
10.70162233127489 10.706833484027067 10.706833484026758 10.701622331275011
10.701632216367305 10.70684340244802 10.706843402447722 10.701632216367434
10.701642101466058 10.706853320875245 10.70685332087496 10.701642101466193
10.701651986571582 10.706863239309198 10.706863239308907 10.701651986571706
10.70166187168416 10.706873157750183 10.706873157749888 10.701661871684282
10.701671756804105 10.706883076198503 10.706883076198205 10.70167175680423
10.701681641931655 10.706892994654421 10.70689299465413 10.70168164193178
10.701691527067021 10.706902913118155 10.706902913117856 10.701691527067156
10.701701412210413 10.706912831589865 10.706912831589575 10.701701412210532
10.701711297361927 10.706922750069726 10.706922750069422 10.701711297362046
10.701721182521714 10.706932668557853 10.70693266855757 10.70172118252182
10.701731067689865 10.70694258705439 10.706942587054096 10.701731067689987
10.701740952866496 10.706952505559409 10.706952505559114 10.70174095286663
10.701750838051687 10.706962424072985 10.706962424072692 10.701750838051808
10.701760723245517 10.70697234259519 10.70697234259489 10.701760723245624
10.701770608447974 10.706982261126093 10.706982261125802 10.701770608448106
10.701780493659173 10.706992179665736 10.706992179665445 10.701780493659301
10.701790378879167 10.707002098214167 10.707002098213875 10.70179037887928
10.701800264107922 10.70701201677143 10.70701201677114 10.70180026410805
10.701810149345533 10.70702193533754 10.707021935337249 10.701810149345656
10.701820034591988 10.707031853912529 10.707031853912243 10.70182003459211
10.701829919847334 10.707041772496419 10.70704177249613 10.701829919847441
10.701839805111556 10.707051691089228 10.707051691088937 10.701839805111652
10.701849690384678 10.70706160969097 10.707061609690678 10.701849690384787
10.701859575666731 10.70707152830167 10.707071528301373 10.701859575666843
10.701869460957713 10.70708144692132 10.707081446921025 10.701869460957823
10.701879346257652 10.707091365549944 10.70709136554965 10.701879346257767
10.701889231566536 10.70710128418756 10.707101284187265 10.701889231566659
10.701899116884379 10.70711120283415 10.707111202833842 10.701899116884501
10.701909002211208 10.707121121489727 10.707121121489436 10.70190900221131
10.701918887546991 10.707131040154316 10.707131040154026 10.701918887547095
10.701928772891714 10.7071409588279 10.707140958827605 10.701928772891849
10.701938658245451 10.70715087751049 10.707150877510198 10.701938658245576
10.701948543608186 10.707160796202091 10.707160796201793 10.701948543608282
10.70195842897989 10.707170714902697 10.707170714902407 10.701958428979987
10.701968314360542 10.707180633612325 10.707180633612042 10.701968314360666
10.701978199750199 10.707190552330959 10.707190552330667 10.701978199750329
10.70198808514885 10.707200471058608 10.707200471058313 10.701988085148969
10.701997970556494 10.707210389795273 10.707210389794984 10.701997970556624
10.702007855973141 10.707220308540975 10.70722030854068 10.702007855973244
10.702017741398754 10.707230227295698 10.707230227295403 10.702017741398885
10.702027626833395 10.707240146059444 10.70724014605915 10.702027626833505
10.70203751227698 10.707250064832197 10.707250064831888 10.702037512277117
10.702047397729604 10.707259983613987 10.707259983613675 10.702047397729729
10.702057283191191 10.707269902404775 10.707269902404473 10.702057283191321
10.702067168661811 10.70727982120462 10.70727982120432 10.702067168661928
10.702077054141409 10.707289740013463 10.707289740013179 10.70207705414152
10.702086939629995 10.707299658831362 10.707299658831056 10.702086939630126
10.702096825127606 10.707309577658261 10.707309577657973 10.702096825127716
10.70210671063417 10.707319496494204 10.707319496493898 10.702106710634293
10.702116596149763 10.70732941533915 10.707329415338856 10.702116596149876
10.702126481674336 10.707339334193136 10.707339334192847 10.702126481674457
10.702136367207908 10.70734925305616 10.707349253055858 10.70213636720803
10.702146252750493 10.707359171928191 10.707359171927894 10.70214625275061
10.702156138302046 10.707369090809248 10.707369090808964 10.70215613830217
10.702166023862613 10.707379009699341 10.707379009699052 10.702166023862745
10.70217590943218 10.70738892859846 10.707388928598158 10.702175909432308
10.70218579501075 10.707398847506594 10.70739884750631 10.702185795010871
10.702195680598328 10.70740876642377 10.707408766423477 10.702195680598441
10.702205566194873 10.707418685349964 10.70741868534968 10.702205566195
10.702215451800432 10.707428604285194 10.707428604284889 10.702215451800559
10.702225337415001 10.707438523229435 10.707438523229134 10.702225337415099
10.702235223038542 10.707448442182713 10.707448442182411 10.70223522303865
10.70224510867109 10.707458361145004 10.707458361144718 10.702245108671203
10.702254994312632 10.707468280116316 10.707468280116043 10.70225499431275
10.702264879963169 10.70747819909669 10.70747819909639 10.702264879963293
10.702274765622704 10.707488118086076 10.707488118085779 10.702274765622843
10.702284651291263 10.707498037084497 10.707498037084195 10.702284651291375
10.702294536968802 10.707507956091925 10.707507956091629 10.702294536968914
10.702304422655342 10.707517875108389 10.707517875108103 10.70230442265546
10.702314308350886 10.707527794133892 10.707527794133599 10.702314308351012
10.702324194055413 10.707537713168408 10.70753771316812 10.702324194055544
10.702334079768942 10.707547632211952 10.70754763221167 10.702334079769075
10.702343965491496 10.707557551264523 10.707557551264236 10.702343965491616
10.702353851223004 10.707567470326119 10.70756747032584 10.702353851223124
10.702363736963523 10.707577389396748 10.707577389396457 10.702363736963653
10.702373622713045 10.707587308476414 10.707587308476127 10.702373622713182
10.702383508471572 10.707597227565083 10.707597227564783 10.702383508471689
10.702393394239104 10.707607146662797 10.707607146662511 10.702393394239223
10.702403280015629 10.707617065769528 10.707617065769231 10.70240328001574
10.702413165801133 10.7076269848853 10.707626984885005 10.702413165801264
10.702423051595645 10.707636904010078 10.707636904009792 10.70242305159578
10.702432937399182 10.707646823143914 10.707646823143623 10.702432937399298
10.702442823211681 10.707656742286757 10.707656742286455 10.702442823211795
10.702452709033208 10.707666661438616 10.707666661438328 10.702452709033324
10.702462594863707 10.707676580599516 10.70767658059922 10.702462594863814
10.702472480703202 10.707686499769446 10.707686499769153 10.702472480703326
10.702482366551708 10.707696418948403 10.707696418948109 10.702482366551827
10.70249225240924 10.707706338136376 10.70770633813609 10.702492252409346
10.702502138275737 10.707716257333377 10.707716257333091 10.702502138275856
10.702512024151252 10.707726176539417 10.707726176539127 10.702512024151353
10.702521910035736 10.707736095754482 10.707736095754191 10.702521910035854
10.702531795929227 10.707746014978582 10.707746014978284 10.702531795929355
10.702541681831718 10.707755934211708 10.707755934211407 10.702541681831843
10.702551567743212 10.707765853453838 10.707765853453552 10.70255156774335
10.702561453663712 10.707775772705014 10.707775772704718 10.702561453663838
10.70257133959321 10.707785691965213 10.707785691964915 10.702571339593332
10.702581225531699 10.707795611234426 10.707795611234145 10.702581225531825
10.702591111479176 10.70780553051268 10.707805530512388 10.702591111479308
10.702600997435676 10.70781544979997 10.707815449799668 10.702600997435791
10.702610883401144 10.707825369096268 10.707825369095982 10.70261088340127
10.702620769375644 10.7078352884016 10.707835288401315 10.702620769375752
10.702630655359117 10.707845207715994 10.707845207715687 10.702630655359235
10.702640541351574 10.70785512703936 10.707855127039068 10.702640541351705
10.702650427353069 10.707865046371776 10.70786504637147 10.702650427353186
10.702660313363534 10.707874965713216 10.707874965712916 10.70266031336366
10.702670199383046 10.707884885063697 10.707884885063399 10.702670199383146
10.702680085411508 10.707894804423189 10.707894804422903 10.702680085411615
10.70268997144896 10.707904723791705 10.707904723791414 10.702689971449072
10.702699857495414 10.707914643169262 10.707914643168978 10.702699857495546
10.702709743550878 10.707924562555853 10.70792456255555 10.702709743551011
10.702719629615373 10.707934481951455 10.707934481951156 10.702719629615483
10.702729515688828 10.7079444013561 10.7079444013558 10.702729515688949
10.702739401771291 10.707954320769758 10.707954320769467 10.702739401771408
10.702749287862758 10.707964240192453 10.70796424019215 10.702749287862877
10.702759173963212 10.707974159624166 10.707974159623886 10.70275917396334
10.70276906007268 10.707984079064909 10.707984079064618 10.702769060072795
10.702778946191126 10.707993998514684 10.7079939985144 10.702778946191254
10.702788832318578 10.70800391797349 10.708003917973198 10.702788832318696
10.702798718455039 10.708013837441309 10.70801383744104 10.702798718455174
10.702808604600481 10.708023756918195 10.708023756917894 10.702808604600612
10.702818490754952 10.70803367640407 10.708033676403776 10.702818490755073
10.70282837691841 10.70804359589898 10.708043595898683 10.70282837691853
10.702838263090856 10.708053515402918 10.708053515402627 10.702838263090985
10.70284814927229 10.708063434915882 10.708063434915593 10.702848149272425
10.702858035462762 10.708073354437884 10.70807335443759 10.702858035462869
10.702867921662188 10.708083273968898 10.708083273968606 10.702867921662307
10.70287780787064 10.708093193508944 10.708093193508653 10.702877807870756
10.702887694088064 10.708103113058007 10.708103113057723 10.7028876940882
10.702897580314524 10.708113032616136 10.708113032615834 10.702897580314643
