0.6445454606039036 0.5919965106851285 0.5786474419673113 0.5919965106851224 0.6445454606039018
0.8274762594988506 0.7610125165733005 0.7430002274895008 0.7610125165732937 0.8274762594988474
0.9890946353797301 0.9135255319928978 0.893111372051298 0.9135255319928901 0.989094635379726
1.1465568283388763 1.0642154536407216 1.042719202504081 1.0642154536407133 1.1465568283388718
1.3067118282959083 1.2187793985343427 1.1969747941114797 1.2187793985343336 1.3067118282959023
1.4733143731821077 1.3803436796333297 1.3586761952254274 1.3803436796333202 1.4733143731821012
1.6487708301389692 1.5509636943601484 1.5296812864722062 1.5509636943601377 1.648770830138961
1.8347565276435542 1.732128393832274 1.711360286285418 1.7321283938322647 1.8347565276435476
2.032474812037332 1.9249588423345125 1.9047630805353122 1.9249588423345012 2.0324748120373233
2.2427717773120257 2.1302882575183983 2.1106805401189006 2.1302882575183837 2.242771777312015
2.4661840795816365 2.348688968150332 2.329660226697465 2.348688968150317 2.466184079581625
2.7029536285831193 2.5804737750949585 2.5620009514826028 2.580473775094943 2.7029536285831046
2.9530263604295808 2.8256853566122575 2.807738037687508 2.8256853566122393 2.9530263604295666
3.216045160599062 3.0840817193565644 3.066626228209932 3.0840817193565453 3.216045160599046
3.491343584520936 3.35512315958926 3.3381250725606946 3.3551231595892395 3.491343584520917
3.7779451237657695 3.637964866430878 3.621390546646238 3.6379648664308553 3.7779451237657513
4.074571448068527 3.9314583736765174 3.9152758829595835 3.931458373676487 4.074571448068506
4.379661890088048 4.234164189579666 4.218343800927129 4.234164189579635 4.379661890088027
4.691405253025914 4.544376953572075 4.528891400965564 4.544376953572042 4.6914052530258905
5.007783776351811 4.860163355156105 4.844987905556017 4.860163355156067 5.007783776351783
5.32662784826921 5.179411855897043 5.164524257280735 5.1794118558970075 5.326627848269179
5.645678915755423 5.4998920889494265 5.485272430418941 5.499892088949381 5.6456789157553855
5.962657144248286 5.8193208080132965 5.804951318256174 5.819320808013246 5.962657144248254
6.275329835406675 6.135430552016421 6.121295357363563 6.135430552016368 6.275329835406646
6.581576495660578 6.44603688282762 6.432121743493791 6.446036882827559 6.581576495660533
6.879446771327584 6.749100184068903 6.735392225333826 6.749100184068838 6.879446771327543
7.167208172583404 7.042778555570742 7.029266008724439 7.04277855557068 7.167208172583362
7.4433814880768185 7.325469213529234 7.312141178924556 7.325469213529156 7.443381488076768
7.706762901460507 7.5958368798121505 7.582683121289421 7.595836879812072 7.706762901460451
7.9564329128883315 7.852828766025325 7.8398395425096155 7.852828766025247 7.956432912888271
8.19175311600883 8.095676789560835 8.082842726126673 8.095676789560745 8.191753116008773
8.412352596700783 8.323888492624171 8.311200490134995 8.32388849262409 8.412352596700737
8.618106162870811 8.537228708468914 8.524677888317534 8.537228708468826 8.618106162870752
8.809106788085908 8.735694315407091 8.72327199407785 8.735694315406997 8.809106788085845
8.98563459252909 8.91948446152707 8.907182148708037 8.919484461526968 8.985634592529028
9.148124449960152 9.08896848117992 9.076777894903945 9.08896848117983 9.14812444996008
9.297133963167168 9.244653420867003 9.232566513507699 9.244653420866895 9.297133963167092
9.433313153082086 9.387152710530104 9.37516170024335 9.387152710530003 9.433313153082024
9.557376807758937 9.517157111640689 9.505254514842587 9.517157111640582 9.557376807758867
9.670080072288048 9.635408688154508 9.623587349708519 9.635408688154394 9.670080072287965
9.772197550933468 9.742678208250217 9.730931327077894 9.742678208250098 9.772197550933404
9.86450594775222 9.839746108521949 9.828067257275395 9.839746108521842 9.864505947752159
9.947770091936777 9.927386942061988 9.915770080257934 9.927386942061863 9.947770091936686
10.022732073280332 10.006357084252413 9.994796564855102 10.006357084252286 10.022732073280265
10.090103142299903 10.077385377116821 10.065875946974863 10.077385377116704 10.090103142299832
10.15055799822653 10.141166344648724 10.129703139462514 10.141166344648614 10.15055799822643
10.204731086084786 10.19835559715112 10.186934131795924 10.198355597150995 10.204731086084706
10.253214542347447 10.249567052585006 10.238183207669886 10.249567052584888 10.253214542347353
10.296557459626296 10.295371628926691 10.284021634455705 10.295371628926574 10.296557459626221
10.335266178654916 10.336297096904225 10.32497751384751 10.3362970969041 10.335266178654834
10.369805356072463 10.372828822162198 10.361536522657914 10.37282882216208 10.369805356072387
10.400599596212587 10.405411166272476 10.394143313080248 10.40541116627235 10.400599596212507
10.428035472283774 10.434449354644942 10.423203380368614 10.434449354644807 10.428035472283701
10.452463795883558 10.46031165482182 10.449085241319047 10.460311654821679 10.452463795883462
10.474202023199195 10.483331740088513 10.47212279839345 10.483331740088387 10.474202023199132
10.493536711420505 10.50381114053553 10.492617791539569 10.50381114053541 10.493536711420417
10.510725959996742 10.522021706723645 10.510842262788792 10.522021706723542 10.510725959996671
10.526001788751456 10.538208030214932 10.527040977836032 10.538208030214816 10.52600178875136
10.539572418939791 10.552589780822997 10.541433764407177 10.552589780822855 10.539572418939695
10.551624434541035 10.565363932948781 10.554217739741423 10.565363932948648 10.551624434540946
10.562324809857133 10.576706863244945 10.565569409402206 10.576706863244828 10.562324809857046
10.57182279624417 10.586776309516877 10.575646627301824 10.586776309516742 10.571822796244101
10.580251665899592 10.595713186606257 10.584590412669247 10.59571318660613 10.580251665899521
10.5877303143809 10.60364325935307 10.592526624044991 10.603643259352937 10.587730314380805
10.594364726214604 10.610678675886838 10.59956749354688 10.61067867588671 10.594364726214534
10.600249309792895 10.616919366708098 10.605813026862558 10.616919366707968 10.600249309792805
10.605468108938394 10.622454316489627 10.61135227589705 10.622454316489486 10.605468108938334
10.61009589920151 10.627362716426932 10.61626449190431 10.62736271642682 10.610095899201427
10.614199177257744 10.631715005434245 10.620620167400341 10.631715005434113 10.614199177257646
10.617837051801482 10.635573808626495 10.624481975301135 10.63557380862636 10.61783705180138
10.621062044157856 10.638994781438832 10.627905613639435 10.6389947814387 10.621062044157773
10.623920806522817 10.642027367478766 10.630940563959143 10.642027367478635 10.623920806522747
10.626454765336913 10.644715477838114 10.633630771118108 10.644715477837995 10.62645476533681
10.628700696837601 10.647098099151988 10.636015251790324 10.647098099151853 10.628700696837507
10.630691241346105 10.649209837211199 10.638128638477744 10.649209837211062 10.630691241346028
10.632455362344183 10.651081402436137 10.640001665343192 10.651081402436 10.632455362344107
10.634018755903888 10.652740043020637 10.641661601676551 10.6527400430205 10.63401875590379
10.635404215553356 10.654209931065665 10.64313263831747 10.65420993106553 10.635404215553272
10.636631957205795 10.655512506553787 10.644436231888486 10.655512506553663 10.636631957205712
10.637719908346815 10.656666783570428 10.645591411247546 10.656666783570296 10.63771990834672
10.638683965274588 10.657689622760907 10.646615050151684 10.657689622760778 10.63868396527452
10.639538221814162 10.658595973625316 10.64752210973619 10.658595973625172 10.639538221814078
10.640295172584198 10.659399089895057 10.648325854055644 10.659399089894924 10.640295172584084
10.6409658935817 10.660110720907479 10.64903804160493 10.66011072090735 10.640965893581637
10.641560202563703 10.660741281594515 10.64966909543835 10.660741281594394 10.641560202563626
10.64208680144461 10.661300003429927 10.650228254232985 10.661300003429794 10.642086801444517
10.642553402694874 10.661795068431664 10.650723706394324 10.661795068431525 10.64255340269477
10.642966841512626 10.662233728093819 10.651162709080001 10.66223372809367 10.642966841512546
10.64333317535041 10.662622408920427 10.651551693815223 10.662622408920292 10.643333175350316
10.643657772206375 10.662966806053586 10.65189636019334 10.662966806053452 10.643657772206268
10.643945388936952 10.663271966325068 10.6522017589919 10.663271966324933 10.643945388936872
10.644200240708754 10.663542361915667 10.652472365889192 10.663542361915537 10.64420024070866
10.644426062584712 10.66378195567608 10.652712146835828 10.663781955675953 10.644426062584643
10.644626164130019 10.663994259046557 10.652924616019488 10.663994259046422 10.644626164129944
10.64480347782364 10.664182383408951 10.653112887256931 10.664182383408821 10.644803477823539
10.644960601975107 10.664349085611702 10.65327971955441 10.664349085611564 10.64496060197501
10.645099838767162 10.664496808325742 10.653427557495112 10.6644968083256 10.645099838767083
10.645223227975556 10.664627715815984 10.653558567038411 10.664627715815854 10.645223227975496
10.645332576855562 10.664743725646957 10.653674667250474 10.664743725646838 10.645332576855484
10.645429486629551 10.664846536783381 10.653777558426457 10.664846536783251 10.645429486629451
10.645515375961132 10.664937654494175 10.6538687470143 10.664937654494045 10.645515375961036
10.645591501758043 10.66501841242294 10.653949567702215 10.665018412422802 10.645591501757949
10.645658977606583 10.665089992146113 10.654021202992245 10.665089992145978 10.645658977606494
10.64571879010737 10.66515344050459 10.654084700545402 10.665153440504461 10.645718790107285
10.645771813350478 10.665209684961553 10.65414098855148 10.665209684961413 10.645771813350377
10.645818821741692 10.665259547211134 10.654190889348413 10.665259547210997 10.645818821741594
10.645860501367588 10.665303755236673 10.654235131489983 10.665303755236545 10.645860501367519
10.64589746006557 10.665342953995127 10.65427436043851 10.66534295399501 10.645897460065477
10.645930236346071 10.665377714883963 10.654309148039202 10.665377714883833 10.645930236345993
10.645959307298272 10.665408544128955 10.654340000914553 10.665408544128832 10.645959307298211
10.645985095594273 10.665435890216163 10.654367367902081 10.665435890216031 10.645985095594185
10.646007975694916 10.665460150476418 10.654391646644024 10.665460150476292 10.64600797569482
10.646028279348215 10.665481676919477 10.65441318942599 10.665481676919352 10.646028279348128
10.646046300460814 10.66550078140275 10.654432308349788 10.665500781402613 10.646046300460712
10.64606229941376 10.665517740210717 10.654449279916491 10.665517740210587 10.646062299413678
10.64607650688661 10.665532798112405 10.65446434908693 10.665532798112272 10.64607650688652
10.646089127244908 10.665546171955828 10.654477732879078 10.665546171955711 10.646089127244828
10.646100341541876 10.665558053852818 10.654489623555337 10.665558053852681 10.646100341541795
10.646110310177301 10.665568614000383 10.65450019144615 10.665568614000266 10.64611031017723
10.646119175253588 10.665578003180633 10.654509587451768 10.665578003180505 10.646119175253487
10.646127062662703 10.665586354975185 10.654517945258528 10.665586354975044 10.646127062662616
10.646134083935513 10.665593787727273 10.654525383302456 10.665593787727143 10.646134083935424
10.646140337879794 10.665600406280097 10.65453200650888 10.665600406279962 10.6461403378797
10.646145912031665 10.665606303516604 10.654537907833586 10.665606303516482 10.646145912031587
10.646150883941404 10.665611561724038 10.654543169628287 10.665611561723903 10.646150883941312
10.646155322312428 10.665616253802382 10.65454786485017 10.665616253802272 10.646155322312355
10.646159288010715 10.66562044433549 10.65455205813363 10.665620444335353 10.646159288010631
10.646162834958655 10.665624190539452 10.654555806739673 10.665624190539328 10.646162834958567
10.646166010927288 10.665627543103335 10.654559161397078 10.665627543103213 10.646166010927207
10.64616885823799 10.66563054693362 10.65456216704749 10.665630546933484 10.646168858237896
10.646171414384066 10.665633241813856 10.654564863505717 10.665633241813724 10.646171414383991
10.646173712581716 10.665635662989184 10.654567286044461 10.665635662989054 10.646173712581652
10.646175782257805 10.665637841683935 10.654569465912555 10.665637841683795 10.646175782257723
10.646177649482153 10.665639805560389 10.654571430793968 10.66563980556026 10.64617764948207
10.64617933735058 10.665641579125147 10.654573205214499 10.665641579125014 10.646179337350475
10.6461808663241 10.665643184089074 10.654574810902025 10.665643184088934 10.646180866323993
10.646182254529522 10.665644639686233 10.654576267105725 10.665644639686095 10.64618225452944
10.646183518025799 10.665645962956518 10.654577590878796 10.665645962956392 10.646183518025735
10.646184671039885 10.665647168995848 10.654578797329041 10.665647168995715 10.646184671039792
10.646185726175618 10.665648271178036 10.654579899840716 10.665648271177908 10.646185726175519
10.646186694599043 10.66564928135118 10.654580910271234 10.665649281351037 10.646186694598955
10.6461875862024 10.665650210011757 10.654581839125276 10.665650210011618 10.646187586202306
10.646188409749353 10.665651066458768 10.654582695709156 10.665651066458642 10.64618840974927
10.64618917300387 10.66565185893042 10.654583488267539 10.665651858930303 10.646189173003785
10.646189882844137 10.665652594725088 10.654584224104482 10.665652594724955 10.646189882844062
10.646190545363753 10.665653280308518 10.654584909690838 10.66565328030839 10.646190545363655
10.646191165961033 10.66565392140886 10.65458555075923 10.665653921408724 10.646191165960959
10.646191749418554 10.665654523100775 10.654586152388326 10.665654523100647 10.646191749418493
10.64619229997328 10.665655089880046 10.654586719077383 10.665655089879909 10.646192299973208
10.64619282137876 10.665655625729519 10.654587254812418 10.665655625729382 10.646192821378687
10.646193316960403 10.665656134177704 10.654587763124661 10.665656134177565 10.64619331696032
10.646193789664169 10.665656618350557 10.654588247142572 10.665656618350429 10.646193789664098
10.64619424210002 10.665657081017434 10.654588709637636 10.6656570810173 10.646194242099948
10.64619467658016 10.665657524631772 10.654589153065231 10.665657524631644 10.64619467658008
10.646195095152999 10.66565795136712 10.654589579600586 10.665657951366978 10.646195095152876
10.646195499633164 10.665658363149007 10.654589991170784 10.665658363148873 10.646195499633079
10.646195891628471 10.665658761683368 10.65459038948306 10.665658761683234 10.646195891628384
10.646196272563156 10.665659148481502 10.6545907760499 10.665659148481357 10.646196272563085
10.64619664369906 10.665659524882264 10.654591152211227 10.66565952488213 10.646196643698968
10.64619700615397 10.66565989207181 10.654591519154122 10.665659892071679 10.646197006153907
10.646197360918334 10.665660251100979 10.654591877930242 10.665660251100844 10.646197360918238
10.646197708869376 10.665660602900711 10.654592229471243 10.665660602900564 10.646197708869302
10.64619805078447 10.665660948295727 10.654592574602525 10.66566094829559 10.646198050784395
10.646198387352143 10.665661288016711 10.654592914055318 10.66566128801657 10.646198387352069
10.646198719182483 10.665661622710935 10.654593248477424 10.66566162271081 10.646198719182394
10.646199046815855 10.665661952951897 10.654593578442755 10.665661952951757 10.646199046815784
10.646199370731141 10.665662279247593 10.654593904459746 10.665662279247458 10.646199370731052
10.646199691352425 10.66566260204813 10.654594226978837 10.665662602048004 10.64619969135236
10.646200009055569 10.665662921752242 10.654594546399048 10.665662921752103 10.64620000905548
10.646200324173437 10.665663238713147 10.654594863073942 10.665663238713018 10.646200324173352
10.646200637000947 10.665663553243814 10.654595177316677 10.66566355324369 10.646200637000865
10.646200947799391 10.665663865621495 10.65459548940473 10.665663865621358 10.646200947799322
10.646201256800286 10.665664176091775 10.654595799583902 10.66566417609165 10.646201256800211
10.646201564208658 10.665664484872279 10.654596108071964 10.665664484872153 10.646201564208592
10.646201870206246 10.665664792155779 10.654596415061834 10.665664792155642 10.64620187020615
10.646202174953912 10.665665098113049 10.654596720724452 10.66566509811291 10.646202174953821
10.64620247859428 10.665665402895378 10.65459702521121 10.665665402895245 10.646202478594194
10.646202781253669 10.665665706636812 10.65459732865626 10.665665706636682 10.646202781253606
10.646203083044036 10.665666009456125 10.654597631178437 10.66566600945598 10.646203083043961
10.646203384064485 10.665666311458466 10.654597932883048 10.665666311458345 10.646203384064398
10.646203684402838 10.66566661273708 10.654598233863336 10.665666612736942 10.646203684402762
10.646203984136925 10.66566691337452 10.654598534201943 10.665666913374377 10.646203984136843
10.646204283335663 10.665667213443918 10.654598833972061 10.665667213443783 10.6462042833356
10.646204582060172 10.665667513010062 10.654599133238571 10.665667513009941 10.646204582060086
10.646204880364515 10.665667812130426 10.654599432058893 10.665667812130293 10.646204880364431
10.646205178296626 10.665668110855808 10.654599730483959 10.665668110855677 10.646205178296547
10.64620547589901 10.665668409231314 10.654600028558855 10.665668409231168 10.646205475898913
10.646205773209216 10.665668707296811 10.65460032632352 10.66566870729668 10.646205773209145
10.646206070260646 10.665669005087688 10.654600623813348 10.665669005087564 10.646206070260563
10.646206367082781 10.665669302635282 10.654600921059693 10.665669302635154 10.6462063670827
10.646206663701784 10.665669599967346 10.65460121809034 10.665669599967222 10.646206663701701
10.646206960140832 10.665669897108472 10.65460151492989 10.66566989710835 10.646206960140763
10.646207256420492 10.665670194080414 10.654601811600147 10.6656701940803 10.646207256420395
10.646207552558884 10.665670490902528 10.654602108120429 10.665670490902386 10.646207552558797
10.646207848572173 10.665670787591853 10.65460240450785 10.665670787591727 10.646207848572077
10.64620814447461 10.665671084163574 10.654602700777549 10.665671084163455 10.646208144474521
10.646208440278844 10.665671380631093 10.654602996942979 10.665671380630965 10.646208440278746
10.646208735996087 10.665671677006298 10.654603293016022 10.665671677006161 10.646208735995987
10.64620903163625 10.66567197329972 10.654603589007205 10.66567197329959 10.646209031636154
10.646209327208133 10.66567226952071 10.6546038849259 10.665672269520575 10.64620932720804
10.646209622719535 10.665672565677497 10.65460418078036 10.66567256567737 10.646209622719457
10.646209918177348 10.665672861777434 10.654604476577925 10.665672861777304 10.64620991817728
10.646210213587704 10.665673157827001 10.654604772325058 10.665673157826877 10.646210213587619
10.646210508955994 10.66567345383195 10.654605068027541 10.66567345383181 10.646210508955916
10.646210804287026 10.665673749797358 10.654605363690463 10.665673749797227 10.646210804286952
10.646211099585063 10.66567404572775 10.654605659318339 10.66567404572762 10.646211099584976
10.646211394853866 10.665674341627104 10.654605954915153 10.665674341626966 10.646211394853768
10.646211690096747 10.66567463749898 10.654606250484468 10.665674637498848 10.646211690096653
10.64621198531667 10.665674933346505 10.65460654602942 10.665674933346372 10.6462119853166
10.646212280516284 10.665675229172463 10.654606841552779 10.665675229172331 10.646212280516211
10.646212575697882 10.66567552497931 10.654607137057022 10.665675524979177 10.646212575697817
10.646212870863565 10.66567582076923 10.6546074325443 10.66567582076909 10.646212870863474
10.646213166015078 10.665676116544157 10.6546077280166 10.665676116544018 10.646213166014988
10.64621346115409 10.665676412305785 10.654608023475587 10.665676412305656 10.646213461153991
10.646213756281979 10.66567670805567 10.654608318922811 10.665676708055534 10.646213756281906
10.646214051400065 10.665677003795116 10.65460861435958 10.665677003794997 10.646214051399996
10.646214346509458 10.665677299525326 10.65460890978713 10.6656772995252 10.646214346509378
10.646214641611145 10.665677595247358 10.65460920520649 10.66567759524724 10.646214641611063
10.646214936705993 10.665677890962165 10.654609500618598 10.665677890962026 10.646214936705908
10.646215231794825 10.665678186670522 10.654609796024273 10.665678186670396 10.646215231794706
10.646215526878255 10.665678482373222 10.654610091424267 10.66567848237309 10.646215526878157
10.646215821956929 10.665678778070852 10.654610386819217 10.66567877807074 10.646215821956858
10.646216117031457 10.665679073764059 10.654610682209714 10.66567907376393 10.646216117031356
10.646216412102198 10.665679369453295 10.654610977596244 10.665679369453153 10.646216412102124
10.6462167071697 10.665679665139038 10.65461127297928 10.665679665138896 10.646216707169602
10.64621700223424 10.665679960821691 10.65461156835921 10.665679960821548 10.64621700223416
10.6462172972962 10.665680256501574 10.654611863736395 10.66568025650144 10.64621729729612
10.646217592355892 10.665680552179042 10.654612159111153 10.665680552178907 10.646217592355814
10.646217887413549 10.665680847854356 10.654612454483754 10.665680847854235 10.646217887413474
10.646218182469406 10.665681143527776 10.65461274985445 10.665681143527646 10.646218182469322
10.646218477523664 10.665681439199487 10.654613045223444 10.665681439199355 10.646218477523597
10.646218772576548 10.665681734869716 10.654613340590954 10.665681734869601 10.646218772576464
10.646219067628152 10.665682030538633 10.654613635957148 10.66568203053849 10.646219067628076
10.646219362678664 10.665682326206367 10.654613931322148 10.665682326206248 10.64621936267859
10.646219657728208 10.665682621873056 10.654614226686137 10.665682621872927 10.646219657728116
10.646219952776864 10.665682917538849 10.654614522049181 10.66568291753871 10.646219952776795
10.646220247824782 10.665683213203815 10.654614817411439 10.665683213203684 10.646220247824703
10.646220542871996 10.665683508868069 10.654615112772959 10.665683508867941 10.646220542871932
10.646220837918667 10.665683804531684 10.65461540813386 10.665683804531554 10.646220837918557
10.64622113296474 10.665684100194749 10.654615703494192 10.665684100194616 10.646221132964667
10.64622142801037 10.6656843958573 10.654615998854025 10.665684395857168 10.646221428010298
10.646221723055605 10.665684691519424 10.654616294213415 10.665684691519289 10.646221723055522
10.646222018100461 10.665684987181145 10.654616589572429 10.665684987181027 10.646222018100389
10.646222313145001 10.665685282842539 10.65461688493108 10.665685282842395 10.64622231314491
10.646222608189259 10.665685578503616 10.654617180289431 10.665685578503487 10.646222608189168
10.64622290323325 10.665685874164442 10.65461747564753 10.665685874164303 10.646222903233165
10.646223198277012 10.665686169825022 10.654617771005379 10.66568616982488 10.646223198276934
10.64622349332059 10.66568646548539 10.654618066363028 10.66568646548526 10.646223493320514
10.646223788363997 10.665686761145576 10.654618361720484 10.665686761145436 10.646223788363923
10.646224083407262 10.665687056805606 10.654618657077776 10.66568705680547 10.646224083407166
10.64622437845039 10.665687352465499 10.654618952434944 10.665687352465362 10.64622437845029
10.646224673493375 10.665687648125251 10.654619247791976 10.665687648125118 10.646224673493297
10.64622496853628 10.665687943784887 10.654619543148897 10.665687943784764 10.646224968536199
10.646225263579103 10.66568823944445 10.654619838505724 10.66568823944433 10.646225263579003
10.646225558621833 10.665688535103916 10.654620133862457 10.665688535103795 10.64622555862174
10.646225853664513 10.665688830763322 10.65462042921912 10.665688830763187 10.646225853664406
10.646226148707077 10.665689126422633 10.654620724575723 10.665689126422514 10.646226148707001
10.646226443749628 10.665689422081911 10.654621019932268 10.665689422081796 10.646226443749555
10.646226738792148 10.665689717741156 10.654621315288782 10.665689717741012 10.64622673879205
10.64622703383459 10.665690013400333 10.65462161064523 10.665690013400203 10.646227033834524
10.646227328877032 10.665690309059489 10.654621906001639 10.665690309059352 10.646227328876948
10.646227623919433 10.665690604718598 10.654622201358023 10.66569060471846 10.64622762391935
10.646227918961815 10.665690900377685 10.654622496714383 10.665690900377555 10.646227918961731
10.646228214004173 10.665691196036752 10.654622792070727 10.665691196036622 10.646228214004081
10.646228509046491 10.665691491695787 10.654623087427035 10.665691491695659 10.64622850904641
10.646228804088825 10.665691787354834 10.654623382783344 10.665691787354689 10.646228804088741
10.646229099131126 10.66569208301382 10.65462367813962 10.665692083013699 10.646229099131046
10.646229394173425 10.665692378672833 10.654623973495893 10.665692378672711 10.646229394173336
10.646229689215719 10.665692674331826 10.654624268852167 10.665692674331703 10.64622968921563
10.64622998425801 10.665692969990822 10.654624564208422 10.665692969990692 10.646229984257921
10.646230279300282 10.665693265649809 10.654624859564684 10.665693265649672 10.646230279300205
10.64623057434255 10.665693561308784 10.654625154920923 10.66569356130866 10.646230574342482
10.646230869384828 10.665693856967755 10.654625450277175 10.66569385696764 10.646230869384752
10.646231164427105 10.665694152626743 10.654625745633433 10.665694152626607 10.646231164427022
10.646231459469384 10.665694448285718 10.65462604098968 10.665694448285581 10.646231459469298
10.64623175451166 10.665694743944682 10.654626336345924 10.665694743944556 10.646231754511568
10.646232049553937 10.665695039603671 10.654626631702174 10.665695039603541 10.646232049553861
10.646232344596212 10.665695335262644 10.654626927058427 10.66569533526252 10.646232344596136
10.646232639638496 10.665695630921643 10.65462722241468 10.665695630921514 10.646232639638423
10.646232934680794 10.665695926580646 10.654627517770951 10.6656959265805 10.646232934680711
10.646233229723103 10.665696222239628 10.654627813127213 10.665696222239493 10.646233229723
10.646233524765393 10.665696517898615 10.654628108483475 10.665696517898485 10.6462335247653
10.64623381980771 10.665696813557632 10.654628403839757 10.665696813557494 10.646233819807613
10.646234114850003 10.665697109216623 10.654628699196028 10.665697109216492 10.646234114849914
10.646234409892326 10.665697404875651 10.654628994552308 10.665697404875504 10.646234409892234
10.646234704934665 10.665697700534649 10.6546292899086 10.665697700534533 10.646234704934555
10.64623499997698 10.665697996193687 10.654629585264887 10.665697996193556 10.64623499997688
10.646235295019295 10.66569829185271 10.654629880621194 10.665698291852584 10.646235295019215
10.646235590061638 10.665698587511756 10.654630175977502 10.665698587511619 10.646235590061545
10.64623588510399 10.665698883170794 10.65463047133381 10.665698883170656 10.646235885103891
10.646236180146332 10.665699178829847 10.654630766690127 10.66569917882971 10.646236180146252
10.646236475188685 10.6656994744889 10.654631062046466 10.665699474488768 10.646236475188607
10.64623677023106 10.665699770147972 10.654631357402796 10.665699770147826 10.646236770230976
10.64623706527346 10.66570006580704 10.65463165275914 10.66570006580691 10.646237065273349
10.646237360315835 10.665700361466113 10.65463194811549 10.665700361466 10.64623736031573
10.646237655358215 10.665700657125203 10.654632243471848 10.665700657125074 10.64623765535812
10.646237950400609 10.665700952784306 10.654632538828212 10.665700952784167 10.646237950400513
10.646238245443033 10.6657012484434 10.654632834184588 10.665701248443273 10.646238245442927
10.646238540485411 10.665701544102513 10.654633129540976 10.665701544102381 10.64623854048533
10.646238835527834 10.665701839761633 10.654633424897353 10.6657018397615 10.646238835527754
