0.5921587776663823 0.5399288432145837 0.5301004834898292 0.53010048348983 0.5399288432145888 0.5921587776663834
0.7415175196508772 0.6772279984428883 0.6595079368178435 0.6595079368178453 0.6772279984428929 0.741517519650879
0.8659263516325925 0.794703398198541 0.7700455456990808 0.7700455456990818 0.7947033981985473 0.8659263516325945
0.9806228473582828 0.9051684100558617 0.874689398913672 0.8746893989136737 0.9051684100558675 0.9806228473582846
1.0914438861537215 1.0133912039554338 0.9781320611905381 0.9781320611905395 1.0133912039554387 1.0914438861537221
1.2014805894359364 1.1218687540682453 1.0827155458762077 1.0827155458762097 1.1218687540682502 1.2014805894359373
1.3126680993819657 1.2321699440581455 1.1898429455348705 1.1898429455348718 1.2321699440581506 1.3126680993819655
1.426346960869814 1.3453968597912203 1.3004663620273413 1.3004663620273416 1.3453968597912247 1.4263469608698134
1.543508721897231 1.4623811761548058 1.4152915485530575 1.4152915485530584 1.4623811761548098 1.54350872189723
1.6649190386628077 1.5837799961116725 1.534874191058047 1.5348741910580466 1.5837799961116756 1.6649190386628068
1.791185075221786 1.7101268644475625 1.659668359149174 1.6596683591491728 1.710126864447566 1.7911850752217826
1.9227944047349448 1.8418602373017943 1.7900515674374595 1.7900515674374564 1.841860237301797 1.9227944047349401
2.0601379641705644 1.9793395137254648 1.9263374732368828 1.9263374732368812 1.9793395137254666 2.0601379641705595
2.203523470795028 2.122853713980851 2.068781635864167 2.0687816358641635 2.1228537139808514 2.2035234707950218
2.3531828697897956 2.2726256048214184 2.2175832155280206 2.2175832155280175 2.2726256048214197 2.3531828697897885
2.5092759624667296 2.428812947558734 2.372884254323593 2.37288425432359 2.42881294755873 2.5092759624667202
2.6718916066555036 2.591507955016944 2.5347675528052367 2.5347675528052305 2.5915079550169433 2.6718916066554965
2.8410474534658783 2.760735717666325 2.7032538231030707 2.703253823103065 2.7607357176663205 2.841047453465867
3.0166889312478613 2.9364521704396402 2.8782986178064234 2.8782986178064154 2.9364521704396367 3.016688931247846
3.198688028899835 3.118542056059418 3.05978943003151 3.0597894300314983 3.118542056059412 3.1986880288998205
3.3868423238597236 3.306817263695248 3.247543295760422 3.247543295760409 3.306817263695239 3.3868423238597076
3.5808746206456266 3.501015863723981 3.441305183321745 3.44130518332173 3.5010158637239708 3.58087462064561
3.7804334990892765 3.7008021085252896 3.6407474144528815 3.640747414452871 3.7008021085252807 3.780433499089251
3.985095008653801 3.9057676185465064 3.845470319566242 3.8454703195662243 3.9057676185464927 3.9850950086537806
4.1943656814498 4.11543391834167 4.055004282710115 4.055004282710099 4.115433918341656 4.194365681449775
4.407686969458326 4.32925642722669 4.268813277642017 4.268813277641998 4.329256427226672 4.407686969458294
4.6244411408052555 4.546629943696967 4.4862999355728395 4.4862999355728155 4.54662994369695 4.624441140805221
4.843958597102534 4.7668955934034045 4.706812119103457 4.7068121191034304 4.76689559340338 4.843958597102494
5.065526501511603 4.98934914001928 4.929650908428705 4.929650908428678 4.989349140019255 5.065526501511554
5.288398538752924 5.213250490314538 5.1540798386299125 5.154079838629884 5.213250490314513 5.288398538752882
5.511805567629327 5.437834163161679 5.379335164875793 5.379335164875759 5.437834163161652 5.5118055676292865
5.73496687751678 5.662320440983439 5.60463687969466 5.60463687969462 5.662320440983403 5.734966877516729
5.957101725940893 5.885926884805219 5.829200166855707 5.829200166855665 5.88592688480518 5.957101725940841
6.177440817112929 6.107879873217912 6.052246952679225 6.052246952679184 6.107879873217869 6.17744081711287
6.395237382245253 6.327425822637836 6.273017209522948 6.273017209522897 6.327425822637794 6.395237382245189
6.609777541345049 6.54384176136548 6.490779678162932 6.490779678162876 6.543841761365438 6.60977754134497
6.820389661378895 6.7564449618089 6.7048417048038 6.70484170480375 6.756444961808848 6.8203896613788215
7.02645247441409 6.964601381325394 6.914557932233757 6.9145579322336985 6.96460138132533 7.02645247441401
7.227401777867305 7.167732718928419 7.1193376398426 7.1193376398425405 7.167732718928359 7.227401777867225
7.422735603109505 7.365321958481551 7.3186505898213285 7.318650589821265 7.365321958481486 7.422735603109429
7.612017804045144 7.556917334609696 7.512031302524201 7.512031302524136 7.556917334609631 7.612017804045045
7.794880079844412 7.74213472124536 7.699081748481898 7.699081748481831 7.742134721245299 7.794880079844311
7.97102250229507 7.92065850086739 7.87947250415347 7.879472504153398 7.920658500867319 7.971022502294963
8.140212665620083 8.092241022237824 8.052942470184744 8.052942470184659 8.092241022237765 8.140212665619984
8.3022836133911 8.256700793885269 8.219297292597322 8.219297292597242 8.256700793885196 8.302283613390975
8.457130722617507 8.413919588763939 8.378406657825074 8.378406657824991 8.413919588763848 8.457130722617395
8.604707739347147 8.56383865238299 8.530200651619879 8.530200651619795 8.56383865238292 8.604707739347031
8.745022164028784 8.706454212953732 8.67466538013607 8.674665380135979 8.706454212953657 8.745022164028663
8.878130179850823 8.841812489024663 8.811838050157013 8.81183805015692 8.841812489024566 8.878130179850691
9.004131304995475 8.970004379326074 8.941801696049964 8.941801696049865 8.970004379325983 9.004131304995337
9.123162932089478 9.091160002961871 9.064679725446078 9.064679725445979 9.09116000296178 9.123162932089345
9.235394896917924 9.205443237520038 9.180630435701756 9.180630435701657 9.20544323751996 9.23539489691778
9.341024195378656 9.313046379848556 9.289841630668391 9.289841630668283 9.313046379848462 9.341024195378509
9.440269944136457 9.414185030670417 9.392525443738121 9.392525443738014 9.414185030670312 9.440269944136322
9.53336865765616 9.509093281128168 9.488913449840217 9.4889134498401 9.50909328112806 9.533368657656007
9.620569893127673 9.598019257698262 9.579252127039867 9.579252127039755 9.59801925769816 9.620569893127513
9.702132295839561 9.681221062361145 9.663798708355749 9.663798708355639 9.68122106236104 9.702132295839405
9.77832006115485 9.758963127855948 9.74281744681569 9.742817446815577 9.758963127855845 9.778320061154698
9.849399815532095 9.831512993470044 9.816576301834576 9.816576301834457 9.831512993469934 9.849399815531925
9.915637907985111 9.899138495121665 9.885344042762613 9.885344042762501 9.899138495121559 9.915637907984951
9.97729809483739 9.962105354361324 9.949387755812499 9.949387755812374 9.962105354361208 9.977298094837222
10.034639594366274 10.020675144128328 10.008970733330042 10.008970733329928 10.020675144128226 10.034639594366121
10.087915483673324 10.07510360438166 10.064350719259211 10.064350719259094 10.07510360438154 10.087915483673159
10.137371407553017 10.12563927777965 10.115778481376063 10.115778481375942 10.125639277779543 10.13737140755283
10.183244567970448 10.17252243411202 10.16349667912252 10.163496679122398 10.172522434111892 10.183244567970283
10.2257629627103 10.215984251897789 10.207738995368832 10.207738995368702 10.215984251897662 10.225762962710121
10.265144842569452 10.256246226193218 10.248729500901089 10.248729500900971 10.256246226193099 10.265144842569288
10.301598357907153 10.293519772965524 10.28668222162646 10.28668222162633 10.293519772965402 10.30159835790699
10.335321367243205 10.328006002181585 10.32180088020389 10.321800880203766 10.328006002181455 10.335321367243067
10.36650138274851 10.359895633866206 10.35427878586734 10.354278785867217 10.359895633866081 10.366501382748336
10.395315629770417 10.389369033663504 10.384298848466415 10.384298848466294 10.389369033663385 10.395315629770211
10.421931199878678 10.416596346780585 10.412033695093667 10.412033695093541 10.416596346780466 10.421931199878513
10.446505279225955 10.441737711520153 10.437645870008847 10.437645870008723 10.441737711520027 10.44650527922578
10.46918543623475 10.464943535858446 10.461288100843566 10.461288100843422 10.464943535858316 10.469185436234588
10.49010995471403 10.48635482265227 10.483103616228775 10.483103616228647 10.48635482265214 10.490109954713839
10.509408200441689 10.506103531037581 10.503226502000965 10.503226502000834 10.506103531037466 10.509408200441513
10.527201011019478 10.524312963394902 10.521782084993196 10.521782084993065 10.52431296339479 10.527201011019299
10.54360110039953 10.541098168896712 10.538887335095207 10.538887335095076 10.541098168896587 10.543601100399355
10.558713470907893 10.55656635612032 10.55465127777161 10.554651277771484 10.55656635612019 10.558713470907716
10.57263582684761 10.570817308510014 10.569175410563442 10.569175410563313 10.570817308509879 10.572635826847456
10.585458984867348 10.583943797613765 10.582554118272517 10.582554118272387 10.583943797613632 10.585458984867167
10.597267277238515 10.596031990013573 10.594875082553036 10.594875082552903 10.596031990013454 10.597267277238338
10.608138945010374 10.607161844726402 10.60621968251983 10.606219682519685 10.607161844726274 10.608138945010197
10.61814651871607 10.617407498586624 10.616663383742708 10.616663383742573 10.617407498586509 10.618146518715887
10.627357184902026 10.62683763774581 10.626276113642449 10.62627611364232 10.626837637745684 10.627357184901848
10.635833137255194 10.635515853950086 10.635122621849296 10.63512262184916 10.635515853949943 10.635833137255023
10.64363191152163 10.643500984695647 10.643262824541454 10.643262824541313 10.643500984695509 10.64363191152144
10.650806703756512 10.650847436725956 10.650752132159734 10.650752132159596 10.65084743672582 10.650806703756345
10.657406671728387 10.657605492631642 10.657641760204843 10.657641760204712 10.657605492631504 10.657406671728213
10.663477219528072 10.66382160055613 10.663979023076518 10.663979023076372 10.663821600555988 10.663477219527895
10.669060265615991 10.669538647201994 10.669807611115703 10.669807611115564 10.669538647201868 10.669060265615794
10.674194494682474 10.674796214485102 10.675167851170697 10.675167851170558 10.67479621448498 10.674194494682293
10.678915593805465 10.679630820299518 10.68009695113109 10.680096951130944 10.679630820299392 10.678915593805316
10.683256473470733 10.684076143944388 10.68462922896679 10.684629228966633 10.684076143944257 10.68325647347058
10.687247474077035 10.688163236826261 10.688796326876679 10.688796326876536 10.688163236826131 10.687247474076816
10.690916558587569 10.691920719093263 10.692627411198123 10.69262741119799 10.69192071909313 10.690916558587379
10.694289492012333 10.69537496288388 10.69614935875765 10.696149358757516 10.69537496288375 10.694289492012112
10.697390008413482 10.698550262885478 10.699386930358564 10.699386930358425 10.698550262885353 10.697390008413306
10.700239966129127 10.701468994899944 10.702362932104974 10.702362932104837 10.70146899489981 10.700239966128958
10.702859491898897 10.704151763106657 10.705098365256278 10.705098365256132 10.704151763106523 10.702859491898705
10.705267114562554 10.70661753669987 10.707612565294074 10.707612565293928 10.706617536699737 10.70526711456238
10.70747988898214 10.708883776558642 10.709923330865639 10.709923330865504 10.708883776558508 10.70747988898199
10.709513510814824 10.710966552585168 10.71204704324605 10.712047043245919 10.710966552585035 10.70951351081462
10.711382422738408 10.712880652322035 10.713998776936487 10.713998776936348 10.712880652321887 10.711382422738222
10.713099912704424 10.71463968143146 10.715792401988857 10.715792401988724 10.714639681431327 10.713099912704255
10.71467820476428 10.716256156592133 10.717440678619194 10.717440678619056 10.716256156592003 10.714678204764137
10.716128542986048 10.71774159133911 10.718955344643092 10.718955344642952 10.71774159133897 10.71612854298586
10.717461268950085 10.719106575344394 10.72034719623735 10.720347196237212 10.719106575344261 10.717461268949885
10.71868589328409 10.720360847606718 10.721626162503375 10.721626162503238 10.720360847606589 10.71868589328392
10.719811161668979 10.721513363990441 10.722801374279337 10.722801374279204 10.721513363990306 10.71981116166879
10.720845115720575 10.722572359526922 10.723881227620417 10.72388122762028 10.722572359526803 10.7208451157204
10.721795149127024 10.72354540586486 10.724873442340108 10.724873442339966 10.72354540586473 10.721795149126848
10.722668059394614 10.724439464230349 10.725785115979425 10.725785115979297 10.724439464230215 10.722668059394392
10.723470095532901 10.72526093423427 10.726622773546875 10.726622773546737 10.725260934234115 10.72347009553274
10.724207001986757 10.726015698840179 10.727392413347967 10.727392413347836 10.72601569884006 10.724207001986564
10.724884059099884 10.726709165785424 10.728099549201861 10.728099549201731 10.726709165785294 10.724884059099704
10.725506120377421 10.727346305726073 10.72874924932085 10.728749249320717 10.72734630572595 10.725506120377243
10.726077646792657 10.72793168735865 10.72934617210938 10.729346172109233 10.72793168735853 10.72607764679247
10.726602738367248 10.72846950975137 10.729894599120339 10.7298945991202 10.728469509751248 10.726602738367061
10.72708516323676 10.728963632102188 10.730398465389262 10.730398465389122 10.728963632102056 10.727085163236568
10.727528384397527 10.729417601123949 10.73086138735046 10.730861387350318 10.729417601123822 10.727528384397354
10.727935584316532 10.729834676242335 10.73128668852431 10.731286688524165 10.729834676242184 10.727935584316366
10.728309687572066 10.730217852778084 10.731677423150384 10.73167742315025 10.730217852777955 10.728309687571894
10.728653381680227 10.730569883272603 10.732036397928146 10.732036397928018 10.730569883272462 10.728653381680065
10.728969136250806 10.730893297102908 10.732366192014293 10.732366192014158 10.73089329710278 10.728969136250603
10.729259220604456 10.731190418521935 10.732669175414987 10.732669175414852 10.731190418521802 10.729259220604243
10.729525719973665 10.731463383248505 10.732947525899924 10.732947525899796 10.731463383248386 10.729525719973502
10.729770550400042 10.73171415372276 10.733203244555858 10.733203244555721 10.731714153722624 10.729770550399856
10.729995472431181 10.731944533132861 10.733438170087798 10.733438170087673 10.731944533132735 10.729995472431026
10.730202103714218 10.732156178311469 10.733653991967861 10.733653991967724 10.73215617831135 10.730202103714019
10.730391930572628 10.73235061159186 10.733852262523671 10.73385226252353 10.732350611591725 10.730391930572447
10.73056631864938 10.732529231707192 10.73403440805132 10.734034408051176 10.732529231707062 10.730566318649215
10.730726522689755 10.732693323809574 10.734201739030885 10.73420173903075 10.732693323809446 10.730726522689542
10.730873695533647 10.732844068679539 10.734355459516566 10.734355459516424 10.732844068679396 10.730873695533445
10.731008896381114 10.732982551190752 10.734496675767705 10.734496675767552 10.73298255119063 10.731008896380935
10.731133098388927 10.73310976809025 10.734626404181709 10.73462640418156 10.73310976809013 10.731133098388744
10.731247195652251 10.733226635148878 10.734745578585027 10.734745578584892 10.733226635148757 10.731247195652042
10.7313520096212 10.733333993732922 10.734855056933972 10.734855056933828 10.733333993732778 10.731352009620995
10.73144829499767 10.733432616843391 10.734955627472745 10.734955627472598 10.733432616843277 10.731448294997493
10.73153674515444 10.733523214666263 10.735048014392731 10.735048014392591 10.733523214666132 10.731536745154234
10.731617997114611 10.73360643967253 10.735132883033092 10.735132883032957 10.733606439672396 10.731617997114434
10.731692636128136 10.73368289130518 10.735210844659807 10.73521084465968 10.733682891305051 10.731692636127955
10.731761199876486 10.733753120285932 10.735282460857196 10.73528246085705 10.733753120285787 10.731761199876292
10.731824182336597 10.733817632572533 10.735348247563243 10.735348247563104 10.7338176325724 10.731824182336435
10.731882037331458 10.733876892995372 10.735408678777688 10.73540867877755 10.733876892995237 10.731882037331285
10.731935181792174 10.733931328598606 10.735464189969042 10.735464189968901 10.733931328598473 10.731935181791993
10.73198399875568 10.733981331710389 10.735515181205255 10.735515181205116 10.733981331710245 10.731983998755478
10.732028840118787 10.734027262763744 10.735562020030198 10.735562020030061 10.73402726276361 10.732028840118593
10.732070029168948 10.734069452888543 10.735605044106665 10.735605044106526 10.734069452888411 10.732070029168773
10.732107862909276 10.734108206292863 10.735644563644712 10.735644563644566 10.734108206292737 10.732107862909091
10.732142614194668 10.734143802451092 10.73568086363284 10.735680863632691 10.734143802450957 10.732142614194519
10.7321745336949 10.734176498114193 10.73571420588796 10.735714205887824 10.734176498114056 10.732174533694716
10.732203851697555 10.734206529156827 10.735744830938868 10.735744830938737 10.734206529156703 10.73220385169736
10.73223077976519 10.734234112274311 10.735772959756604 10.735772959756458 10.734234112274176 10.732230779764988
10.732255512257296 10.73425944654168 10.735798795344431 10.735798795344294 10.734259446541541 10.732255512257105
10.732278227729045 10.734282714846199 10.735822524198438 10.735822524198285 10.73428271484607 10.732278227728841
10.732299090215928 10.734304085203366 10.735844317649503 10.735844317649361 10.73430408520323 10.732299090215745
10.732318250414458 10.734323711965974 10.73586433309631 10.735864333096183 10.734323711965843 10.732318250414272
10.732335846766459 10.73434173693497 10.735882715138056 10.735882715137919 10.734341736934834 10.732335846766313
10.732352006455745 10.734358290379998 10.735899596615035 10.735899596614894 10.734358290379873 10.732352006455569
10.732366846323115 10.734373491976976 10.735915099564833 10.735915099564702 10.734373491976847 10.732366846322932
10.732380473707689 10.734387451669452 10.735929336100693 10.735929336100552 10.734387451669313 10.732380473707492
10.732392987219294 10.734400270460016 10.735942409218387 10.735942409218252 10.734400270459874 10.7323929872191
10.73240447744841 10.734412041137265 10.735954413537662 10.735954413537508 10.734412041137132 10.732404477448243
10.73241502761829 10.734422848943828 10.735965435983339 10.735965435983195 10.734422848943696 10.732415027618115
10.732424714183903 10.734432772189852 10.735975556411036 10.735975556410885 10.734432772189708 10.732424714183717
10.732433607382385 10.734441882816796 10.735984848181989 10.735984848181854 10.73444188281666 10.73243360738218
10.732441771738717 10.734450246915413 10.735993378691214 10.735993378691091 10.734450246915262 10.73244177173852
10.732449266530267 10.734457925201356 10.736001209852663 10.736001209852528 10.73445792520122 10.732449266530061
10.732456146213387 10.734464973452473 10.73600839854495 10.736008398544813 10.734464973452358 10.73245614621319
10.732462460815675 10.734471442910282 10.736014997020817 10.73601499702068 10.734471442910147 10.732462460815459
10.732468256295924 10.734477380648825 10.736021053283409 10.73602105328327 10.734477380648693 10.732468256295723
10.732473574875204 10.73448282991371 10.736026611431756 10.736026611431608 10.734482829913569 10.732473574875005
10.73247845534075 10.734487830433357 10.736031711978368 10.736031711978216 10.7344878304332 10.732478455340567
10.732482933325208 10.73449241870504 10.73603639214085 10.73603639214072 10.734492418704916 10.73248293332502
10.732487041563212 10.734496628257801 10.736040686109924 10.736040686109789 10.734496628257682 10.732487041563033
10.732490810127093 10.734500489893675 10.736044625295538 10.736044625295403 10.734500489893552 10.7324908101269
10.732494266643332 10.73450403190954 10.73604823855305 10.736048238552902 10.734504031909415 10.732494266643101
10.732497436491474 10.73450728030087 10.736051552390972 10.736051552390826 10.734507280300747 10.732497436491286
10.73250034298708 10.73451025894891 10.736054591161855 10.736054591161707 10.734510258948784 10.73250034298685
10.732503007549186 10.734512989792586 10.736057377237632 10.736057377237485 10.734512989792451 10.732503007548997
10.732505449855044 10.734515492986494 10.73605993117066 10.736059931170526 10.734515492986352 10.732505449854845
10.732507687981274 10.734517787046059 10.736062271841792 10.736062271841657 10.734517787045922 10.7325076879811
10.732509738534485 10.734519888980746 10.736064416596221 10.736064416596081 10.734519888980607 10.732509738534286
10.732511616770479 10.734521814416643 10.736066381368412 10.736066381368271 10.734521814416523 10.732511616770292
10.732513336704354 10.734523577708943 10.736068180796865 10.736068180796728 10.734523577708815 10.732513336704194
10.732514911211338 10.734525192045279 10.736069828329507 10.73606982832936 10.734525192045155 10.73251491121118
10.732516352119468 10.73452666954071 10.736071336320475 10.736071336320336 10.734526669540589 10.732516352119273
10.7325176702947 10.73452802132494 10.736072716119146 10.736072716119 10.734528021324797 10.732517670294511
10.732518875719325 10.734529257622452 10.736073978151808 10.736073978151666 10.734529257622308 10.73251887571915
10.732519977563738 10.73453038782613 10.736075131996753 10.73607513199661 10.734530387826018 10.732519977563548
10.732520984252432 10.73453142056502 10.736076186453243 10.73607618645311 10.73453142056488 10.732520984252243
10.732521903524754 10.734532363766162 10.73607714960488 10.736077149604748 10.73453236376605 10.732521903524564
10.732522742490564 10.734533224712052 10.736078028877793 10.736078028877658 10.734533224711921 10.73252274249039
10.732523507681467 10.73453401009271 10.736078831094115 10.73607883109397 10.73453401009259 10.732523507681298
10.732524205097857 10.734534726054171 10.736079562521116 10.736079562520978 10.734534726054028 10.732524205097663
10.732524840252001 10.734535378242493 10.736080228916334 10.736080228916205 10.73453537824235 10.732524840251827
10.732525418207972 10.734535971844586 10.736080835569041 10.736080835568908 10.734535971844457 10.73252541820778
10.732525943617855 10.734536511625484 10.736081387338299 10.736081387338169 10.734536511625336 10.732525943617677
10.732526420755434 10.734537001962627 10.73608188868799 10.736081888687854 10.73453700196249 10.732526420755242
10.732526853546803 10.734537446877468 10.736082343718865 10.736082343718724 10.73453744687733 10.732526853546654
10.732527245598924 10.734537850064353 10.736082756198243 10.736082756198108 10.734537850064216 10.732527245598723
10.732527600225149 10.734538214917174 10.736083129586971 10.736083129586826 10.734538214917038 10.732527600224953
10.73252792046948 10.73453854455379 10.736083467064427 10.736083467064283 10.734538544553653 10.732527920469304
10.732528209128343 10.734538841838415 10.736083771551415 10.736083771551273 10.7345388418383 10.732528209128173
10.732528468770731 10.734539109402407 10.736084045731156 10.736084045731015 10.73453910940227 10.732528468770534
10.732528701756571 10.734539349663025 10.736084292068648 10.736084292068515 10.734539349662887 10.732528701756396
10.73252891025399 10.734539564840953 10.736084512828413 10.73608451282826 10.734539564840807 10.732528910253812
10.732529096254746 10.734539756976238 10.736084710090768 10.736084710090624 10.734539756976108 10.73252909625455
10.73252926158853 10.734539927943066 10.736084885766854 10.736084885766711 10.734539927942937 10.732529261588326
10.732529407936271 10.734540079463105 10.736085041612341 10.73608504161221 10.734540079462978 10.732529407936077
10.732529536842133 10.73454021311806 10.736085179240156 10.73608517924002 10.73454021311791 10.732529536841978
10.732529649724842 10.73454033036095 10.736085300131979 10.736085300131837 10.734540330360803 10.732529649724647
10.732529747887497 10.734540432526613 10.736085405649021 10.736085405648883 10.73454043252648 10.73252974788732
10.732529832527431 10.734540520841358 10.736085497041767 10.73608549704163 10.734540520841227 10.732529832527211
10.732529904744409 10.734540596431719 10.736085575459002 10.736085575458851 10.734540596431597 10.732529904744213
10.73252996554891 10.73454066033263 10.736085641956056 10.736085641955924 10.734540660332506 10.732529965548705
10.732530015869079 10.734540713494825 10.73608569750246 10.736085697502329 10.734540713494704 10.732530015868893
10.732530056557692 10.73454075679174 10.736085742988877 10.736085742988745 10.734540756791613 10.732530056557525
10.732530088398141 10.73454079102573 10.736085779233507 10.736085779233361 10.734540791025607 10.732530088397956
10.732530112110048 10.734540816933928 10.736085806988008 10.736085806987873 10.734540816933805 10.732530112109854
10.732530128354542 10.734540835193506 10.736085826942931 10.73608582694279 10.734540835193384 10.732530128354348
10.73253013773895 10.734540846426546 10.736085839732647 10.736085839732509 10.734540846426412 10.73253013773876
10.732530140821295 10.734540851204558 10.736085845939916 10.736085845939781 10.734540851204418 10.73253014082107
10.73253013811403 10.734540850052522 10.736085846100126 10.73608584609998 10.734540850052383 10.732530138113857
10.732530130088186 10.734540843452764 10.736085840705094 10.73608584070495 10.734540843452633 10.732530130087994
10.732530117176273 10.734540831848387 10.736085830206648 10.736085830206518 10.734540831848253 10.732530117176058
10.732530099775662 10.734540815646401 10.736085815019873 10.736085815019742 10.734540815646286 10.732530099775477
10.732530078251516 10.734540795220804 10.736085795526101 10.736085795525971 10.734540795220674 10.732530078251296
10.732530052939076 10.734540770915046 10.736085772075612 10.736085772075475 10.73454077091493 10.73253005293893
10.732530024146643 10.734540743044786 10.736085744990238 10.7360857449901 10.734540743044642 10.732530024146465
10.732529992157172 10.73454071189988 10.73608571456562 10.73608571456548 10.734540711899744 10.732529992156962
10.732529957230627 10.734540677746699 10.736085681073337 10.736085681073192 10.734540677746551 10.732529957230458
10.732529919605993 10.734540640829882 10.73608564476289 10.736085644762746 10.734540640829744 10.732529919605822
10.732529879502689 10.734540601374242 10.73608560586351 10.73608560586336 10.734540601374121 10.73252987950248
10.73252983712227 10.734540559586272 10.73608556458575 10.736085564585615 10.73454055958613 10.732529837122062
10.732529792649972 10.734540515655658 10.736085521123062 10.736085521122918 10.734540515655512 10.73252979264977
10.732529746255892 10.734540469756656 10.736085475653141 10.736085475653004 10.734540469756519 10.732529746255734
10.732529698096421 10.734540422049353 10.73608542833925 10.736085428339115 10.734540422049236 10.732529698096245
10.732529648315131 10.734540372680883 10.736085379331373 10.736085379331247 10.734540372680764 10.732529648314932
10.73252959704383 10.734540321786316 10.73608532876729 10.73608532876716 10.734540321786177 10.732529597043678
10.732529544403867 10.734540269489772 10.736085276773572 10.736085276773427 10.734540269489633 10.732529544403658
10.732529490506412 10.734540215905268 10.736085223466477 10.736085223466334 10.734540215905144 10.732529490506215
10.732529435453799 10.734540161137607 10.736085168952828 10.736085168952693 10.734540161137463 10.732529435453607
10.73252937933999 10.734540105282955 10.736085113330793 10.73608511333064 10.734540105282822 10.732529379339814
10.732529322251287 10.73454004842976 10.736085056690488 10.73608505669034 10.734540048429634 10.732529322251109
10.732529264266974 10.734539990659254 10.736084999114743 10.736084999114603 10.73453999065911 10.732529264266798
10.73252920545992 10.73453993204598 10.73608494067964 10.736084940679499 10.734539932045859 10.732529205459748
10.732529145897002 10.734539872658562 10.736084881455078 10.73608488145493 10.734539872658425 10.732529145896851
10.732529085639763 10.734539812559925 10.73608482150526 10.73608482150512 10.734539812559788 10.73252908563957
10.732529024744565 10.734539751807906 10.73608476088918 10.736084760889048 10.734539751807777 10.732529024744418
10.732528963263457 10.734539690455644 10.73608469966103 10.736084699660893 10.734539690455525 10.732528963263261
10.732528901243919 10.734539628551998 10.736084637870585 10.73608463787045 10.734539628551879 10.732528901243748
10.732528838729861 10.734539566141773 10.736084575563572 10.736084575563435 10.734539566141661 10.732528838729683
10.732528775761423 10.734539503266218 10.736084512782025 10.736084512781884 10.734539503266083 10.732528775761272
10.732528712375672 10.734539439963134 10.73608444956452 10.73608444956438 10.734539439962997 10.732528712375487
10.732528648606447 10.734539376267294 10.736084385946523 10.736084385946398 10.734539376267167 10.732528648606268
10.732528584485008 10.734539312210673 10.736084321960618 10.736084321960483 10.734539312210543 10.7325285844848
10.732528520039901 10.734539247822596 10.73608425763672 10.736084257636584 10.734539247822473 10.73252852003973
10.732528455297587 10.734539183130032 10.73608419300231 10.736084193002176 10.734539183129899 10.732528455297377
10.73252839028211 10.734539118157743 10.736084128082659 10.736084128082512 10.734539118157597 10.732528390281924
10.732528325015801 10.734539052928465 10.736084062900948 10.736084062900815 10.734539052928337 10.732528325015606
10.73252825951897 10.73453898746311 10.73608399747851 10.736083997478369 10.734538987462983 10.732528259518778
10.73252819381043 10.734538921780883 10.736083931834921 10.736083931834772 10.734538921780757 10.732528193810207
10.732528127907345 10.734538855899416 10.736083865988155 10.736083865988013 10.734538855899292 10.732528127907148
10.732528061825546 10.734538789834946 10.736083799954738 10.736083799954603 10.734538789834797 10.732528061825366
10.732527995579629 10.734538723602297 10.736083733749867 10.736083733749734 10.734538723602165 10.732527995579437
10.732527929182888 10.734538657215198 10.736083667387492 10.736083667387346 10.734538657215062 10.732527929182707
10.732527862647602 10.734538590686187 10.736083600880399 10.736083600880262 10.734538590686054 10.73252786264742
10.732527795985055 10.73453852402682 10.736083534240365 10.736083534240226 10.73453852402667 10.732527795984867
10.732527729205573 10.734538457247659 10.736083467478204 10.736083467478068 10.734538457247533 10.732527729205389
10.732527662318681 10.73453839035851 10.736083400603862 10.736083400603727 10.734538390358392 10.732527662318496
10.732527595333098 10.734538323368298 10.736083333626462 10.736083333626324 10.734538323368165 10.732527595332925
10.732527528256881 10.73453825628523 10.736083266554374 10.736083266554232 10.734538256285092 10.73252752825671
10.732527461097376 10.734538189116854 10.736083199395278 10.736083199395159 10.734538189116709 10.732527461097211
10.732527393861403 10.734538121870116 10.736083132156303 10.736083132156155 10.73453812186998 10.732527393861213
10.732527326555108 10.734538054551392 10.73608306484391 10.736083064843776 10.734538054551267 10.732527326554932
10.732527259184272 10.734537987166537 10.736082997464075 10.736082997463939 10.7345379871664 10.732527259184074
10.732527191754091 10.734537919720914 10.7360829300223 10.736082930022153 10.734537919720788 10.732527191753908
10.732527124269458 10.734537852219498 10.736082862523594 10.736082862523455 10.73453785221937 10.732527124269263
10.732527056734758 10.734537784666799 10.736082794972615 10.736082794972479 10.734537784666669 10.732527056734547
10.732526989154044 10.734537717067004 10.736082727373592 10.736082727373455 10.734537717066875 10.732526989153849
10.732526921531099 10.734537649423935 10.73608265973046 10.736082659730318 10.734537649423798 10.732526921530907
10.732526853869334 10.734537581741113 10.73608259204678 10.736082592046646 10.734537581740975 10.732526853869148
10.732526786171924 10.734537514021778 10.73608252432586 10.736082524325722 10.734537514021634 10.732526786171732
10.732526718441752 10.734537446268872 10.736082456570736 10.736082456570598 10.734537446268746 10.732526718441564
10.732526650681534 10.734537378485179 10.73608238878419 10.736082388784057 10.73453737848504 10.732526650681313
10.732526582893602 10.734537310673153 10.736082320968762 10.73608232096862 10.734537310673026 10.732526582893424
10.732526515080323 10.73453724283511 10.736082253126801 10.736082253126666 10.734537242834993 10.732526515080124
10.732526447243687 10.734537174973198 10.736082185260486 10.73608218526035 10.734537174973072 10.732526447243512
10.732526379385634 10.734537107089302 10.73608211737178 10.736082117371643 10.734537107089189 10.732526379385455
10.732526311507925 10.73453703918529 10.736082049462519 10.736082049462388 10.73453703918514 10.732526311507723
10.732526243612087 10.734536971262692 10.736081981534364 10.736081981534221 10.734536971262564 10.732526243611893
10.732526175699658 10.734536903323102 10.736081913588851 10.736081913588711 10.734536903322972 10.732526175699457
10.73252610777193 10.73453683536788 10.736081845627387 10.736081845627258 10.73453683536776 10.732526107771749
10.732526039830201 10.734536767398302 10.736081777651288 10.736081777651142 10.734536767398158 10.732526039830029
10.732525971875598 10.734536699415504 10.736081709661734 10.736081709661594 10.734536699415381 10.732525971875404
10.73252590390918 10.734536631420612 10.736081641659805 10.736081641659673 10.734536631420474 10.732525903908964
10.73252583593181 10.73453656341458 10.736081573646532 10.73608157364639 10.734536563414435 10.732525835931648
10.732525767944542 10.734536495398283 10.736081505622819 10.736081505622671 10.73453649539816 10.732525767944336
