0.576059453665395 0.5106878586792837 0.5063558574456418 0.5063558574456423 0.5106878586792836 0.5760594536653937
0.7187256331875124 0.6358126631618366 0.6261666829597697 0.6261666829597695 0.6358126631618338 0.7187256331875103
0.8366793261400661 0.7424168067818986 0.7277282728507276 0.7277282728507286 0.7424168067818973 0.8366793261400645
0.9444323266787222 0.8423774001134068 0.8232627283334872 0.8232627283334876 0.8423774001134038 0.9444323266787198
1.047548331774616 0.9400353396171823 0.9171605730912735 0.9171605730912741 0.9400353396171788 1.047548331774614
1.1489858364954346 1.0376126439862472 1.0115898075809622 1.0115898075809628 1.0376126439862432 1.1489858364954322
1.250601987856556 1.1364754034797566 1.1078305847336165 1.1078305847336178 1.1364754034797522 1.250601987856554
1.3536820205899367 1.2375672395778163 1.2067374675449338 1.206737467544936 1.2375672395778117 1.3536820205899343
1.459172372804552 1.3415929486929672 1.3089342171596388 1.3089342171596394 1.3415929486929634 1.4591723728045496
1.567799583415602 1.4491075017047788 1.4149063517603322 1.4149063517603337 1.4491075017047725 1.5677995834155982
1.680137236081342 1.5605632209754663 1.525048641962401 1.5250486419624023 1.5605632209754605 1.6801372360813398
1.7966461314624724 1.6763362548457532 1.6396906051097904 1.6396906051097913 1.6763362548457446 1.796646131462469
1.9176992879448622 1.7967418577632859 1.7591103820293337 1.7591103820293355 1.7967418577632777 1.9176992879448596
2.0435977138495365 1.92204317763456 1.8835420834911227 1.8835420834911238 1.9220431776345501 2.043597713849533
2.174580276653945 2.05245606668807 2.013179279992769 2.01317927999277 2.052456066688061 2.17458027665394
2.310829672171379 2.1881513621128006 2.1481761322269493 2.148176132226951 2.188151362112789 2.3108296721713733
2.452475777648614 2.329255526666642 2.2886470554394767 2.2886470554394776 2.329255526666631 2.4524757776486075
2.599597257954003 2.475850236170501 2.4346654874777816 2.434665487477783 2.4758502361704884 2.599597257953998
2.752222042995952 2.627971328587928 2.5862621513715522 2.586262151371556 2.627971328587915 2.752222042995945
2.9103271363181844 2.7856074278843295 2.7434231013028993 2.7434231013029007 2.7856074278843135 2.910327136318177
3.073838111142684 2.948698493408966 2.9060877806562555 2.906087780656258 2.9486984934089455 3.0738381111426776
3.2426285789669467 3.1171345046424364 3.074147283273356 3.0741472832733594 3.117134504642415 3.242628578966937
3.416519863862502 3.2907544616359545 3.247442983088993 3.2474429830889964 3.2907544616359345 3.4165198638624936
3.5952810745040984 3.4693458571824074 3.425765676457713 3.4257656764577176 3.4693458571823856 3.5952810745040877
3.77862973032548 3.652644753890228 3.6088553617235712 3.608855361723576 3.6526447538902014 3.778629730325471
3.9662330646535393 3.8403365755461834 3.7964017595381594 3.7964017595381625 3.8403365755461554 3.9662330646535247
4.157710094200159 4.032057696149524 3.9880456537718505 3.988045653771862 4.032057696149495 4.157710094200146
4.352634509910056 4.227397881261192 4.183381106066655 4.183381106066659 4.22739788126116 4.352634509910042
4.550538408701946 4.425903604963033 4.381958567267715 4.38195856726772 4.425903604962999 4.55053840870193
4.750916849574246 4.627082232422243 4.583288876803921 4.583288876803924 4.627082232422204 4.750916849574227
4.953233181841869 4.830407023899891 4.786848107660953 4.786848107660961 4.830407023899849 4.953233181841849
5.156925059239279 5.035322882443218 4.99208318132902 4.992083181329028 5.035322882443168 5.156925059239267
5.361411022764373 5.241252736066081 5.198418145639999 5.198418145640011 5.241252736066035 5.361411022764358
5.566097508968953 5.447604417603756 5.4052609804262035 5.405260980426214 5.447604417603705 5.566097508968939
5.770386120309266 5.653777883175929 5.612010773036595 5.612010773036603 5.653777883175869 5.77038612030924
5.973680981257436 5.859172594605993 5.818065089304655 5.818065089304668 5.85917259460593 5.973680981257416
6.175395998847434 6.0631948831517715 6.022827356581227 6.022827356581241 6.063194883151707 6.175395998847412
6.3749618494139115 6.265265111964467 6.225714074470779 6.225714074470795 6.265265111964399 6.374961849413884
6.57183252420201 6.464824462757231 6.42616167597625 6.426161675976265 6.464824462757162 6.571832524201986
6.76549128451022 6.661341187669084 6.623632876377607 6.623632876377626 6.661341187669009 6.765491284510188
6.955455900885176 6.8543161892262905 6.817622368382029 6.817622368382054 6.85431618922621 6.955455900885141
7.141283079102657 7.043287818231818 7.007661748533486 7.0076617485335095 7.043287818231734 7.141283079102636
7.322572006534533 7.22783580970297 7.193323589932117 7.193323589932143 7.227835809702887 7.322572006534493
7.498966984255407 7.407584308862061 7.374224608226408 7.374224608226431 7.40758430886198 7.498966984255372
7.670159141201429 7.582203970924865 7.550027899847708 7.550027899847729 7.582203970924772 7.670159141201394
7.835887255365946 7.751413148437705 7.720444261934227 7.7204442619342535 7.751413148437613 7.835887255365888
7.995937732198707 7.914978206847876 7.8852326309573675 7.885232630957397 7.914978206847781 7.9959377321986675
8.15014381119291 8.072713031837468 8.044199700647669 8.044199700647697 8.072713031837374 8.150143811192857
8.298384087586262 8.224477810045705 8.19719879870529 8.197198798705324 8.224477810045606 8.298384087586202
8.440580447000647 8.37017717784372 8.344128115614334 8.344128115614362 8.370177177843608 8.440580447000604
8.576695516836855 8.509757840830089 8.48492838763815 8.484928387638181 8.509757840829968 8.576695516836804
8.706729739719817 8.643205769985679 8.61958014002061 8.619580140020638 8.643205769985558 8.706729739719766
8.830718171833267 8.770543079477097 8.748100596044727 8.748100596044765 8.770543079476973 8.830718171833219
8.94872710328517 8.891824686590988 8.870540353554 8.870540353554038 8.891824686590859 8.948727103285115
9.060850589456427 9.007134846957063 8.986979923557719 8.986979923557753 9.007134846956951 9.060850589456376
9.167206972353029 9.116583648835245 9.097526216383494 9.097526216383532 9.116583648835107 9.167206972352968
9.267935460003047 9.220303539530248 9.202309050246399 9.202309050246434 9.220303539530098 9.267935460002981
9.36319282053932 9.31844594561864 9.301477745749382 9.301477745749416 9.318445945618507 9.363192820539254
9.453150236305655 9.41117803719229 9.395197858299213 9.395197858299264 9.41117803719214 9.453150236305582
9.537990352536816 9.4986796752059 9.483648089195317 9.48364808919536 9.49867967520576 9.537990352536765
9.617904545196964 9.5811405706157 9.567017405595974 9.567017405596024 9.581140570615556 9.617904545196883
9.693090423625824 9.65875767455921 9.645502389952195 9.645502389952238 9.658757674559071 9.69309042362576
9.763749575857856 9.73173281051089 9.71930483099146 9.719304830991511 9.731732810510751 9.763749575857789
9.830085557887346 9.80027055222455 9.788629561016377 9.788629561016428 9.800270552224397 9.830085557887289
9.892302122743263 9.864576345350965 9.853682538172919 9.85368253817297 9.864576345350823 9.892302122743214
9.950601680945523 9.924854865853465 9.91466916740191 9.914669167401954 9.924854865853312 9.950601680945443
10.005183980653312 9.981308604654535 9.971792849939558 9.971792849939591 9.981308604654387 10.00518398065324
10.056244993473403 10.03413666522977 10.025253748375679 10.025253748375727 10.034136665229616 10.056244993473335
10.103975990351497 10.083533759000792 10.075247752295331 10.075247752295374 10.083533759000636 10.103975990351419
10.148562791101867 10.129689382246191 10.121965628295897 10.12196562829594 10.12968938224603 10.148562791101785
10.190185170821437 10.172787157725143 10.16559233756799 10.165592337568048 10.172787157724992 10.190185170821383
10.229016406570636 10.21300432417887 10.20630650413387 10.206306504133916 10.21300432417871 10.229016406570548
10.265222948188553 10.250511357233592 10.24428001714933 10.244280017149377 10.250511357233435 10.265222948188478
10.298964197854472 10.285471705883516 10.279677751294031 10.279677751294079 10.28547170588336 10.298964197854396
10.330392383932546 10.318041629599328 10.31265739011992 10.31265739011998 10.318041629599168 10.330392383932468
10.35965251568331 10.348370122119595 10.343369338225534 10.343369338225582 10.348370122119423 10.359652515683244
10.386882406537213 10.376598909081316 10.371956709216624 10.37195670921668 10.376598909081158 10.386882406537143
10.412212754760997 10.402862507784508 10.398555377553254 10.398555377553304 10.402862507784343 10.412212754760924
10.43576727147614 10.427288338528061 10.423294083529655 10.423294083529704 10.427288338527902 10.435767271476093
10.457662847082368 10.449996878072593 10.44629458176052 10.44629458176057 10.449996878072422 10.457662847082302
10.478009748181867 10.471101846857978 10.46767182463005 10.467671824630099 10.471101846857797 10.478009748181764
10.496911838079303 10.49071042261699 10.487534173185134 10.487534173185182 10.490710422616818 10.49691183807923
10.514466814840523 10.508923473969269 10.50598362891083 10.505983628910878 10.5089234739691 10.514466814840445
10.530766461723493 10.52583580844859 10.523116080707979 10.523116080708043 10.525835808448425 10.530766461723418
10.545896905553057 10.541536430208927 10.539021562197984 10.539021562198041 10.541536430208778 10.545896905552985
10.559938879288596 10.556108803368637 10.553784515207253 10.55378451520731 10.556108803368469 10.559938879288541
10.57296798564249 10.569631117593342 10.567484055936786 10.56748405593683 10.569631117593186 10.572967985642405
10.585054959144179 10.58217655308683 10.580194240902369 10.580194240902415 10.582176553086642 10.585054959144115
10.596265924519058 10.593813542661065 10.591984330244038 10.591984330244093 10.593813542660909 10.596265924518951
10.606662649663413 10.604606028997463 10.602919046452612 10.602919046452667 10.604606028997292 10.606662649663313
10.616302791857958 10.614613715592656 10.613058826953283 10.613058826953337 10.614613715592476 10.616302791857871
10.62524013616969 10.623892310215211 10.62246006932487 10.622460069324925 10.623892310215028 10.625240136169605
10.633524825258878 10.632493759982376 10.631175368224907 10.63117536822496 10.632493759982195 10.633524825258785
10.641203580032565 10.640466477409106 10.63925374333941 10.639253743339468 10.640466477408932 10.641203580032487
10.648319910776603 10.647855556986965 10.646740857886973 10.646740857887034 10.647855556986793 10.648319910776523
10.654914318557356 10.654702982022666 10.653679227383948 10.65367922738401 10.6547029820225 10.65491431855724
10.661024486816663 10.661047821609836 10.660108418525805 10.660108418525871 10.661047821609653 10.66102448681658
10.666685463192916 10.66692641772585 10.666065238161108 10.666065238161165 10.666926417725684 10.666685463192838
10.67192983168738 10.672372562542542 10.671583912434938 10.671583912435 10.672372562542364 10.671929831687299
10.676787875367653 10.677417666116757 10.676696256258735 10.67669625625879 10.677417666116586 10.676787875367577
10.681287729854326 10.68209091468911 10.681431833327403 10.68143183332747 10.682090914688953 10.681287729854247
10.685455527879368 10.686419419866176 10.685818106954171 10.685818106954224 10.686419419866 10.685455527879288
10.6893155352369 10.6904283589977 10.689880582031249 10.689880582031304 10.69042835899753 10.689315535236815
10.692890278469326 10.69414110708706 10.693642938452172 10.693642938452221 10.6941411070869 10.692890278469237
10.696200664646279 10.697579360589602 10.69712715634966 10.697127156349712 10.697579360589437 10.696200664646234
10.699266093602791 10.700763253465732 10.700353633515714 10.700353633515782 10.700763253465562 10.69926609360271
10.702104563005168 10.703711465859914 10.703341295375752 10.703341295375813 10.70371146585975 10.702104563005086
10.704732766613624 10.706441325777549 10.706107697889673 10.70610769788973 10.706441325777364 10.704732766613565
10.707166186104576 10.708968904128035 10.708669123750521 10.708669123750584 10.708968904127861 10.70716618610451
10.709419176808643 10.711309103496541 10.711040672244629 10.711040672244689 10.711309103496363 10.709419176808547
10.711505047711672 10.71347574099768 10.713236343129068 10.713236343129127 10.713475740997508 10.711505047711594
10.713436136054534 10.71548162555402 10.71526911487195 10.715269114872005 10.715481625553846 10.713436136054458
10.715223876854324 10.717338629930483 10.717151017589126 10.717151017589181 10.717338629930314 10.715223876854225
10.716878867658437 10.719057757842874 10.718893200998094 10.718893200998153 10.719057757842702 10.71687886765836
10.718410928827902 10.72064920644469 10.720505997696405 10.720505997696463 10.72064920644453 10.718410928827817
10.71982915963242 10.722122424483297 10.721998982058084 10.721998982058137 10.722122424483121 10.719829159632361
10.721141990426908 10.723486166401681 10.723381025027095 10.723381025027155 10.723486166401512 10.721141990426833
10.722357231163341 10.724748542648264 10.724660345073067 10.72466034507313 10.7247485426481 10.722357231163228
10.723482116479918 10.725917066443326 10.725844555560371 10.72584455556043 10.725917066443142 10.723482116479843
10.724523347595172 10.726998697236453 10.726940708767604 10.726940708767655 10.726998697236281 10.724523347595081
10.725487131220637 10.727999881077137 10.727955336781632 10.727955336781685 10.727999881076963 10.72548713122057
10.726379215695518 10.728926588105967 10.728894489476733 10.728894489476781 10.728926588105782 10.726379215695449
10.727204924531794 10.72978434736331 10.729763769777241 10.729763769777296 10.729784347363116 10.727204924531703
10.727969187548538 10.73057827909904 10.730568366389742 10.730568366389809 10.730578279098857 10.727969187548467
10.728676569762387 10.73131312475606 10.731313084179513 10.731313084179572 10.731313124755879 10.728676569762303
10.729331298189829 10.73199327478912 10.732002372354636 10.732002372354696 10.731993274788962 10.729331298189766
10.72993728670848 10.732622794470354 10.732640350611122 10.73264035061117 10.732622794470188 10.729937286708378
10.730498159112818 10.733205447822852 10.73323083338182 10.733230833381871 10.733205447822668 10.73049815911271
10.731017270493249 10.73374471981451 10.73377735232338 10.733777352323443 10.73374471981432 10.731017270493188
10.73149772705676 10.734243836935386 10.734283177165592 10.734283177165645 10.734243836935217 10.731497727056656
10.731942404500094 10.734705786273773 10.734751335039846 10.734751335039899 10.73470578627359 10.731942404500005
10.73235396503992 10.735133333197805 10.735184628395341 10.735184628395391 10.735133333197627 10.732353965039824
10.732734873195222 10.735529037743229 10.735585651604158 10.735585651604218 10.735529037743051 10.732734873195133
10.733087410412717 10.735895269799615 10.735956806349323 10.73595680634938 10.735895269799434 10.733087410412637
10.733413688617974 10.736234223182256 10.73630031588372 10.736300315883776 10.736234223182086 10.733413688617897
10.733715662770623 10.736547928669928 10.7366182382414 10.73661823824146 10.736547928669756 10.733715662770528
10.733995142495276 10.73683826608347 10.736912478477135 10.73691247847719 10.736838266083293 10.73399514249522
10.734253802856204 10.737106975475056 10.737184800004755 10.737184800004817 10.737106975474868 10.734253802856117
10.734493194336752 10.737355667492666 10.737436835099954 10.737436835100011 10.737355667492505 10.734493194336665
10.73471475208309 10.73758583298004 10.7376700946282 10.737670094628259 10.737585832979851 10.734714752082983
10.734919804464823 10.737798851867538 10.73788597705471 10.737885977054763 10.73779885186735 10.734919804464727
10.735109581003158 10.737996001406577 10.73808577678856 10.73808577678862 10.737996001406403 10.735109581003087
10.73528521971263 10.738178463794865 10.73827069191009 10.738270691910149 10.738178463794702 10.735285219712539
10.735447773899379 10.738347333237611 10.738441831326472 10.738441831326531 10.738347333237439 10.735447773899287
10.735598218456461 10.738503622485933 10.73860022139779 10.73860022139785 10.73850362248577 10.735598218456367
10.735737455692394 10.73864826889123 10.738746812072185 10.738746812072247 10.73864826889105 10.735737455692306
10.735866320727954 10.738782140010526 10.738882482566577 10.738882482566634 10.738782140010365 10.7358663207279
10.73598558649277 10.738906038796609 10.739008046626074 10.739008046626132 10.738906038796443 10.735985586492681
10.736095968350899 10.739020708402863 10.739124257393431 10.739124257393486 10.739020708402672 10.736095968350774
10.736198128383641 10.739126836631828 10.739231811917108 10.739231811917167 10.739126836631643 10.736198128383558
10.736292679354333 10.739225060053544 10.739331355324861 10.739331355324914 10.739225060053379 10.736292679354264
10.736380188378288 10.739315967817925 10.739423484687265 10.739423484687311 10.739315967817747 10.736380188378213
10.736461180320436 10.739400105184076 10.739508752594393 10.739508752594453 10.739400105183904 10.736461180320376
10.736536140940695 10.739477976787464 10.739587670466824 10.739587670466884 10.739477976787274 10.736536140940611
10.736605519804973 10.73955004966407 10.739660711620425 10.739660711620477 10.739550049663887 10.73660551980491
10.736669732980458 10.73961675605 10.739728314103365 10.73972831410342 10.739616756049823 10.73666973298038
10.736729165529848 10.73967849597271 10.739790883322392 10.739790883322442 10.739678495972539 10.736729165529775
10.736784173820647 10.739735639649655 10.739848794473481 10.739848794473538 10.739735639649473 10.736784173820546
10.736835087662094 10.739788529708417 10.739902394791935 10.739902394791997 10.739788529708237 10.736835087662001
10.736882212283694 10.739837483241834 10.73995200563499 10.739952005635041 10.73983748324166 10.736882212283614
10.736925830166063 10.739882793709956 10.739997924409405 10.739997924409462 10.739882793709793 10.736925830165957
10.736966202735621 10.739924732700779 10.740040426355758 10.74004042635582 10.739924732700599 10.736966202735537
10.737003571933409 10.7399635515595 10.740079766199765 10.74007976619982 10.739963551559326 10.737003571933327
10.737038161666678 10.739999482896936 10.740116179680788 10.740116179680838 10.739999482896764 10.737038161666606
10.737070179152765 10.74003274198534 10.740149884966469 10.740149884966518 10.740032741985175 10.737070179152685
10.737099816162665 10.740063528050364 10.740181083962135 10.740181083962193 10.740063528050186 10.73709981616259
10.737127250172154 10.740092025466868 10.74020996352256 10.740209963522616 10.740092025466705 10.737127250172078
10.737152645427036 10.740118404865592 10.74023669657358 10.740236696573634 10.740118404865422 10.737152645426981
10.737176153929283 10.740142824157447 10.740261443150173 10.740261443150233 10.740142824157271 10.737176153929225
10.737197916349327 10.740165429481507 10.740284351357133 10.740284351357193 10.740165429481328 10.737197916349244
10.737218062870753 10.740186356082363 10.74030555825825 10.740305558258312 10.740186356082189 10.7372180628707
10.737236713971997 10.74020572912214 10.740325190699252 10.740325190699314 10.740205729121955 10.737236713971921
10.737253981149564 10.74022366443196 10.740343366069384 10.740343366069439 10.74022366443178 10.737253981149475
10.737269967587602 10.740240269207524 10.740360193006287 10.740360193006339 10.740240269207357 10.73726996758753
10.73728476877763 10.740255642652762 10.740375772048349 10.740375772048406 10.74025564265258 10.737284768777538
10.737298473091725 10.74026987657551 10.740390196238412 10.740390196238463 10.740269876575326 10.73729847309165
10.73731116231349 10.740283055938884 10.74040355168254 10.740403551682602 10.74028305593872 10.7373111623134
10.737322912128956 10.740295259371576 10.740415918067107 10.74041591806717 10.74029525937142 10.737322912128889
10.73733379258136 10.740306559639977 10.740427369137366 10.740427369137416 10.740306559639807 10.737333792581303
10.737343868491706 10.740317024085202 10.740437973140335 10.740437973140383 10.740317024085028 10.73734386849164
10.73735319984802 10.74032671502759 10.74044779323471 10.74044779323476 10.740326715027411 10.737353199847943
10.73736184216571 10.74033569014101 10.740456887870188 10.740456887870241 10.740335690140817 10.737361842165638
10.737369846821094 10.740344002799189 10.740465311138555 10.74046531113861 10.74034400279903 10.737369846821018
10.737377261359844 10.740351702396435 10.74047311309853 10.74047311309858 10.740351702396266 10.737377261359754
10.737384129782587 10.740358834644134 10.740480340076479 10.740480340076529 10.740358834643947 10.737384129782535
10.737390492809402 10.74036544184546 10.740487034944659 10.740487034944705 10.740365441845281 10.737390492809338
10.737396388124129 10.740371563149484 10.740493237378779 10.740493237378834 10.740371563149305 10.737396388124044
10.737401850600858 10.74037723478622 10.740498984096268 10.740498984096318 10.740377234786044 10.73740185060077
10.737406912513501 10.740382490284377 10.74050430907688 10.740504309076933 10.740382490284203 10.737406912513414
10.7374116037295 10.740387360672733 10.74050924376678 10.740509243766837 10.74038736067255 10.737411603729418
10.737415951889375 10.740391874666432 10.740513817267459 10.740513817267507 10.740391874666235 10.737415951889304
10.737419982572739 10.740396058839563 10.740518056510517 10.740518056510576 10.740396058839396 10.73741998257264
10.737423719451781 10.740399937784893 10.740521986419516 10.740521986419571 10.740399937784726 10.737423719451696
10.73742718443382 10.740403534261395 10.740525630059611 10.740525630059675 10.740403534261228 10.737427184433722
10.737430397792558 10.740406869331101 10.740529008776184 10.740529008776248 10.740406869330931 10.737430397792473
10.737433378290051 10.740409962485563 10.74053214232305 10.740532142323097 10.7404099624854 10.737433378290024
10.73743614328959 10.740412831763054 10.74053504898106 10.740535048981119 10.740412831762887 10.737436143289507
10.737438708859486 10.740415493856792 10.74053774566808 10.740537745668131 10.740415493856606 10.737438708859417
10.737441089870172 10.740417964215297 10.740540248040443 10.740540248040498 10.740417964215123 10.737441089870092
10.737443300083212 10.740420257135229 10.740542570587131 10.74054257058719 10.74042025713507 10.737443300083122
10.737445352233971 10.740422385847216 10.740544726716745 10.7405447267168 10.740422385847051 10.737445352233928
10.737447258108432 10.740424362595352 10.740546728838126 10.740546728838178 10.74042436259517 10.737447258108373
10.737449028613577 10.74042619871076 10.74054858843484 10.7405485884349 10.740426198710578 10.737449028613504
10.737450673843172 10.740427904679677 10.740550316134202 10.740550316134259 10.740427904679509 10.7374506738431
10.737452203138417 10.740429490206466 10.7405519217711 10.74055192177115 10.740429490206296 10.737452203138318
10.737453625143802 10.740430964271859 10.740553414447076 10.740553414447133 10.740430964271694 10.737453625143756
10.73745494785956 10.740432335186936 10.740554802585084 10.740554802585136 10.74043233518677 10.73745494785947
10.737456178689087 10.740433610643123 10.740556093979938 10.740556093979995 10.740433610642953 10.737456178688989
10.73745732448389 10.740434797758272 10.740557295845306 10.740557295845367 10.740434797758107 10.737457324483815
10.737458391584596 10.740435903119561 10.740558414856952 10.74055841485702 10.740435903119375 10.73745839158452
10.737459385859033 10.740436932822911 10.740559457192859 10.74055945719291 10.740436932822753 10.737459385858948
10.737460312737484 10.740437892509819 10.740560428570344 10.7405604285704 10.740437892509641 10.737460312737396
10.73746117724534 10.740438787401024 10.740561334280425 10.740561334280482 10.740438787400853 10.737461177245235
10.737461984033228 10.74043962232804 10.740562179219603 10.74056217921966 10.740439622327854 10.737461984033155
10.737462737405087 10.740440401762054 10.740562967919264 10.740562967919322 10.740440401761886 10.737462737404993
10.73746344134389 10.74044112984097 10.740563704572903 10.740563704572958 10.740441129840793 10.737463441343806
10.737464099535599 10.740441810394064 10.740564393061339 10.740564393061394 10.740441810393873 10.737464099535522
10.737464715391335 10.740442446965057 10.740565036976019 10.740565036976076 10.740442446964899 10.73746471539128
10.737465292067911 10.740443042833563 10.740565639640607 10.740565639640643 10.740443042833382 10.737465292067858
10.737465832486746 10.740443601034503 10.740566204130864 10.740566204130921 10.740443601034347 10.737465832486679
10.737466339351396 10.740444124376587 10.740566733293338 10.740566733293392 10.740444124376427 10.737466339351318
10.737466815163817 10.740444615459092 10.740567229762208 10.740567229762268 10.740444615458937 10.737466815163721
10.737467262239404 10.74044507668744 10.740567695975296 10.740567695975358 10.74044507668728 10.737467262239306
10.737467682720938 10.740445510287726 10.740568134188624 10.74056813418869 10.740445510287554 10.737467682720863
10.73746807859144 10.740445918320006 10.740568546490014 10.740568546490062 10.740445918319834 10.737468078591364
10.737468451686055 10.74044630269079 10.740568934811566 10.740568934811627 10.740446302690627 10.737468451685954
10.737468803702996 10.74044666516442 10.74056930094137 10.74056930094143 10.740446665164246 10.7374688037029
10.737469136213944 10.740447007373639 10.740569646534153 10.740569646534205 10.74044700737347 10.737469136213877
10.737469450673432 10.740447330829483 10.740569973121245 10.740569973121305 10.740447330829298 10.73746945067335
10.737469748427406 10.740447636930279 10.740570282119835 10.740570282119885 10.740447636930108 10.73746974842732
10.73747003072154 10.740447926970132 10.740570574841387 10.740570574841444 10.740447926969953 10.737470030721468
10.737470298708617 10.740448202146599 10.740570852499618 10.74057085249968 10.740448202146437 10.737470298708525
10.737470553455417 10.74044846356802 10.740571116217744 10.7405711162178 10.740448463567851 10.73747055345533
10.737470795949218 10.740448712260013 10.740571367035185 10.740571367035237 10.74044871225984 10.73747079594913
10.737471027103679 10.740448949171753 10.740571605913905 10.740571605913955 10.74044894917157 10.737471027103586
10.737471247764276 10.740449175181634 10.740571833744106 10.740571833744157 10.740449175181478 10.737471247764212
10.737471458713554 10.740449391102594 10.740572051349627 10.740572051349679 10.740449391102416 10.737471458713474
10.737471660675627 10.740449597686887 10.74057225949287 10.740572259492918 10.74044959768669 10.737471660675528
10.737471854320576 10.74044979563067 10.740572458879406 10.740572458879463 10.740449795630504 10.737471854320493
10.737472040268619 10.740449985578266 10.740572650162166 10.740572650162216 10.740449985578103 10.73747204026854
10.737472219093622 10.740450168125918 10.74057283394543 10.740572833945484 10.740450168125763 10.737472219093576
10.737472391326822 10.74045034382541 10.740573010788376 10.740573010788427 10.740450343825236 10.737472391326738
10.737472557459666 10.740450513187351 10.740573181208518 10.740573181208575 10.740450513187175 10.737472557459563
10.737472717947018 10.740450676684302 10.740573345684785 10.740573345684846 10.740450676684134 10.737472717946916
10.737472873209851 10.740450834753615 10.74057350466038 10.740573504660436 10.740450834753448 10.73747287320976
10.737473023637698 10.740450987799985 10.740573658545456 10.740573658545516 10.740450987799802 10.737473023637651
10.737473169591206 10.74045113619793 10.740573807719604 10.740573807719665 10.740451136197779 10.737473169591109
10.73747331140384 10.740451280294097 10.74057395253407 10.740573952534133 10.74045128029394 10.737473311403788
10.737473449384508 10.740451420409235 10.740574093313969 10.74057409331403 10.740451420409084 10.737473449384426
10.737473583818867 10.740451556840217 10.740574230360115 10.740574230360165 10.74045155684004 10.737473583818776
10.737473714971348 10.7404516898617 10.740574363950916 10.740574363950968 10.740451689861523 10.737473714971257
10.73747384308669 10.740451819727918 10.740574494344035 10.7405744943441 10.740451819727765 10.737473843086587
10.737473968391336 10.740451946674215 10.74057462177787 10.740574621777938 10.740451946674034 10.73747396839122
10.737474091094876 10.740452070918245 10.74057474647316 10.740574746473222 10.740452070918074 10.737474091094771
10.737474211391241 10.740452192661525 10.740574868634031 10.74057486863409 10.740452192661353 10.737474211391158
10.737474329459962 10.740452312090548 10.740574988449495 10.74057498844955 10.740452312090374 10.737474329459898
10.737474445467118 10.740452429377836 10.740575106094424 10.740575106094486 10.740452429377651 10.737474445467058
10.737474559566463 10.740452544683125 10.740575221730673 10.740575221730733 10.740452544682933 10.737474559566392
10.737474671900209 10.740452658154162 10.740575335508032 10.740575335508083 10.740452658153979 10.737474671900136
10.73747478260004 10.74045276992775 10.740575447565083 10.740575447565144 10.740452769927566 10.737474782599973
10.737474891787786 10.740452880130464 10.740575558030129 10.740575558030182 10.740452880130288 10.737474891787707
10.737474999576174 10.74045298887942 10.74057566702186 10.740575667021917 10.740452988879252 10.737474999576113
10.737475106069581 10.740453096283032 10.74057577465015 10.740575774650198 10.740453096282858 10.737475106069509
10.737475211364542 10.74045320244162 10.740575881016637 10.740575881016692 10.74045320244142 10.737475211364487
10.737475315550444 10.74045330744796 10.74057598621544 10.740575986215497 10.740453307447797 10.737475315550371
10.737475418709966 10.740453411388051 10.740576090333603 10.740576090333654 10.740453411387886 10.737475418709872
10.737475520919595 10.740453514341363 10.74057619345171 10.74057619345177 10.740453514341203 10.737475520919526
10.73747562225024 10.740453616381481 10.740576295644342 10.7405762956444 10.740453616381302 10.737475622250171
10.737475722767405 10.740453717576496 10.740576396980494 10.74057639698054 10.74045371757631 10.73747572276734
10.737475822531742 10.740453817989401 10.740576497524039 10.7405764975241 10.740453817989229 10.737475822531694
10.737475921599422 10.740453917678558 10.740576597334073 10.740576597334142 10.740453917678373 10.737475921599357
10.737476020022362 10.740454016697884 10.74057669646529 10.740576696465354 10.740454016697727 10.737476020022294
10.737476117848624 10.74045411509738 10.74057679496832 10.740576794968373 10.740454115097199 10.737476117848553
10.737476215122717 10.740454212923225 10.740576892889978 10.74057689289004 10.740454212923042 10.737476215122646
10.737476311885834 10.7404543102182 10.740576990273645 10.740576990273706 10.740454310218016 10.737476311885755
10.737476408176063 10.740454407021902 10.740577087159416 10.740577087159469 10.740454407021726 10.737476408175969
10.737476504028663 10.740454503370948 10.740577183584419 10.74057718358448 10.740454503370774 10.737476504028555
10.737476599476196 10.740454599299238 10.740577279583006 10.740577279583068 10.74045459929907 10.737476599476123
10.737476694548967 10.740454694838155 10.740577375187007 10.74057737518704 10.740454694837986 10.737476694548892
10.737476789274883 10.740454790016749 10.74057747042578 10.740577470425833 10.740454790016571 10.737476789274819
10.737476883679845 10.74045488486185 10.740577565326621 10.740577565326674 10.740454884861684 10.737476883679733
10.737476977787711 10.740454979398375 10.740577659914686 10.740577659914747 10.74045497939819 10.737476977787614
10.737477071620674 10.740455073649272 10.740577754213327 10.740577754213387 10.7404550736491 10.73747707162058
10.737477165199216 10.740455167635877 10.74057784824412 10.740577848244172 10.740455167635705 10.737477165199143
10.737477258542333 10.740455261377909 10.740577942027022 10.74057794202708 10.740455261377738 10.737477258542274
10.737477351667573 10.740455354893568 10.740578035580521 10.740578035580572 10.740455354893387 10.737477351667502
10.737477444591198 10.740455448199757 10.740578128921737 10.74057812892179 10.740455448199597 10.737477444591121
10.737477537328187 10.740455541312093 10.74057822206648 10.74057822206653 10.740455541311919 10.737477537328115
10.737477629892517 10.74045563424502 10.740578315029413 10.740578315029463 10.740455634244855 10.73747762989243
10.737477722297013 10.740455727011952 10.740578407824081 10.740578407824142 10.740455727011772 10.737477722296939
10.737477814553644 10.740455819625218 10.740578500463043 10.740578500463098 10.740455819625035 10.737477814553555
10.737477906673355 10.740455912096293 10.740578592957915 10.74057859295797 10.740455912096118 10.737477906673307
10.737477998666444 10.740456004435798 10.740578685319413 10.740578685319472 10.740456004435611 10.737477998666394
10.737478090542371 10.74045609665352 10.740578777557518 10.740578777557579 10.740456096653343 10.73747809054227
10.737478182309768 10.740456188758554 10.74057886968142 10.740578869681473 10.740456188758367 10.73747818230967
10.737478273976768 10.740456280759267 10.740578961699603 10.74057896169966 10.74045628075911 10.7374782739767
10.7374783655509 10.740456372663491 10.740579053619985 10.740579053620033 10.740456372663331 10.737478365550793
10.737478457039009 10.740456464478408 10.740579145449864 10.74057914544991 10.74045646447824 10.737478457038943
10.737478548447585 10.740456556210685 10.740579237195957 10.740579237196012 10.740456556210498 10.737478548447518
10.737478639782557 10.740456647866456 10.740579328864527 10.740579328864582 10.740456647866262 10.737478639782463
