0.6226609203119778 0.5544365585868831 0.5482590674572053 0.5544365585868831 0.6226609203119778
0.7922039289116861 0.7072468100970406 0.6973206262840672 0.7072468100970397 0.7922039289116857
0.9387999874884057 0.8441401450959857 0.8316685727577188 0.8441401450959846 0.9387999874884044
1.0790038620080478 0.9781537132997788 0.9640591356491425 0.9781537132997777 1.0790038620080473
1.219373835918652 1.1142150961238824 1.0991538614089613 1.114215096123881 1.2193738359186495
1.36344078085789 1.254978062411055 1.2394002105880018 1.2549780624110536 1.363440780857888
1.5134228399535685 1.402169019284426 1.3863747593663054 1.402169019284422 1.513422839953566
1.6708479279500228 1.5570391177164244 1.541223696106966 1.5570391177164211 1.670847927950019
1.8368262483612845 1.720547649496586 1.7048347044179057 1.720547649496581 1.8368262483612814
2.0121806661247827 1.8934432995166282 1.8779087686594307 1.8934432995166222 2.012180666124779
2.197510362652803 2.076299804279738 2.0609886727431794 2.0762998042797323 2.1975103626527983
2.393220259440283 2.2695288894849726 2.2544667416445168 2.2695288894849646 2.393220259440279
2.5995320837453395 2.473381213436162 2.458582107243568 2.473381213436154 2.599532083745333
2.816485710525384 2.6879411090796625 2.6734128822067547 2.687941109079651 2.816485710525375
3.043935982754644 2.91311872234097 2.898866513517103 2.9131187223409567 3.0439359827546366
3.281548464301544 3.148642083633891 3.134670610798283 3.148642083633876 3.281548464301538
3.5287966069870444 3.3940510750766 3.380366040342904 3.3940510750765855 3.528796606987035
3.784962191320898 3.6486948772895627 3.635303750433741 3.6486948772895427 3.7849621913208815
4.049140417919277 3.911734155046109 3.898646507677674 3.9117341550460902 4.0491404179192605
4.320250578634418 4.182148900311762 4.169376410707866 4.182148900311736 4.320250578634403
4.597052776860672 4.458752464881824 4.446308680227647 4.458752464881796 4.597052776860651
4.8781706863198 4.740211881011995 4.728111803352653 4.740211881011964 4.87817068631978
5.1621198527953025 5.02507410570738 5.013333655784586 5.025074105707345 5.162119852795283
5.447340585653106 5.311797365907187 5.300432771918831 5.311797365907151 5.4473405856530785
5.732234094997541 5.598786369108998 5.587813522857967 5.598786369108954 5.732234094997519
6.015200244655621 5.884429819373508 5.873863638520622 5.88442981937346 6.015200244655594
6.29467514107957 6.167138477929538 6.156992308980938 6.167138477929488 6.294675141079539
6.569166779431176 6.445381953493164 6.43566704510073 6.445381953493108 6.569166779431138
6.837287118471895 6.717722505328446 6.708447575282551 6.717722505328385 6.8372871184718615
7.097779235527529 6.982844378909362 6.974015291042841 6.982844378909291 7.097779235527487
7.3495385872040355 7.239577540311476 7.231197099857726 7.239577540311409 7.349538587203997
7.59162782720065 7.486915090213575 7.478982958551831 7.4869150902134995 7.591627827200612
7.8232850637522775 7.724024075757322 7.71653679852875 7.724024075757251 7.823285063752214
8.043925834493413 7.950249834539017 7.943200971334178 7.950249834538929 8.043925834493365
8.253139403723942 8.165114363390499 8.158494702937103 8.165114363390408 8.253139403723884
8.450680226231595 8.36830948048028 8.362107322652248 8.368309480480189 8.450680226231547
8.636455565770044 8.559685730607537 8.55388721559823 8.55968573060744 8.636455565769982
8.810510309063009 8.739238070443388 8.73382753590774 8.739238070443289 8.81051030906295
8.973009990380017 8.907089372680192 8.902049721258908 8.907089372680085 8.973009990379955
9.124222955030625 9.063472721853667 9.058785783905027 9.063472721853552 9.12422295503057
9.264502462201731 9.208713359390146 9.204360238625572 9.208713359390037 9.264502462201662
9.3942693772995 9.34321099075741 9.33917238349896 9.343210990757298 9.394269377299446
9.513995947635124 9.467423010996065 9.463679492698448 9.46742301099595 9.513995947635042
9.624191005562794 9.581849050561528 9.578381325888788 9.581849050561399 9.624191005562716
9.725386808799584 9.687017101602432 9.683806216610385 9.687017101602306 9.725386808799522
9.818127613738563 9.783471362020999 9.780498878819136 9.78347136202087 9.8181276137385
9.902959986177212 9.871761834059402 9.869009969707044 9.87176183405926 9.90295998617713
9.980424784762926 9.952435636276386 9.949887368637942 9.952435636276245 9.980424784762853
10.051050703774054 10.026029931292399 10.023669075185852 10.02602993129226 10.05105070377398
10.115349230846183 10.093066334099325 10.090877591383174 10.093066334099188 10.115349230846117
10.173810858761922 10.15404664397356 10.15201563129298 10.154046643973418 10.173810858761849
10.226902385267165 10.20944973387442 10.20756299168746 10.209449733874287 10.226902385267083
10.275065138120008 10.259729431582228 10.257974417865388 10.259729431582096 10.27506513811992
10.318713971654116 10.305313233998506 10.303678305732003 10.305313233998376 10.318713971654057
10.358236893926442 10.346601707691766 10.34507609288337 10.34660170769162 10.358236893926385
10.393995198337313 10.383968443065207 10.382542205716934 10.383968443065054 10.39399519833725
10.42632398918947 10.417760445022695 10.416424445093742 10.41776044502254 10.426323989189386
10.45553300607352 10.448298858662806 10.44704470875139 10.448298858662659 10.455533006073422
10.481907666610313 10.475879943609177 10.47469996377176 10.475879943609035 10.481907666610232
10.505710260556933 10.50077622461557 10.499663396469552 10.500776224615421 10.505710260556869
10.527181240383914 10.523237758792837 10.52218567981008 10.523237758792673 10.527181240383818
10.5465405640778 10.543493471069286 10.542496309762205 10.543493471069134 10.546540564077711
10.563989055129596 10.561752519297695 10.560804971824876 10.561752519297542 10.563989055129513
10.579709752506616 10.57820565881525 10.577302907388322 10.578205658815103 10.579709752506531
10.593869229987922 10.593026583346715 10.592164256700213 10.593026583346559 10.593869229987833
10.606618869695724 10.606373225040107 10.605547361128885 10.606373225039968 10.606618869695623
10.618096079115933 10.618389001272615 10.617596012283823 10.618389001272462 10.618096079115867
10.628425444502875 10.629203999799431 10.628440639505447 10.629203999799277 10.628425444502808
10.637719816430533 10.638936096968774 10.638199430400316 10.638936096968607 10.63771981643045
10.646081325504865 10.647692006212415 10.646979381596136 10.647692006212258 10.646081325504781
10.653602327986734 10.655568255952534 10.654877278831606 10.655568255952378 10.65360232798665
10.660366282386788 10.66265209753708 10.661980606975474 10.662652097536919 10.660366282386702
10.666448559060386 10.66902234491071 10.668368391670286 10.669022344910559 10.666448559060294
10.671917185516767 10.67475014851919 10.674111975091439 10.674750148519033 10.671917185516682
10.676833530621076 10.679899706489827 10.67927572886185 10.679899706489675 10.676833530621
10.681252931155507 10.684528916483401 10.683917707516812 10.684528916483249 10.681252931155425
10.685225264357477 10.688689971812652 10.688090246117062 10.688689971812494 10.685225264357394
10.688795470098746 10.692429905505678 10.691840505691438 10.692429905505525 10.688795470098665
10.692004026335976 10.695791085987125 10.69521097018719 10.69579108598698 10.69200402633588
10.694887381372464 10.698811667977733 10.698239898534151 10.698811667977576 10.694887381372402
10.69747834633827 10.701526002094164 10.700961735310605 10.701526002094006 10.697478346338173
10.699806451133595 10.70396500647799 10.70340748334602 10.703965006477834 10.699806451133526
10.701898266903559 10.706156503608463 10.705605041421759 10.706156503608312 10.70189826690347
10.703777697921021 10.708125525267162 10.707579510043772 10.708125525267006 10.703777697920943
10.705466245563843 10.709894588428995 10.709353468068377 10.709894588428837 10.705466245563764
10.706983246879235 10.711483944660765 10.710947222767713 10.711483944660605 10.706983246879165
10.708346090041518 10.71291180541777 10.712379035730905 10.712911805417622 10.708346090041434
10.709570408827906 10.71419454544384 10.71366532681201 10.714194545443695 10.709570408827807
10.710670258064065 10.715346886303273 10.714820858157625 10.71534688630312 10.710670258064011
10.71165827182885 10.716382061904962 10.715858900179398 10.716382061904818 10.711658271828785
10.712545806051889 10.717311967721276 10.716791381177933 10.717311967721127 10.712545806051802
10.713343066997206 10.718147295255076 10.717629022175707 10.718147295254909 10.713343066997115
10.714059226990585 10.718897653171698 10.718381458379278 10.718897653171556 10.714059226990507
10.714702528626265 10.719571676384275 10.719057348562407 10.719571676384124 10.714702528626194
10.715280378574793 10.720177124262884 10.719664473543903 10.720177124262742 10.715280378574711
10.715799432009703 10.720720969030332 10.720209824825448 10.72072096903018 10.715799432009613
10.716265668574703 10.72120947530692 10.720699684354473 10.72120947530677 10.716265668574612
10.71668446072611 10.721648271676516 10.721139696286711 10.721648271676353 10.716684460726016
10.717060635204971 10.722042415062292 10.721534931538864 10.722042415062116 10.717060635204904
10.717398528321372 10.722396448625663 10.721889945846787 10.722396448625489 10.717398528321274
10.717702035666282 10.722714453832165 10.722208831974621 10.722714453832015 10.717702035666187
10.717974656808021 10.723000097266107 10.722495266658488 10.723000097265961 10.71797465680795
10.71821953547405 10.723256672718627 10.722752552810517 10.723256672718472 10.718219535473942
10.7184394956706 10.723487139022442 10.722983657458029 10.723487139022275 10.718439495670538
10.718637074148685 10.723694154060027 10.72319124584545 10.723694154059876 10.71863707414859
10.718814549582284 10.723880105329625 10.723377712084757 10.723880105329469 10.718814549582213
10.71897396879153 10.72404713741532 10.723545206701514 10.724047137415166 10.718973968791452
10.719117170306863 10.724197176673268 10.72369566138917 10.724197176673126 10.719117170306776
10.719245805543986 10.72433195341482 10.723830811253567 10.724331953414648 10.719245805543903
10.719361357829976 10.724453021838974 10.723952214800605 10.72445302183882 10.719361357829916
10.719465159498357 10.724561777942272 10.72406127189552 10.724561777942117 10.719465159498272
10.719558407247849 10.72465947560989 10.72415923989853 10.724659475609739 10.719558407247767
10.719642175941573 10.724747241072668 10.724247248161928 10.724747241072512 10.719642175941487
10.719717431003605 10.724826085895208 10.724326311054105 10.724826085895058 10.719717431003536
10.71978503955597 10.724896918644175 10.724397339660074 10.724896918644015 10.719785039555882
10.71984578042312 10.724960555370302 10.724461152292683 10.72496055537015 10.719845780423041
10.719900353119483 10.725017729024897 10.724518483934974 10.725017729024742 10.719900353119389
10.719949385922574 10.725069097918473 10.724569994722383 10.725069097918317 10.7199493859225
10.71999344312529 10.725115253319228 10.724616277562223 10.72511525331907 10.719993443125198
10.720033031549997 10.725156726278366 10.724657864977903 10.725156726278225 10.720033031549907
10.720068606400122 10.725193993761152 10.724695235256995 10.725193993760989 10.720068606400046
10.720100576516163 10.725227484153834 10.724728817973448 10.725227484153672 10.72010057651607
10.720129309096649 10.725257582210427 10.724758998947914 10.725257582210274 10.720129309096558
10.720155133938771 10.725284633495757 10.72478612470334 10.725284633495589 10.720155133938693
10.720178347247197 10.725308948376334 10.724810506466719 10.725308948376174 10.720178347247124
10.720199215055215 10.72533080560498 10.724832423763745 10.725330805604827 10.720199215055153
10.720217976297555 10.725350455540466 10.724852127647337 10.725350455540314 10.720217976297464
10.720234845570229 10.725368123039416 10.724869843597528 10.72536812303925 10.720234845570142
10.720250015609627 10.725384010053608 10.724885774126077 10.725384010053444 10.72025001560954
10.72026365951886 10.725398297963029 10.724900101115837 10.725398297962856 10.720263659518785
10.720275932767645 10.725411149671045 10.724912987921936 10.725411149670903 10.720275932767553
10.720286974988248 10.725422711486614 10.724924581258916 10.725422711486452 10.720286974988182
10.72029691158892 10.72543311481432 10.724935012895763 10.725433114814164 10.720296911588834
10.720305855202515 10.72544247767274 10.724944401178298 10.725442477672592 10.72030585520244
10.72031390698805 10.725450906057945 10.724952852396434 10.725450906057784 10.720313906987968
10.72032115779936 10.725458495168036 10.724960462012303 10.725458495167878 10.720321157799274
10.720327689234871 10.72546533050327 10.724967315763212 10.72546533050312 10.720327689234788
10.720333574580467 10.725471488853811 10.724973490652228 10.725471488853653 10.720333574580383
10.720338879656193 10.72547703918703 10.724979055837991 10.725477039186876 10.720338879656088
10.720343663576799 10.725482043444467 10.72498407343378 10.725482043444305 10.720343663576722
10.720347979434946 10.725486557257433 10.724988599225153 10.725486557257275 10.72034797943487
10.720351874914465 10.725490630589913 10.724992683314651 10.725490630589752 10.720351874914364
10.720355392841437 10.7254943083159 10.724996370700696 10.725494308315747 10.720355392841347
10.72035857167913 10.725497630737886 10.724999701797513 10.725497630737731 10.720358571679053
10.720361445972419 10.725500634052585 10.7250027129022 10.72550063405243 10.720361445972358
10.720364046746944 10.725503350769173 10.725005436614087 10.725503350769033 10.720364046746852
10.720366401867457 10.725505810085014 10.725007902211457 10.725505810084856 10.720366401867402
10.720368536360278 10.725508038222927 10.72501013598988 10.725508038222774 10.720368536360187
10.720370472701877 10.725510058734336 10.725012161566099 10.725510058734196 10.720370472701791
10.72037223107915 10.72551189277139 10.725014000150853 10.725511892771223 10.72037223107906
10.720373829622304 10.725513559331254 10.725015670794045 10.725513559331105 10.720373829622229
10.720375284614635 10.725515075475858 10.725017190604877 10.725515075475704 10.720375284614551
10.720376610680477 10.725516456528862 10.725018574949521 10.72551645652871 10.7203766106804
10.72037782095435 10.725517716252885 10.725019837628754 10.725517716252739 10.720377820954297
10.720378927232755 10.725518867008427 10.725020991037365 10.725518867008265 10.720378927232654
10.720379940110224 10.725519919896767 10.725022046307377 10.725519919896627 10.720379940110156
10.720380869102174 10.725520884888253 10.725023013436802 10.725520884888086 10.720380869102076
10.720381722754464 10.72552177093744 10.725023901405029 10.725521770937274 10.720381722754372
10.720382508742457 10.725522586086665 10.725024718276721 10.725522586086527 10.720382508742366
10.720383233959517 10.725523337558979 10.725025471294925 10.725523337558823 10.720383233959417
10.720383904596765 10.725524031841518 10.725026166964755 10.725524031841363 10.720383904596666
10.720384526214552 10.72552467476055 10.725026811128682 10.725524674760395 10.72038452621446
10.720385103806823 10.725525271548841 10.725027409033926 10.725525271548673 10.720385103806736
10.720385641858748 10.725525826905969 10.725027965393123 10.72552582690581 10.720385641858654
10.720386144398505 10.7255263450528 10.725028484438855 10.72552634505265 10.720386144398432
10.720386615043994 10.725526829780195 10.725028969972472 10.725526829780033 10.72038661504391
10.720387057044432 10.725527284492777 10.72502942540806 10.725527284492617 10.720387057044356
10.720387473318093 10.72552771224836 10.725029853811888 10.725527712248203 10.72038747331804
10.720387866486004 10.725528115793239 10.72503025793788 10.725528115793072 10.720387866485897
10.720388238901963 10.725528497593873 10.725030640259343 10.725528497593709 10.720388238901867
10.72038859268015 10.72552885986551 10.72503100299765 10.72552885986537 10.720388592680074
10.720388929719347 10.725529204597683 10.725031348147859 10.72552920459753 10.720388929719263
10.72038925172483 10.725529533577276 10.725031677501793 10.725529533577115 10.720389251724741
10.720389560228192 10.725529848409055 10.72503199266871 10.725529848408904 10.720389560228108
10.72038985660498 10.72553015053441 10.725032295093946 10.725530150534262 10.720389856604877
10.720390142090581 10.725530441247765 10.725032586075548 10.725530441247612 10.720390142090492
10.72039041779456 10.725530721711763 10.725032866779358 10.725530721711609 10.720390417794482
10.720390684713461 10.72553099297056 10.725033138252462 10.725530992970409 10.720390684713378
10.720390943742238 10.725531255961965 10.725033401435248 10.72553125596181 10.720390943742162
10.720391195684751 10.725531511528217 10.725033657172279 10.725531511528068 10.720391195684664
10.720391441262889 10.725531760425778 10.72503390622213 10.72553176042562 10.7203914412628
10.720391681125033 10.725532003334015 10.725034149266055 10.725532003333852 10.720391681124948
10.72039191585353 10.725532240863094 10.725034386915901 10.725532240862941 10.720391915853446
10.720392145971351 10.725532473561048 10.725034619721217 10.725532473560879 10.720392145971253
10.720392371948227 10.725532701920017 10.725034848175548 10.725532701919864 10.720392371948144
10.720392594206043 10.725532926382071 10.72503507272215 10.725532926381923 10.720392594205945
10.72039281312365 10.725533147344239 10.725035293759134 10.725533147344072 10.720392813123567
10.72039302904133 10.725533365163 10.72503551164402 10.725533365162843 10.720393029041249
10.720393242264745 10.725533580158665 10.725035726697962 10.725533580158505 10.720393242264668
10.72039345306837 10.725533792618798 10.725035939209361 10.725533792618643 10.72039345306828
10.72039366169867 10.72553400280175 10.725036149437244 10.725534002801593 10.7203936616986
10.720393868377128 10.725534210939474 10.72503635761424 10.72553421093931 10.720393868377066
10.720394073302556 10.725534417240345 10.725036563949288 10.725534417240187 10.720394073302485
10.720394276653586 10.725534621891482 10.72503676863005 10.725534621891342 10.720394276653487
10.720394478590551 10.725534825060986 10.725036971825057 10.725534825060837 10.720394478590455
10.72039467925752 10.725535026899793 10.725037173685646 10.725535026899633 10.720394679257447
10.720394878783909 10.72553522754345 10.725037374347798 10.725535227543295 10.720394878783832
10.720395077285918 10.725535427113712 10.725037573933584 10.725535427113568 10.720395077285827
10.720395274867853 10.72553562571997 10.725037772552675 10.725535625719814 10.720395274867778
10.72039547162351 10.725535823460385 10.725037970303536 10.725535823460241 10.720395471623437
10.720395667637035 10.72553602042321 10.725038167274642 10.725536020423045 10.720395667636978
10.720395862984086 10.725536216687644 10.725038363545407 10.72553621668749 10.720395862983995
10.720396057732469 10.725536412324848 10.725038559187228 10.725536412324681 10.7203960577324
10.72039625194324 10.725536607398688 10.72503875426411 10.725536607398531 10.720396251943178
10.720396445671149 10.725536801966571 10.725038948833637 10.725536801966417 10.720396445671074
10.720396638965394 10.725536996080077 10.725039142947526 10.725536996079912 10.720396638965319
10.720396831870167 10.72553718978545 10.72503933665216 10.7255371897853 10.72039683187007
10.720397024425099 10.725537383124292 10.725039529989239 10.725537383124149 10.720397024425033
10.720397216665909 10.725537576133966 10.725039722996227 10.725537576133819 10.720397216665827
10.720397408624535 10.725537768847992 10.725039915706747 10.725537768847826 10.720397408624459
10.720397600329747 10.725537961296459 10.72504010815098 10.7255379612963 10.72039760032967
10.720397791807358 10.725538153506461 10.725040300356081 10.725538153506296 10.720397791807292
10.72039798308057 10.725538345502258 10.725040492346398 10.725538345502097 10.720397983080485
10.720398174170183 10.72553853730571 10.72504068414383 10.725538537305543 10.72039817417011
10.720398365094923 10.725538728936375 10.72504087576801 10.725538728936215 10.720398365094836
10.720398555871574 10.725538920411886 10.725041067236566 10.725538920411717 10.720398555871489
10.720398746515228 10.725539111748024 10.725041258565403 10.725539111747864 10.720398746515137
10.720398937039441 10.725539302959005 10.72504144976872 10.725539302958857 10.72039893703934
10.720399127456345 10.725539494057605 10.725041640859324 10.72553949405745 10.720399127456266
10.720399317776927 10.725539685055233 10.725041831848706 10.725539685055073 10.720399317776849
10.720399508010978 10.725539875962177 10.725042022747141 10.725539875962019 10.720399508010887
10.720399698167302 10.725540066787692 10.725042213563924 10.725540066787543 10.720399698167203
10.720399888253802 10.725540257540077 10.725042404307366 10.725540257539922 10.72039988825372
10.720400078277654 10.725540448226775 10.725042594984936 10.72554044822662 10.720400078277565
10.720400268245195 10.725540638854474 10.725042785603348 10.725540638854316 10.720400268245108
10.720400458162144 10.725540829429207 10.725042976168663 10.725540829429047 10.720400458162068
10.720400648033735 10.725541019956328 10.725043166686227 10.72554101995618 10.720400648033626
10.720400837864489 10.72554121044072 10.72504335716095 10.72554121044057 10.720400837864412
10.720401027658617 10.72554140088673 10.725043547597169 10.72554140088658 10.720401027658548
10.72040121741987 10.725541591298281 10.725043737998837 10.725541591298128 10.720401217419777
10.720401407151549 10.725541781678851 10.725043928369447 10.725541781678702 10.720401407151474
10.720401596856727 10.725541972031644 10.725044118712175 10.725541972031486 10.720401596856634
10.720401786538053 10.725542162359442 10.72504430902988 10.725542162359284 10.720401786537968
10.720401976197968 10.72554235266482 10.725044499325065 10.725542352664663 10.720401976197882
10.720402165838657 10.725542542950038 10.725044689600049 10.725542542949883 10.720402165838564
10.72040235546208 10.725542733217173 10.725044879856918 10.725542733217024 10.720402355461992
10.720402545070014 10.725542923468073 10.725045070097487 10.725542923467922 10.720402545069927
10.720402734664006 10.725543113704376 10.725045260323423 10.72554311370422 10.720402734663926
10.720402924245501 10.72554330392757 10.725045450536205 10.725543303927422 10.720402924245409
10.72040311381575 10.725543494139014 10.725045640737203 10.725543494138849 10.72040311381568
10.720403303375917 10.725543684339861 10.725045830927588 10.725543684339714 10.72040330337585
10.720403492927053 10.725543874531247 10.725046021108474 10.725543874531086 10.72040349292697
10.72040368247003 10.725544064714077 10.725046211280787 10.725544064713922 10.720403682469959
10.720403872005722 10.72554425488925 10.725046401445448 10.725544254889108 10.720403872005623
10.72040406153483 10.725544445057563 10.725046591603205 10.725544445057416 10.720404061534728
10.720404251058039 10.725544635219705 10.72504678175475 10.725544635219551 10.720404251057948
10.720404440575944 10.725544825376293 10.725046971900747 10.725544825376133 10.720404440575871
10.720404630089137 10.725545015527892 10.725047162041756 10.725545015527738 10.720404630089048
10.720404819598048 10.72554520567502 10.725047352178274 10.725545205674871 10.720404819597949
10.72040500910312 10.725545395818147 10.725047542310763 10.725545395817994 10.72040500910301
10.720405198604702 10.725545585957656 10.725047732439629 10.725545585957498 10.720405198604638
10.720405388103256 10.725545776093922 10.725047922565246 10.72554577609376 10.720405388103178
10.72040557759901 10.725545966227271 10.725048112687963 10.725545966227122 10.720405577598937
10.720405767092274 10.72554615635803 10.725048302808055 10.72554615635788 10.720405767092194
10.720405956583319 10.72554634648644 10.72504849292579 10.725546346486286 10.72040595658322
10.72040614607233 10.72554653661273 10.72504868304141 10.72554653661257 10.72040614607224
10.720406335559526 10.725546726737141 10.725048873155124 10.725546726736983 10.720406335559451
10.720406525045123 10.725546916859859 10.725049063267166 10.72554691685969 10.720406525045044
10.720406714529272 10.72554710698102 10.725049253377666 10.725547106980875 10.720406714529181
10.720406904012107 10.72554729710083 10.72504944348678 10.72554729710068 10.720406904012007
10.720407093493751 10.725547487219417 10.725049633594674 10.725547487219266 10.720407093493666
10.720407282974344 10.725547677336895 10.725049823701445 10.725547677336749 10.72040728297427
10.720407472454006 10.725547867453395 10.725050013807225 10.72554786745324 10.720407472453916
10.720407661932818 10.725548057568988 10.725050203912119 10.725548057568828 10.720407661932727
10.720407851410867 10.725548247683774 10.725050394016227 10.725548247683623 10.720407851410771
10.720408040888225 10.725548437797864 10.725050584119566 10.725548437797706 10.720408040888131
10.720408230364942 10.725548627911285 10.72505077422231 10.72554862791114 10.720408230364875
10.720408419841169 10.725548818024143 10.725050964324453 10.725548818023986 10.720408419841066
10.720408609316857 10.725549008136484 10.725051154426085 10.725549008136335 10.720408609316765
10.720408798792095 10.725549198248356 10.725051344527252 10.7255491982482 10.720408798792015
10.720408988266959 10.725549388359806 10.725051534627973 10.725549388359658 10.720408988266872
10.720409177741448 10.725549578470892 10.725051724728338 10.725549578470732 10.720409177741356
10.720409367215638 10.725549768581637 10.725051914828377 10.725549768581486 10.72040936721554
10.72040955668952 10.725549958692092 10.725052104928096 10.725549958691936 10.720409556689434
10.720409746163162 10.725550148802256 10.72505229502756 10.725550148802105 10.720409746163064
10.720409935636557 10.725550338912182 10.725052485126774 10.725550338912019 10.720409935636468
10.720410125109728 10.725550529021888 10.725052675225752 10.725550529021742 10.720410125109655
10.720410314582761 10.725550719131425 10.725052865324544 10.725550719131258 10.720410314582663
10.720410504055595 10.725550909240766 10.72505305542319 10.72555090924061 10.72041050405551
10.720410693528294 10.725551099349934 10.725053245521645 10.725551099349797 10.720410693528194
10.720410883000847 10.725551289458997 10.725053435619971 10.72555128945883 10.720410883000753
10.720411072473272 10.725551479567905 10.725053625718163 10.725551479567757 10.720411072473182
10.720411261945582 10.725551669676724 10.725053815816258 10.725551669676559 10.720411261945507
10.720411451417837 10.725551859785417 10.725054005914243 10.725551859785273 10.720411451417755
10.720411640889985 10.725552049894032 10.72505419601212 10.725552049893889 10.72041164088991
10.720411830362051 10.725552240002575 10.725054386109951 10.725552240002417 10.720411830361972
10.720412019834047 10.725552430111048 10.725054576207688 10.72555243011089 10.720412019833974
10.720412209305982 10.725552620219439 10.72505476630537 10.72555262021929 10.720412209305918
10.720412398777894 10.725552810327784 10.725054956402989 10.72555281032762 10.720412398777805
10.720412588249719 10.725553000436078 10.72505514650055 10.725553000435921 10.720412588249635
10.720412777721496 10.725553190544312 10.725055336598068 10.725553190544156 10.720412777721423
10.720412967193269 10.72555338065253 10.725055526695554 10.725553380652372 10.720412967193191
10.720413156665002 10.725553570760681 10.72505571679299 10.72555357076053 10.720413156664907
10.720413346136679 10.725553760868815 10.725055906890399 10.725553760868667 10.720413346136592
10.720413535608332 10.725553950976918 10.725056096987789 10.725553950976776 10.720413535608259
10.720413725079975 10.725554141085015 10.72505628708513 10.725554141084858 10.720413725079897
10.720413914551617 10.725554331193068 10.72505647718247 10.72555433119291 10.720413914551525
10.720414104023208 10.725554521301117 10.725056667279784 10.72555452130095 10.720414104023119
10.720414293494784 10.725554711409128 10.725056857377089 10.725554711408968 10.720414293494704
10.720414482966348 10.725554901517134 10.725057047474364 10.725554901516979 10.720414482966262
