0.9111391970173833 0.8917091058700531 0.9111391970173838
1.334492058364325 1.3257524809238592 1.3344920583643254
1.8036072421691067 1.802474492986812 1.8036072421691074
2.3448873714301017 2.3494740725657746 2.3448873714301035
2.966699600134407 2.975785279515392 2.966699600134407
3.665326347935423 3.677825737501654 3.665326347935426
4.425213082670046 4.439943524881461 4.425213082670047
5.220240873050678 5.235893759201183 5.220240873050682
6.0174725025457745 6.032720702241428 6.017472502545773
6.782884935926352 6.796551855212339 6.782884935926357
7.4873216036864925 7.4985309356990015 7.487321603686504
8.110697263904685 8.118945832577486 8.110697263904683
8.643407302325208 8.648548617084955 8.643407302325208
9.085192230204212 9.087357067083136 9.085192230204212
9.442540578411437 9.442034686997635 9.442540578411444
9.725796157220302 9.723007038419942 9.72579615722031
9.94673774435438 9.942066095325409 9.946737744354381
10.116920582701553 10.110738418738347 10.116920582701548
10.246740682903877 10.239370987354704 10.246740682903885
10.34504027418221 10.33675113110125 10.345040274182228
10.419056052794888 10.41006311216906 10.419056052794895
10.47455196606109 10.46502486853054 10.4745519660611
10.516030256345706 10.506100315869906 10.516030256345706
10.546958238826065 10.536725916784105 10.546958238826077
10.569978758850784 10.559520256581875 10.569978758850787
10.58709103842832 10.57646379301788 10.587091038428325
10.599799022064982 10.58904612695187 10.599799022064996
10.609229442287768 10.598383119143472 10.609229442287768
10.616223879046993 10.605308159975985 10.616223879047011
10.621409522533588 10.610442298280365 10.621409522533588
10.625253016916508 10.614247588004654 10.625253016916513
10.628101132667707 10.617067377081758 10.628101132667716
10.630211327641698 10.619156576025002 10.630211327641703
10.631774622351076 10.620704311898079 10.631774622351069
10.632932674157022 10.62185083602169 10.63293267415703
10.633790495168805 10.622700117154707 10.633790495168808
10.634425910900775 10.6233292070055 10.634425910900783
10.634896587051317 10.623795197600318 10.634896587051307
10.635245245333914 10.624140385476169 10.635245245333909
10.635503532713008 10.624396102545772 10.635503532713013
10.635694890404341 10.624585556611775 10.635694890404329
10.635836680499915 10.624725936857113 10.63583668049991
10.635941761923243 10.624829974127856 10.635941761923233
10.636019658092147 10.624907096978236 10.636019658092149
10.636077421950809 10.624964288092851 10.636077421950821
10.636120276741897 10.625006718679238 10.636120276741897
10.63615209062276 10.62503821835791 10.636152090622765
10.636175728191903 10.625061623187776 10.636175728191906
10.636193310837738 10.625079033421798 10.63619331083775
10.636206409553338 10.625092004400893 10.636206409553331
10.636216187732078 10.62510168792727 10.636216187732094
10.636223506918297 10.625108936961285 10.636223506918306
10.636229005122294 10.625114383156493 10.636229005122296
10.6362331548171 10.625118494278498 10.636233154817113
10.636236305888193 10.625121616726632 10.636236305888213
10.636238717439724 10.625124007023432 10.636238717439715
10.636240581348478 10.625125855133977 10.63624058134848
10.636242039706708 10.625127301734722 10.636242039706707
10.636243197739246 10.625128451002096 10.63624319773925
10.636244133369141 10.625129380082761 10.63624413336914
10.63624490430139 10.625130146106782 10.6362449043014
10.63624555326877 10.625130791381114 10.636245553268777
10.636246111916511 10.62513134723572 10.636246111916503
10.636246603679117 10.625131836871626 10.636246603679123
10.636247045910746 10.625132277470051 10.636247045910764
10.63624745146281 10.625132681754398 10.636247451462816
10.636247829852287 10.625133059146746 10.636247829852278
10.636248188126787 10.625133416624571 10.63624818812679
10.63624853150543 10.625133759354934 10.636248531505432
10.63624886385311 10.625134091164245 10.63624886385311
10.636249188031949 10.625134414886125 10.636249188031934
10.636249506161436 10.625134732618935 10.636249506161448
10.636249819811153 10.625135045916592 10.636249819811162
10.636250130143463 10.625135355929883 10.63625013014346
10.636250438019083 10.62513566351098 10.636250438019083
10.636250744075447 10.625135969290936 10.636250744075442
10.636251048784558 10.62513627373706 10.636251048784567
10.636251352496 10.625136577195493 10.63625135249601
10.636251655468651 10.625136879922444 10.636251655468643
10.636251957894155 10.625137182107718 10.636251957894162
10.636252259914514 10.625137483891901 10.636252259914516
10.636252561634844 10.625137785379012 10.636252561634842
10.636252863132977 10.625138086646187 10.636252863132981
10.636253164466591 10.62513838775044 10.6362531644666
10.63625346567837 10.625138688734088 10.636253465678374
10.636253766799905 10.625138989628383 10.63625376679991
10.636254067854635 10.625139290456536 10.63625406785464
10.6362543688599 10.625139591235735 10.636254368859891
10.636254669828507 10.625139891978623 10.636254669828505
10.636254970769983 10.625140192694682 10.636254970769995
10.636255271691404 10.625140493390818 10.636255271691399
10.636255572597905 10.625140794072273 10.63625557259792
10.63625587349343 10.625141094742785 10.636255873493436
10.636256174380792 10.625141395405254 10.63625617438079
10.636256475262119 10.625141696061752 10.636256475262112
10.636256776138959 10.625141996713802 10.63625677613897
10.636257077012527 10.625142297362586 10.636257077012532
10.63625737788362 10.62514259800895 10.636257377883616
10.636257678752932 10.625142898653552 10.636257678752935
10.636257979620895 10.625143199296808 10.63625797962089
10.636258280487862 10.625143499939078 10.63625828048786
10.636258581354102 10.625143800580624 10.63625858135411
10.636258882219815 10.625144101221638 10.636258882219819
10.636259183085137 10.625144401862292 10.636259183085121
10.636259483950154 10.625144702502624 10.63625948395014
10.636259784814934 10.625145003142746 10.636259784814941
10.636260085679588 10.625145303782725 10.636260085679593
10.636260386544112 10.625145604422586 10.636260386544125
10.636260687408585 10.625145905062379 10.636260687408582
10.636260988272975 10.625146205702103 10.636260988272973
10.636261289137323 10.625146506341782 10.636261289137328
10.636261590001663 10.62514680698143 10.636261590001657
10.636261890865958 10.625147107621073 10.636261890865953
10.636262191730246 10.625147408260705 10.636262191730253
10.636262492594522 10.625147708900313 10.636262492594538
10.636262793458826 10.625148009539933 10.63626279345883
10.63626309432311 10.625148310179553 10.636263094323118
10.636263395187415 10.625148610819188 10.636263395187417
10.636263696051701 10.625148911458805 10.636263696051698
10.636263996915988 10.625149212098435 10.636263996915986
10.636264297780302 10.625149512738064 10.636264297780292
10.6362645986446 10.625149813377709 10.636264598644608
10.636264899508923 10.625150114017345 10.636264899508923
10.636265200373243 10.625150414657007 10.636265200373234
10.636265501237567 10.62515071529665 10.636265501237567
10.636265802101905 10.625151015936336 10.636265802101894
10.636266102966246 10.625151316576018 10.636266102966268
10.636266403830616 10.625151617215694 10.636266403830613
10.636266704694991 10.625151917855405 10.636266704694984
10.636267005559354 10.625152218495098 10.636267005559347
10.636267306423731 10.62515251913483 10.636267306423733
10.636267607288111 10.625152819774542 10.636267607288119
10.636267908152517 10.625153120414263 10.63626790815252
10.636268209016908 10.625153421054007 10.636268209016926
10.636268509881326 10.625153721693744 10.636268509881337
10.636268810745763 10.625154022333515 10.636268810745761
10.636269111610185 10.625154322973263 10.636269111610185
10.636269412474636 10.625154623613033 10.636269412474633
10.636269713339068 10.625154924252824 10.63626971333908
10.63627001420352 10.625155224892605 10.636270014203525
10.636270315068002 10.625155525532403 10.636270315068007
10.636270615932466 10.625155826172206 10.636270615932467
10.63627091679696 10.625156126812014 10.636270916796947
10.63627121766145 10.625156427451849 10.636271217661438
10.636271518525945 10.625156728091673 10.636271518525941
10.63627181939044 10.625157028731506 10.636271819390444
10.636272120254961 10.625157329371348 10.636272120254956
10.636272421119463 10.625157630011199 10.636272421119479
10.636272721983994 10.625157930651048 10.636272721983994
10.63627302284853 10.62515823129094 10.636273022848528
10.636273323713091 10.625158531930815 10.636273323713093
10.636273624577624 10.625158832570687 10.636273624577642
10.636273925442184 10.62515913321058 10.636273925442206
10.636274226306787 10.625159433850497 10.636274226306774
10.636274527171365 10.625159734490422 10.636274527171382
10.636274828035942 10.62516003513033 10.63627482803596
10.63627512890056 10.625160335770266 10.636275128900557
10.63627542976518 10.625160636410214 10.636275429765167
10.636275730629778 10.625160937050161 10.636275730629789
10.636276031494402 10.62516123769011 10.636276031494416
10.63627633235904 10.625161538330078 10.636276332359051
10.63627663322366 10.625161838970044 10.636276633223668
10.636276934088336 10.625162139610019 10.636276934088325
10.636277234952972 10.625162440250016 10.63627723495299
10.636277535817648 10.625162740890014 10.636277535817646
10.636277836682316 10.625163041530026 10.636277836682318
10.636278137547006 10.625163342170037 10.636278137547
10.636278438411692 10.625163642810053 10.636278438411692
10.636278739276392 10.625163943450087 10.6362787392764
10.636279040141122 10.625164244090142 10.636279040141115
10.63627934100582 10.625164544730183 10.636279341005823
10.636279641870557 10.625164845370238 10.636279641870548
10.636279942735298 10.625165146010307 10.636279942735285
10.636280243600025 10.625165446650373 10.636280243600028
10.63628054446479 10.625165747290461 10.636280544464787
10.636280845329551 10.625166047930545 10.636280845329535
10.636281146194305 10.625166348570643 10.636281146194305
10.636281447059082 10.62516664921076 10.636281447059078
10.636281747923862 10.625166949850849 10.636281747923855
10.636282048788654 10.625167250490975 10.636282048788646
10.636282349653442 10.625167551131117 10.636282349653454
10.636282650518254 10.625167851771256 10.636282650518277
10.636282951383071 10.62516815241141 10.63628295138307
10.636283252247889 10.625168453051542 10.63628325224789
10.636283553112735 10.625168753691714 10.636283553112735
10.636283853977572 10.625169054331886 10.636283853977575
10.636284154842421 10.625169354972074 10.636284154842423
10.636284455707269 10.62516965561226 10.636284455707283
10.636284756572145 10.625169956252458 10.636284756572147
10.636285057437025 10.62517025689267 10.636285057437025
10.636285358301897 10.625170557532874 10.63628535830191
10.636285659166804 10.625170858173112 10.636285659166798
10.636285960031703 10.625171158813345 10.636285960031707
10.636286260896622 10.62517145945358 10.636286260896615
10.636286561761542 10.625171760093833 10.636286561761546
10.636286862626461 10.625172060734096 10.636286862626452
10.636287163491398 10.625172361374362 10.63628716349139
10.63628746435633 10.625172662014629 10.636287464356336
10.636287765221285 10.625172962654919 10.636287765221283
10.636288066086243 10.625173263295212 10.636288066086246
10.636288366951213 10.625173563935501 10.636288366951222
10.636288667816192 10.625173864575803 10.636288667816197
10.636288968681184 10.625174165216135 10.636288968681177
10.636289269546163 10.62517446585645 10.636289269546166
10.63628957041118 10.625174766496787 10.636289570411183
10.636289871276178 10.625175067137134 10.636289871276182
10.636290172141198 10.625175367777477 10.63629017214121
10.636290473006236 10.625175668417834 10.636290473006234
10.636290773871272 10.625175969058224 10.636290773871279
10.636291074736318 10.62517626969858 10.636291074736313
10.636291375601362 10.625176570338958 10.636291375601372
10.636291676466428 10.625176870979356 10.636291676466437
10.636291977331505 10.625177171619766 10.636291977331506
10.636292278196581 10.625177472260175 10.636292278196581
10.63629257906165 10.625177772900594 10.636292579061672
10.63629287992675 10.625178073541003 10.636292879926756
10.636293180791862 10.62517837418144 10.636293180791858
10.636293481656969 10.625178674821875 10.636293481656974
10.63629378252208 10.625178975462342 10.636293782522085
10.636294083387217 10.625179276102783 10.636294083387213
10.636294384252343 10.625179576743266 10.636294384252349
10.63629468511749 10.625179877383724 10.636294685117482
10.63629498598264 10.625180178024221 10.636294985982648
10.63629528684781 10.625180478664706 10.636295286847801
10.63629558771298 10.625180779305204 10.636295587712965
10.636295888578157 10.625181079945701 10.636295888578148
10.636296189443353 10.625181380586245 10.636296189443344
10.636296490308554 10.625181681226778 10.636296490308547
10.636296791173752 10.625181981867307 10.636296791173763
10.636297092038964 10.625182282507849 10.63629709203896
10.636297392904194 10.625182583148407 10.636297392904185
10.636297693769418 10.625182883788982 10.63629769376942
10.636297994634651 10.625183184429533 10.63629799463465
10.636298295499895 10.625183485070119 10.636298295499904
10.636298596365169 10.625183785710698 10.636298596365162
10.636298897230407 10.625184086351288 10.636298897230416
10.636299198095688 10.625184386991892 10.636299198095692
10.636299498960971 10.625184687632512 10.636299498960973
10.636299799826258 10.625184988273128 10.636299799826254
10.63630010069156 10.625185288913741 10.636300100691562
10.636300401556847 10.625185589554366 10.636300401556854
10.636300702422174 10.625185890195032 10.636300702422156
10.636301003287482 10.625186190835691 10.636301003287487
10.636301304152804 10.625186491476317 10.636301304152814
10.63630160501814 10.625186792117008 10.636301605018144
10.636301905883494 10.625187092757676 10.636301905883503
10.636302206748864 10.625187393398358 10.636302206748846
10.636302507614207 10.625187694039054 10.636302507614213
10.63630280847957 10.625187994679754 10.636302808479577
10.636303109344963 10.625188295320461 10.636303109344965
10.636303410210367 10.625188595961175 10.636303410210358
10.63630371107577 10.625188896601923 10.636303711075758
10.636304011941158 10.625189197242664 10.636304011941164
10.636304312806573 10.625189497883403 10.636304312806587
10.636304613672001 10.62518979852415 10.636304613671998
10.636304914537435 10.625190099164925 10.63630491453743
10.636305215402867 10.625190399805682 10.636305215402885
10.636305516268324 10.625190700446469 10.63630551626832
10.63630581713376 10.625191001087243 10.63630581713377
10.636306117999238 10.625191301728048 10.636306117999247
10.636306418864713 10.625191602368847 10.636306418864708
10.636306719730193 10.625191903009657 10.636306719730197
10.636307020595684 10.625192203650476 10.636307020595677
10.636307321461175 10.625192504291325 10.636307321461183
10.636307622326692 10.62519280493214 10.636307622326683
10.636307923192193 10.625193105572992 10.636307923192204
10.636308224057732 10.625193406213846 10.636308224057727
10.63630852492325 10.625193706854724 10.636308524923258
10.636308825788795 10.625194007495578 10.6363088257888
10.636309126654346 10.625194308136463 10.636309126654343
10.636309427519905 10.625194608777347 10.636309427519908
10.636309728385466 10.625194909418248 10.636309728385463
10.636310029251055 10.62519521005917 10.636310029251057
10.636310330116627 10.625195510700078 10.636310330116636
10.636310630982205 10.625195811340976 10.63631063098221
10.636310931847818 10.62519611198191 10.63631093184781
10.636311232713433 10.625196412622842 10.636311232713421
10.636311533579041 10.625196713263799 10.636311533579041
10.636311834444657 10.625197013904742 10.636311834444669
10.636312135310279 10.6251973145457 10.6363121353103
10.636312436175926 10.625197615186668 10.63631243617593
10.636312737041576 10.625197915827638 10.636312737041578
10.636313037907222 10.625198216468636 10.636313037907229
10.636313338772894 10.625198517109641 10.636313338772895
10.636313639638582 10.62519881775065 10.636313639638574
10.636313940504252 10.625199118391667 10.636313940504259
10.636314241369943 10.625199419032686 10.636314241369943
10.636314542235658 10.625199719673713 10.636314542235636
10.636314843101342 10.625200020314736 10.636314843101347
10.63631514396706 10.625200320955798 10.636315143967076
10.6363154448328 10.625200621596841 10.63631544483279
10.63631574569853 10.625200922237925 10.636315745698534
10.636316046564287 10.625201222878994 10.636316046564284
10.636316347430023 10.62520152352007 10.636316347430025
10.636316648295786 10.62520182416114 10.636316648295779
10.636316949161545 10.625202124802275 10.636316949161548
10.636317250027332 10.625202425443362 10.636317250027334
10.636317550893112 10.625202726084472 10.636317550893109
10.636317851758909 10.6252030267256 10.636317851758896
10.636318152624696 10.625203327366723 10.636318152624701
