0.871516437090939 0.8026735012597926 0.8715164370909393
1.2511438795573544 1.1769193978836479 1.2511438795573548
1.6608078980550653 1.5811093620846612 1.6608078980550658
2.125144214842142 2.0388812455504155 2.125144214842142
2.653313896781874 2.560127828229615 2.653313896781875
3.2461962761642638 3.1466834496984037 3.2461962761642633
3.8969766353149176 3.7927502344711574 3.8969766353149153
4.591357495367752 4.48496638180736 4.591357495367752
5.3087927367158905 5.203450119506873 5.30879273671589
6.025040962403653 5.924186521139645 6.025040962403651
6.715609402473674 6.622407585665966 6.715609402473668
7.35919170651822 7.276104484526176 7.3591917065182155
7.940177692144301 7.86871974877703 7.940177692144287
8.449715005760243 8.390423865005983 8.449715005760241
8.885364277562047 8.837943237905996 8.885364277562038
9.24980105258748 9.2133542784815 9.249801052587456
9.549138413971695 9.522420084051399 9.549138413971678
9.791330302713282 9.772956221826908 9.791330302713263
9.984909328260098 9.973509541624045 9.984909328260088
10.13812937448021 10.132442184946278 10.138129374480197
10.258470088846511 10.257388940154202 10.258470088846497
10.352413979630711 10.355001536789857 10.352413979630708
10.42540371164208 10.430885874113104 10.425403711642065
10.481904151986006 10.489653538598695 10.48190415198599
10.525515615293543 10.535030864457145 10.525515615293532
10.559104168600761 10.569988851939971 10.55910416860077
10.58492938289779 10.596872547694595 10.584929382897787
10.604759676169607 10.617518895420915 10.604759676169579
10.619971406916369 10.633358550363944 10.619971406916356
10.631631281571325 10.645500867946096 10.63163128157132
10.640563367848092 10.654803197820577 10.640563367848063
10.647402730038637 10.661926449129597 10.647402730038625
10.652637864968508 10.66737911392227 10.652637864968504
10.65664399368388 10.671551839338285 10.656643993683863
10.659709015357347 10.674744400195278 10.65970901535733
10.662053645600485 10.677186639613655 10.66205364560047
10.663846987005435 10.679054666821186 10.663846987005423
10.66521853578425 10.680483351525972 10.665218535784234
10.666267421477578 10.681575941319583 10.666267421477567
10.667069506431076 10.682411452738213 10.667069506431066
10.667682834406296 10.683050344459526 10.667682834406296
10.668151808480872 10.683538867880877 10.668151808480848
10.668510392413534 10.683912401075263 10.668510392413529
10.668784562456867 10.6841980023111 10.66878456245686
10.668994184371725 10.684416365023267 10.668994184371718
10.669154449964296 10.684583314067382 10.669154449964283
10.66927697625874 10.684710950617447 10.669276976258722
10.669370646385932 10.684808528053546 10.669370646385918
10.66944225279326 10.684883121954114 10.669442252793228
10.669496989196015 10.684940142537844 10.669496989196
10.66953882681111 10.684983726571705 10.669538826811074
10.669570802074842 10.685017037077767 10.66957080207482
10.669595236659996 10.685042492519347 10.669595236659989
10.669613905716322 10.68506194205361 10.669613905716309
10.669628166515476 10.685076799538914 10.669628166515464
10.669639056817449 10.685088146001409 10.669639056817417
10.669647370083482 10.685096807983662 10.669647370083455
10.669653712985166 10.685103417450916 10.669653712985157
10.669658549375905 10.685108457595954 10.669658549375892
10.669662233911675 10.685112297861401 10.669662233911664
10.669665037757358 10.685115220717853 10.66966503775735
10.669667168241544 10.685117442138042 10.669667168241515
10.669668783884472 10.685119127251541 10.66966878388445
10.66967000588821 10.685120402313661 10.66967000588819
10.669670926921945 10.685121363857306 10.669670926921924
10.669671617839008 10.685122085689894 10.669671617838992
10.669672132812684 10.685122624243437 10.669672132812666
10.669672513263004 10.68512302266487 10.669672513262974
10.669672790859028 10.685123313943633 10.669672790859005
10.669672989814368 10.685123523302925 10.669672989814366
10.669673128642389 10.68512367002797 10.669673128642364
10.669673221498039 10.685123768863898 10.669673221498027
10.669673279204009 10.685123831084617 10.669673279203993
10.669673310035108 10.685123865309972 10.669673310035106
10.669673320318179 10.685123878130579 10.669673320318163
10.66967331489052 10.68512387458542 10.669673314890504
10.669673297450728 10.685123858527287 10.669673297450712
10.669673270826646 10.685123832901985 10.669673270826655
10.669673237180456 10.68512379996174 10.669673237180437
10.669673198165233 10.685123761428645 10.669673198165214
10.669673155044956 10.685123718619328 10.669673155044942
10.669673108786027 10.68512367254049 10.669673108786013
10.669673060127328 10.685123623961841 10.669673060127312
10.66967300963381 10.685123573471861 10.669673009633792
10.669672957737424 10.68512352152053 10.669672957737427
10.669672904768426 10.68512346845187 10.66967290476842
10.66967285097932 10.685123414528924 10.669672850979309
10.669672796563193 10.68512335995277 10.669672796563175
10.669672741667629 10.68512330487723 10.669672741667622
10.669672686405532 10.685123249419858 10.669672686405507
10.66967263086316 10.685123193670508 10.669672630863127
10.669672575106514 10.685123137697964 10.669672575106496
10.669672519185996 10.685123081554744 10.669672519185982
10.669672463140246 10.685123025281042 10.669672463140227
10.66967240699871 10.685122968907555 10.669672406998693
10.66967235078393 10.6851229124578 10.66967235078392
10.669672294513157 10.685122855949695 10.669672294513147
10.669672238199585 10.685122799397009 10.669672238199574
10.669672181853295 10.685122742810211 10.669672181853276
10.669672125481952 10.685122686197374 10.669672125481945
10.66967206909151 10.685122629564598 10.669672069091488
10.669672012686403 10.685122572916569 10.669672012686396
10.669671956270141 10.6851225162569 10.669671956270113
10.669671899845284 10.68512245958831 10.669671899845282
10.669671843413937 10.68512240291292 10.669671843413925
10.669671786977558 10.685122346232326 10.669671786977547
10.669671730537374 10.685122289547744 10.669671730537361
10.669671674094266 10.685122232860115 10.669671674094252
10.669671617648923 10.68512217617017 10.669671617648898
10.669671561201872 10.685122119478441 10.669671561201852
10.669671504753506 10.685122062785336 10.669671504753502
10.669671448304145 10.685122006091209 10.66967144830415
10.669671391854035 10.685121949396283 10.669671391854022
10.669671335403327 10.685121892700732 10.669671335403313
10.669671278952169 10.68512183600474 10.669671278952155
10.669671222500686 10.685121779308375 10.669671222500668
10.669671166048923 10.685121722611745 10.669671166048907
10.669671109596973 10.685121665914917 10.669671109596958
10.669671053144858 10.685121609217921 10.669671053144857
10.66967099669264 10.685121552520792 10.66967099669263
10.669670940240351 10.685121495823594 10.669670940240325
10.669670883787978 10.685121439126311 10.669670883787953
10.669670827335539 10.685121382428994 10.669670827335514
10.669670770883064 10.685121325731625 10.66967077088304
10.669670714430572 10.685121269034214 10.66967071443055
10.669670657978049 10.685121212336789 10.669670657978036
10.669670601525516 10.685121155639333 10.66967060152549
10.669670545072973 10.685121098941886 10.669670545072952
10.669670488620405 10.685121042244415 10.669670488620397
10.669670432167834 10.685120985546927 10.669670432167822
10.669670375715242 10.68512092884943 10.669670375715224
10.669670319262668 10.685120872151945 10.66967031926265
10.669670262810081 10.685120815454454 10.66967026281007
10.669670206357496 10.685120758756973 10.669670206357486
10.66967014990491 10.685120702059452 10.669670149904892
10.66967009345233 10.685120645361975 10.669670093452316
10.669670036999735 10.685120588664452 10.669670036999714
10.669669980547143 10.685120531966957 10.66966998054715
10.669669924094535 10.685120475269464 10.669669924094526
10.669669867641938 10.685120418571941 10.66966986764194
10.669669811189348 10.685120361874434 10.669669811189342
10.669669754736764 10.685120305176941 10.669669754736766
10.669669698284189 10.685120248479441 10.669669698284169
10.669669641831602 10.685120191781953 10.66966964183158
10.669669585379005 10.685120135084441 10.669669585378985
10.669669528926406 10.685120078386925 10.669669528926391
10.66966947247381 10.685120021689427 10.669669472473792
10.66966941602122 10.685119964991932 10.669669416021216
10.669669359568632 10.685119908294432 10.669669359568617
10.669669303116038 10.685119851596927 10.669669303116024
10.669669246663457 10.685119794899459 10.66966924666345
10.669669190210872 10.685119738201962 10.669669190210856
10.669669133758275 10.685119681504435 10.66966913375826
10.669669077305693 10.685119624806942 10.669669077305672
10.669669020853108 10.685119568109448 10.669669020853092
10.669668964400513 10.685119511411937 10.669668964400492
10.669668907947926 10.685119454714423 10.669668907947903
10.669668851495322 10.68511939801693 10.66966885149532
10.669668795042732 10.685119341319423 10.66966879504272
10.669668738590127 10.685119284621928 10.669668738590124
10.669668682137539 10.685119227924421 10.669668682137534
10.669668625684947 10.685119171226917 10.669668625684944
10.669668569232368 10.685119114529424 10.669668569232355
10.669668512779792 10.685119057831926 10.669668512779767
10.669668456327207 10.685119001134417 10.669668456327177
10.669668399874634 10.685118944436917 10.669668399874595
10.66966834342202 10.685118887739433 10.669668343422002
10.66966828696944 10.685118831041937 10.669668286969422
10.669668230516864 10.685118774344446 10.669668230516852
10.669668174064265 10.685118717646954 10.66966817406425
10.669668117611689 10.68511866094947 10.669668117611687
10.669668061159095 10.685118604251949 10.669668061159086
10.669668004706516 10.685118547554467 10.669668004706512
10.669667948253943 10.685118490856974 10.669667948253931
10.66966789180136 10.685118434159488 10.669667891801346
10.669667835348775 10.685118377462008 10.669667835348756
10.669667778896189 10.68511832076449 10.669667778896178
10.66966772244361 10.685118264066995 10.669667722443597
10.669667665991023 10.685118207369493 10.669667665991005
10.669667609538422 10.685118150672004 10.669667609538404
10.669667553085848 10.6851180939745 10.669667553085821
10.669667496633274 10.685118037277018 10.669667496633252
10.669667440180708 10.685117980579532 10.669667440180676
10.66966738372812 10.685117923882059 10.669667383728111
10.669667327275544 10.68511786718457 10.66966732727553
10.669667270822956 10.685117810487064 10.669667270822952
10.669667214370376 10.685117753789587 10.66966721437037
10.669667157917791 10.685117697092082 10.669667157917775
10.669667101465215 10.685117640394587 10.669667101465201
10.66966704501264 10.68511758369709 10.66966704501263
10.669666988560062 10.68511752699961 10.669666988560039
10.669666932107488 10.68511747030212 10.66966693210747
10.669666875654897 10.685117413604646 10.669666875654888
10.669666819202325 10.685117356907158 10.6696668192023
10.669666762749744 10.685117300209678 10.66966676274974
10.66966670629717 10.68511724351218 10.669666706297152
10.669666649844578 10.685117186814692 10.669666649844574
10.669666593392032 10.685117130117213 10.669666593391996
10.669666536939438 10.685117073419729 10.66966653693943
10.669666480486848 10.685117016722234 10.669666480486839
10.669666424034283 10.685116960024759 10.669666424034283
10.669666367581698 10.68511690332725 10.669666367581696
10.66966631112913 10.685116846629784 10.669666311129118
10.669666254676551 10.685116789932284 10.669666254676532
10.669666198223988 10.685116733234786 10.669666198223972
10.669666141771415 10.685116676537323 10.669666141771398
10.669666085318825 10.685116619839844 10.669666085318816
10.66966602886625 10.68511656314233 10.669666028866233
10.66966597241371 10.685116506444842 10.669665972413672
10.669665915961104 10.68511644974738 10.669665915961092
10.66966585950855 10.685116393049894 10.669665859508527
10.66966580305596 10.68511633635241 10.669665803055958
10.669665746603402 10.685116279654913 10.669665746603384
10.669665690150829 10.685116222957449 10.66966569015081
10.669665633698257 10.685116166259967 10.669665633698237
10.669665577245686 10.685116109562486 10.669665577245683
10.669665520793103 10.685116052864991 10.66966552079309
10.669665464340518 10.685115996167509 10.669665464340522
10.669665407887958 10.685115939470034 10.669665407887948
10.669665351435391 10.68511588277255 10.669665351435386
10.669665294982822 10.685115826075053 10.66966529498282
10.669665238530264 10.685115769377585 10.669665238530245
10.669665182077688 10.685115712680119 10.669665182077674
10.669665125625132 10.685115655982628 10.669665125625105
10.669665069172561 10.68511559928514 10.669665069172545
10.669665012719976 10.685115542587674 10.669665012719973
10.669664956267406 10.685115485890195 10.669664956267397
10.669664899814858 10.685115429192726 10.669664899814837
10.669664843362272 10.68511537249523 10.669664843362261
10.669664786909706 10.685115315797782 10.6696647869097
10.669664730457152 10.685115259100307 10.669664730457141
10.669664674004588 10.685115202402825 10.669664674004574
10.66966461755201 10.685115145705332 10.669664617551994
10.669664561099447 10.685115089007862 10.669664561099438
10.669664504646873 10.68511503231037 10.669664504646866
10.669664448194311 10.685114975612912 10.669664448194299
10.669664391741737 10.685114918915428 10.669664391741728
10.669664335289182 10.685114862217949 10.66966433528918
10.669664278836624 10.685114805520474 10.669664278836608
10.66966422238405 10.685114748822992 10.669664222384027
10.669664165931492 10.685114692125511 10.669664165931469
10.669664109478939 10.68511463542804 10.669664109478903
10.669664053026354 10.685114578730584 10.66966405302635
10.669663996573785 10.685114522033103 10.66966399657377
10.669663940121225 10.685114465335612 10.669663940121206
10.669663883668678 10.685114408638153 10.669663883668658
10.669663827216107 10.685114351940694 10.66966382721609
10.669663770763549 10.685114295243194 10.669663770763528
10.669663714310994 10.685114238545745 10.669663714310987
10.669663657858443 10.685114181848284 10.669663657858429
10.66966360140589 10.685114125150816 10.669663601405864
10.669663544953305 10.68511406845333 10.669663544953302
10.669663488500754 10.68511401175587 10.669663488500744
10.66966343204819 10.685113955058396 10.669663432048173
10.669663375595633 10.685113898360926 10.669663375595619
10.669663319143073 10.68511384166345 10.669663319143066
10.669663262690515 10.685113784965985 10.669663262690506
10.66966320623796 10.685113728268522 10.66966320623795
10.669663149785393 10.685113671571044 10.669663149785373
10.669663093332831 10.685113614873563 10.669663093332813
10.669663036880273 10.6851135581761 10.669663036880255
10.669662980427717 10.685113501478627 10.669662980427697
10.669662923975151 10.685113444781166 10.669662923975146
10.669662867522595 10.685113388083678 10.66966286752258
10.669662811070026 10.68511333138621 10.669662811070017
10.669662754617471 10.685113274688746 10.669662754617457
10.669662698164924 10.685113217991287 10.669662698164919
10.669662641712362 10.685113161293826 10.669662641712344
10.669662585259802 10.685113104596342 10.669662585259793
10.66966252880726 10.685113047898895 10.669662528807256
10.669662472354707 10.685112991201429 10.6696624723547
10.66966241590215 10.68511293450396 10.669662415902128
10.669662359449573 10.685112877806493 10.669662359449562
10.669662302997043 10.685112821109033 10.669662302997027
10.669662246544474 10.685112764411556 10.669662246544455
10.669662190091914 10.685112707714087 10.669662190091907
10.66966213363936 10.68511265101663 10.669662133639346
10.669662077186807 10.685112594319177 10.669662077186794
10.669662020734268 10.68511253762171 10.669662020734256
10.669661964281717 10.685112480924237 10.669661964281698
10.669661907829168 10.685112424226787 10.669661907829136
10.669661851376587 10.685112367529305 10.669661851376576
10.669661794924055 10.68511231083185 10.669661794924037
10.669661738471502 10.6851122541344 10.669661738471484
10.669661682018951 10.685112197436933 10.669661682018933
10.669661625566384 10.685112140739463 10.669661625566386
10.669661569113853 10.685112084042004 10.669661569113835
10.669661512661305 10.685112027344546 10.669661512661282
10.669661456208752 10.68511197064708 10.669661456208729
10.669661399756189 10.685111913949607 10.669661399756176
10.669661343303645 10.68511185725215 10.669661343303625
10.669661286851095 10.6851118005547 10.669661286851087
10.669661230398564 10.68511174385726 10.669661230398544
10.669661173946 10.685111687159772 10.669661173945988
10.669661117493469 10.685111630462332 10.669661117493451
10.669661061040921 10.685111573764885 10.669661061040895
10.669661004588379 10.685111517067421 10.669661004588361
10.669660948135814 10.685111460369974 10.669660948135803
10.669660891683272 10.685111403672527 10.669660891683268
10.669660835230731 10.685111346975047 10.66966083523072
