0.7331954192291279 0.6820919512112643 0.6820919512112654 0.7331954192291303
0.9786011071785111 0.9234423556714825 0.9234423556714847 0.9786011071785149
1.2145746227666694 1.159383201283186 1.1593832012831877 1.214574622766675
1.4616701462830213 1.4070990289057015 1.4070990289057037 1.4616701462830288
1.7283497470115485 1.6741055366018587 1.6741055366018611 1.7283497470115565
2.0193022852800215 1.9648731335393308 1.9648731335393326 2.0193022852800335
2.3372926736788524 2.2822052037623637 2.2822052037623664 2.3372926736788675
2.6836525105881353 2.6275703656499414 2.6275703656499445 2.683652510588151
3.058366034333947 3.001129324093075 3.001129324093077 3.0583660343339676
3.4600378935597016 3.4016767670855654 3.401676767085567 3.4600378935597274
3.8858643374645627 3.8265968806061723 3.8265968806061754 3.8858643374645956
4.331673876262023 4.271890548427619 4.27189054842762 4.33167387626206
4.79207398271611 4.732308934592844 4.732308934592846 4.792073982716153
5.260715130884002 5.2016056156201875 5.20160561562019 5.26071513088405
5.730658152318935 5.672895188257097 5.6728951882571 5.730658152318998
6.194808117440742 6.13908345230801 6.1390834523080136 6.194808117440811
6.646362619142648 6.593318068346524 6.593318068346527 6.646362619142723
7.079218444484748 7.029403406667197 7.0294034066672 7.079218444484829
7.488289046128754 7.4421304879377095 7.442130487937711 7.488289046128847
7.8697031158618405 7.827490025826598 7.827490025826605 7.869703115861949
8.220876471810358 8.18275836883685 8.182758368836861 8.220876471810486
8.540469522802432 8.506466663566806 8.506466663566812 8.540469522802566
8.828256496783332 8.798278302916495 8.798278302916495 8.828256496783467
9.084938765087465 9.058806729721427 9.05880672972143 9.08493876508761
9.31193374234441 9.289405491348312 9.289405491348317 9.311933742344563
9.511165238479602 9.491957226491415 9.491957226491417 9.511165238479766
9.684873377532213 9.668680615884659 9.668680615884664 9.684873377532387
9.835454410696059 9.821966454683542 9.821966454683547 9.835454410696228
9.965334263057738 9.95424732555406 9.954247325554068 9.965334263057901
10.076875006429658 10.067900488040772 10.067900488040776 10.076875006429821
10.172310621243742 10.165180577982731 10.165180577982731 10.17231062124392
10.253707068025436 10.248177222254254 10.248177222254256 10.253707068025616
10.322941401855191 10.318792290343103 10.318792290343115 10.322941401855356
10.381695026852663 10.37873181327952 10.378731813279526 10.381695026852835
10.431456883365398 10.429508272370082 10.429508272370093 10.431456883365582
10.473533167603984 10.47244976365883 10.47244976365885 10.473533167604176
10.509060967102267 10.508713335499605 10.508713335499609 10.509060967102444
10.539023885236373 10.539300499565922 10.539300499565917 10.539023885236553
10.564268296988836 10.565073499020427 10.565073499020432 10.56426829698903
10.585519325026711 10.58677137804936 10.586771378049358 10.585519325026889
10.603395962375341 10.605025245904384 10.605025245904393 10.603395962375533
10.61842501344834 10.620372383602668 10.620372383602673 10.618425013448537
10.63105369768707 10.633269021346303 10.633269021346306 10.631053697687271
10.641660876687215 10.644101736918193 10.644101736918195 10.641660876687398
10.650566940896733 10.653197504580524 10.653197504580522 10.650566940896944
10.658042437363115 10.660832472266694 10.66083247226671 10.658042437363308
10.664315544536072 10.667239571360158 10.667239571360161 10.664315544536267
10.669578510516285 10.672615075041481 10.672615075041472 10.669578510516468
10.67399317227303 10.677124223146748 10.677124223146757 10.673993172273223
10.677695668738956 10.680906027352995 10.680906027352991 10.677695668739153
10.68080045275675 10.684077362833134 10.684077362833147 10.680800452756937
10.683403697260914 10.68673644303444 10.686736443034455 10.683403697261115
10.685586180914576 10.688965764076556 10.688965764076558 10.685586180914775
10.687415728379873 10.690834595168976 10.690834595168976 10.687415728380063
10.688949270896092 10.692401081852621 10.692401081852633 10.68894927089629
10.690234584095744 10.6937140200209 10.693714020020906 10.690234584095924
10.6913117521093 10.694814350684435 10.694814350684437 10.691311752109495
10.692214400013079 10.695736418338189 10.695736418338198 10.692214400013272
10.692970730532627 10.696509029545345 10.696509029545346 10.692970730532828
10.69360439557153 10.697156342914743 10.697156342914747 10.69360439557174
10.694135228517249 10.697698616946637 10.69769861694665 10.694135228517434
10.694579859308078 10.698152838178855 10.698152838178864 10.694579859308272
10.694952230851277 10.698533248604932 10.698533248604924 10.69495223085146
10.695264032487799 10.698851788385438 10.698851788385445 10.695264032487996
10.695525063740345 10.699118467364743 10.699118467364745 10.695525063740549
10.695743539495181 10.699341676777188 10.699341676777204 10.695743539495382
10.695926346003894 10.699528450726547 10.69952845072655 10.695926346004084
10.69607925559976 10.699684685499802 10.69968468549981 10.696079255599953
10.696207106765138 10.699815323492427 10.699815323492425 10.696207106765323
10.69631395512627 10.699924507439812 10.69992450743981 10.696313955126469
10.696403200058732 10.700015709737558 10.700015709737572 10.69640320005892
10.696477690835367 10.700091840866596 10.700091840866595 10.696477690835557
10.696539815617411 10.700155340293666 10.700155340293678 10.696539815617616
10.696591576057953 10.700208252676108 10.700208252676115 10.69659157605815
10.696634649841304 10.700252291743753 10.700252291743771 10.696634649841494
10.696670443107484 10.700288893849038 10.700288893849043 10.696670443107694
10.696700134396437 10.700319262854755 10.700319262854759 10.696700134396622
10.696724711482604 10.700344407759946 10.700344407759953 10.6967247114828
10.696745002250035 10.700365174237925 10.700365174237918 10.696745002250228
10.696761700571193 10.700382271071108 10.700382271071112 10.696761700571383
10.696775387998011 10.700396292308087 10.70039629230809 10.696775387998203
10.696786551942617 10.700407735834748 10.700407735834748 10.696786551942804
10.69679560091545 10.700417018939975 10.700417018939994 10.696795600915648
10.696802877297255 10.700424491361971 10.70042449136198 10.696802877297452
10.696808668043678 10.700430446222809 10.700430446222814 10.696808668043886
10.696813213657329 10.700435129193318 10.700435129193327 10.696813213657522
10.696816715707428 10.700438746174349 10.700438746174356 10.696816715707612
10.69681934313238 10.70044146973472 10.700441469734724 10.696819343132567
10.696821237522053 10.700443444507025 10.700443444507036 10.696821237522265
10.696822517545069 10.700444791709998 10.700444791710007 10.696822517545273
10.696823282659304 10.700445612938825 10.700445612938838 10.696823282659487
10.696823616221716 10.700445993341864 10.700445993341878 10.696823616221915
10.69682358809506 10.700446004283135 10.700446004283144 10.696823588095276
10.6968232568322 10.700445705573813 10.700445705573818 10.696823256832397
10.69682267150705 10.70044514734241 10.700445147342416 10.696822671507244
10.69682187324912 10.700444371602309 10.700444371602318 10.696821873249316
10.696820896529566 10.700443413565482 10.700443413565488 10.6968208965298
10.696819770239234 10.700442302743534 10.700442302743529 10.69681977023943
10.696818518591739 10.7004410638705 10.7004410638705 10.696818518591925
10.696817161880887 10.700439717676323 10.700439717676321 10.696817161881087
10.696815717115209 10.700438281534998 10.700438281535002 10.696815717115399
10.696814198549744 10.700436770007924 10.700436770007924 10.69681419854994
10.696812618131826 10.700435195299152 10.700435195299175 10.69681261813201
10.696810985874617 10.700433567637107 10.70043356763711 10.696810985874803
10.696809310170318 10.700431895594287 10.700431895594296 10.696809310170533
10.696807598052569 10.700430186355444 10.700430186355453 10.696807598052766
10.696805855416287 10.700428445942244 10.700428445942249 10.69680585541648
10.696804087202098 10.70042667940146 10.70042667940147 10.696804087202292
10.69680229755081 10.700424890962875 10.700424890962873 10.696802297551013
10.696800489932885 10.700423084171545 10.700423084171545 10.69680048993307
10.696798667256948 10.700421261998589 10.700421261998589 10.696798667257129
10.696796831960741 10.700419426934175 10.70041942693419 10.696796831960928
10.696794986087422 10.700417581065311 10.700417581065322 10.696794986087617
10.69679313134932 10.700415726141182 10.700415726141177 10.696793131349512
10.696791269181592 10.700413863627737 10.700413863627748 10.696791269181793
10.696789400787068 10.70041199475369 10.700411994753697 10.696789400787269
10.696787527173857 10.700410120548774 10.700410120548774 10.69678752717405
10.696785649186813 10.700408241876044 10.700408241876053 10.69678564918701
10.696783767534091 10.700406359458853 10.700406359458865 10.69678376753429
10.69678188280917 10.70040447390344 10.700404473903438 10.696781882809368
10.696779995509452 10.700402585717876 10.700402585717878 10.696779995509655
10.696778106051832 10.700400695328028 10.700400695328026 10.696778106052024
10.696776214785668 10.700398803090765 10.700398803090767 10.696776214785874
10.69677432200384 10.700396909305248 10.700396909305256 10.696774322004025
10.69677242795172 10.700395014222156 10.700395014222178 10.696772427951911
10.696770532835036 10.70039311805162 10.700393118051618 10.696770532835227
10.696768636826185 10.700391220969728 10.700391220969722 10.69676863682638
10.696766740069629 10.700389323124057 10.700389323124064 10.696766740069824
10.696764842686493 10.700387424638324 10.700387424638329 10.696764842686683
10.69676294477825 10.700385525616213 10.70038552561621 10.696762944778458
10.696761046429984 10.700383626144573 10.700383626144582 10.696761046430176
10.696759147712964 10.700381726296277 10.700381726296278 10.696759147713143
10.69675724868692 10.700379826132327 10.700379826132323 10.696757248687128
10.696755349401975 10.700377925703872 10.700377925703886 10.696755349402174
10.696753449900086 10.700376025053812 10.700376025053817 10.696753449900282
10.696751550216398 10.700374124218062 10.70037412421807 10.6967515502166
10.696749650380431 10.700372223226728 10.700372223226736 10.69674965038063
10.696747750416883 10.700370322105073 10.700370322105078 10.69674775041708
10.696745850346451 10.700368420874229 10.70036842087423 10.696745850346641
10.69674395018649 10.70036651955194 10.700366519551942 10.696743950186686
10.696742049951563 10.700364618153035 10.700364618153037 10.696742049951753
10.69674014965384 10.700362716690003 10.700362716690018 10.696740149654042
10.696738249303571 10.700360815173271 10.700360815173282 10.696738249303763
10.696736348909274 10.700358913611575 10.700358913611591 10.69673634890948
10.696734448478171 10.700357012012272 10.70035701201228 10.696734448478367
10.69673254801626 10.700355110381487 10.700355110381494 10.696732548016456
10.69673064752859 10.70035320872437 10.700353208724371 10.696730647528776
10.696728747019371 10.700351307045251 10.700351307045258 10.696728747019563
10.696726846492144 10.700349405347733 10.700349405347737 10.696726846492343
10.69672494594988 10.700347503634852 10.700347503634845 10.696724945950074
10.696723045395096 10.700345601909138 10.700345601909135 10.696723045395277
10.696721144829814 10.700343700172729 10.700343700172741 10.696721144830015
10.696719244255837 10.700341798427422 10.700341798427438 10.696719244256041
10.696717343674628 10.70033989667472 10.700339896674723 10.69671734367482
10.696715443087392 10.700337994915829 10.700337994915841 10.696715443087577
10.696713542495155 10.700336093151865 10.70033609315187 10.696713542495349
10.696711641898775 10.700334191383662 10.70033419138366 10.696711641898982
10.696709741299003 10.70033228961197 10.700332289611966 10.696709741299207
10.69670784069644 10.700330387837397 10.700330387837404 10.696707840696636
10.696705940091569 10.700328486060485 10.700328486060506 10.696705940091764
10.696704039484837 10.700326584281662 10.70032658428167 10.69670403948503
10.696702138876608 10.700324682501284 10.700324682501288 10.69670213887679
10.69670023826714 10.700322780719654 10.700322780719654 10.69670023826732
10.696698337656702 10.700320878937047 10.70032087893705 10.696698337656906
10.696696437045537 10.700318977153652 10.700318977153662 10.696696437045725
10.696694536433776 10.700317075369664 10.700317075369668 10.696694536433972
10.696692635821597 10.700315173585217 10.700315173585233 10.696692635821789
10.696690735209113 10.700313271800479 10.700313271800477 10.696690735209302
10.696688834596408 10.700311370015497 10.700311370015513 10.696688834596605
10.696686933983594 10.700309468230417 10.700309468230426 10.6966869339838
10.696685033370752 10.70030756644526 10.700307566445266 10.696685033370942
10.696683132757906 10.700305664660124 10.700305664660124 10.696683132758096
10.696681232145144 10.700303762875045 10.700303762875048 10.696681232145334
10.696679331532486 10.700301861090074 10.700301861090088 10.696679331532676
10.696677430919989 10.700299959305259 10.700299959305266 10.696677430920175
10.696675530307642 10.700298057520616 10.700298057520623 10.696675530307848
10.696673629695512 10.700296155736154 10.700296155736167 10.696673629695717
10.696671729083638 10.700294253951945 10.700294253951961 10.696671729083823
10.696669828471988 10.70029235216797 10.70029235216797 10.696669828472155
10.696667927860554 10.700290450384223 10.700290450384225 10.696667927860755
10.696666027249426 10.70028854860077 10.700288548600778 10.696666027249623
10.696664126638572 10.700286646817585 10.700286646817583 10.69666412663876
10.69666222602801 10.700284745034692 10.700284745034692 10.696662226028202
10.696660325417739 10.700282843252085 10.700282843252097 10.696660325417936
10.696658424807788 10.700280941469783 10.700280941469792 10.696658424807966
10.696656524198124 10.700279039687802 10.700279039687807 10.696656524198309
10.696654623588755 10.70027713790611 10.700277137906118 10.696654623588943
10.696652722979701 10.700275236124748 10.700275236124751 10.696652722979913
10.696650822371009 10.700273334343706 10.700273334343708 10.696650822371211
10.696648921762604 10.70027143256297 10.700271432562984 10.696648921762804
10.696647021154542 10.700269530782567 10.700269530782576 10.696647021154735
10.696645120546789 10.700267629002477 10.700267629002486 10.696645120546977
10.69664321993936 10.700265727222721 10.70026572722272 10.696643219939553
10.69664131933227 10.7002638254433 10.700263825443306 10.696641319332457
10.696639418725502 10.700261923664197 10.70026192366419 10.696639418725688
10.696637518119047 10.700260021885411 10.700260021885425 10.69663751811925
10.696635617512948 10.700258120106975 10.700258120106987 10.696635617513135
10.69663371690715 10.700256218328867 10.700256218328883 10.696633716907368
10.696631816301739 10.700254316551101 10.700254316551103 10.696631816301919
10.696629915696619 10.700252414773649 10.700252414773656 10.696629915696802
10.69662801509183 10.700250512996535 10.700250512996531 10.696628015092024
10.696626114487367 10.700248611219743 10.700248611219756 10.69662611448757
10.69662421388324 10.7002467094433 10.700246709443304 10.696624213883455
10.696622313279468 10.700244807667177 10.700244807667179 10.696622313279661
10.696620412676012 10.700242905891376 10.70024290589139 10.696620412676198
10.696618512072874 10.700241004115929 10.700241004115934 10.69661851207308
10.696616611470082 10.700239102340813 10.700239102340808 10.69661661147029
10.696614710867642 10.700237200566008 10.700237200566034 10.696614710867822
10.696612810265528 10.700235298791561 10.700235298791577 10.696612810265707
10.696610909663729 10.70023339701745 10.70023339701745 10.696610909663917
10.696609009062254 10.70023149524366 10.70023149524366 10.696609009062456
10.696607108461135 10.700229593470207 10.700229593470207 10.696607108461333
10.696605207860355 10.700227691697055 10.700227691697075 10.696605207860534
10.696603307259876 10.700225789924282 10.700225789924286 10.696603307260071
10.696601406659763 10.700223888151813 10.700223888151825 10.69660140665995
10.696599506059973 10.700221986379702 10.700221986379704 10.696599506060158
10.696597605460502 10.700220084607917 10.700220084607924 10.696597605460708
10.696595704861382 10.70021818283646 10.700218182836469 10.696595704861581
10.696593804262594 10.700216281065332 10.700216281065341 10.696593804262788
10.696591903664139 10.700214379294557 10.700214379294563 10.696591903664338
10.69659000306602 10.7002124775241 10.700212477524115 10.696590003066218
10.696588102468223 10.700210575753985 10.700210575753996 10.696588102468436
10.696586201870769 10.700208673984204 10.700208673984218 10.696586201870973
10.696584301273642 10.700206772214747 10.70020677221475 10.696584301273852
10.696582400676864 10.700204870445631 10.700204870445631 10.696582400677068
10.696580500080405 10.70020296867684 10.700202968676841 10.696580500080609
10.696578599484292 10.700201066908397 10.700201066908404 10.696578599484491
10.696576698888501 10.700199165140283 10.700199165140292 10.696576698888702
10.69657479829306 10.700197263372504 10.700197263372509 10.696574798293254
10.696572897697935 10.700195361605049 10.700195361605065 10.69657289769813
10.696570997103152 10.700193459837932 10.700193459837937 10.696570997103342
10.696569096508687 10.700191558071143 10.700191558071152 10.696569096508885
10.696567195914579 10.700189656304703 10.700189656304712 10.696567195914767
10.696565295320786 10.70018775453857 10.700187754538588 10.696565295320976
10.696563394727315 10.700185852772812 10.700185852772808 10.696563394727525
10.696561494134206 10.700183951007347 10.700183951007357 10.6965614941344
10.696559593541417 10.700182049242242 10.700182049242242 10.696559593541611
10.696557692948964 10.700180147477454 10.70018014747746 10.696557692949158
10.696555792356845 10.700178245713015 10.700178245713014 10.696555792357039
10.69655389176505 10.700176343948893 10.700176343948902 10.696553891765259
10.696551991173623 10.700174442185132 10.700174442185121 10.696551991173806
10.696550090582493 10.700172540421672 10.700172540421681 10.69655009058268
10.696548189991708 10.700170638658548 10.700170638658559 10.696548189991903
10.696546289401256 10.70016873689577 10.70016873689578 10.696546289401452
10.69654438881114 10.700166835133333 10.700166835133334 10.696544388811342
10.696542488221354 10.700164933371225 10.700164933371228 10.696542488221548
10.696540587631908 10.700163031609438 10.700163031609446 10.6965405876321
10.6965386870428 10.700161129848011 10.700161129848007 10.696538687042985
10.696536786454013 10.700159228086898 10.700159228086894 10.696536786454216
10.696534885865562 10.700157326326115 10.70015732632612 10.696534885865754
10.696532985277448 10.70015542456568 10.700155424565677 10.696532985277635
10.696531084689669 10.700153522805568 10.700153522805564 10.696531084689855
10.696529184102213 10.700151621045789 10.700151621045794 10.696529184102408
10.696527283515074 10.70014971928634 10.70014971928635 10.696527283515291
10.69652538292832 10.700147817527236 10.700147817527235 10.696525382928506
10.696523482341851 10.700145915768463 10.700145915768468 10.69652348234205
10.696521581755754 10.70014401401001 10.700144014010021 10.696521581755935
10.69651968116997 10.700142112251905 10.700142112251907 10.696519681170154
10.696517780584514 10.700140210494139 10.70014021049415 10.696517780584715
10.696515879999408 10.7001383087367 10.700138308736703 10.696515879999597
10.696513979414629 10.700136406979594 10.700136406979608 10.69651397941482
10.696512078830185 10.700134505222826 10.700134505222826 10.69651207883037
10.696510178246061 10.700132603466376 10.700132603466384 10.696510178246255
10.696508277662272 10.70013070171027 10.700130701710282 10.69650827766248
10.696506377078817 10.700128799954493 10.700128799954502 10.696506377079022
10.696504476495715 10.70012689819905 10.700126898199063 10.696504476495916
10.696502575912936 10.700124996443947 10.700124996443952 10.696502575913135
10.69650067533049 10.700123094689188 10.700123094689186 10.696500675330682
10.696498774748385 10.700121192934763 10.700121192934757 10.696498774748585
10.696496874166604 10.700119291180657 10.700119291180666 10.696496874166815
10.696494973585176 10.700117389426898 10.7001173894269 10.69649497358537
10.696493073004069 10.70011548767345 10.700115487673466 10.696493073004264
10.696491172423308 10.700113585920345 10.70011358592036 10.696491172423471
10.696489271842841 10.700111684167576 10.700111684167585 10.69648927184303
10.696487371262725 10.700109782415153 10.700109782415156 10.696487371262927
10.696485470682951 10.700107880663055 10.700107880663053 10.696485470683156
10.696483570103517 10.700105978911287 10.700105978911292 10.696483570103714
10.696481669524411 10.700104077159859 10.700104077159855 10.696481669524605
10.696479768945627 10.700102175408754 10.700102175408762 10.696479768945832
10.696477868367193 10.700100273657997 10.700100273657993 10.696477868367385
10.696475967789087 10.70009837190755 10.700098371907561 10.696475967789276
10.696474067211296 10.700096470157456 10.700096470157465 10.696474067211506
10.696472166633853 10.700094568407692 10.700094568407708 10.696472166634058
10.696470266056762 10.70009266665827 10.700092666658277 10.696470266056952
10.696468365479983 10.700090764909172 10.700090764909175 10.696468365480172
10.696466464903537 10.700088863160408 10.700088863160406 10.69646646490373
10.69646456432743 10.70008696141197 10.700086961411971 10.696464564327622
10.696462663751655 10.700085059663882 10.700085059663888 10.69646266375186
10.696460763176214 10.700083157916115 10.700083157916119 10.696460763176418
10.696458862601105 10.700081256168673 10.700081256168685 10.6964588626013
10.696456962026351 10.70007935442159 10.700079354421602 10.696456962026533
10.696455061451912 10.70007745267482 10.700077452674837 10.696455061452097
10.696453160877798 10.700075550928393 10.700075550928409 10.696453160878002
10.696451260304027 10.700073649182308 10.700073649182322 10.696451260304222
10.696449359730591 10.700071747436555 10.700071747436557 10.696449359730785
10.696447459157485 10.70006984569112 10.700069845691129 10.696447459157682
10.696445558584722 10.70006794394603 10.700067943946042 10.696445558584912
10.696443658012274 10.700066042201273 10.700066042201284 10.696443658012473
10.696441757440189 10.700064140456847 10.70006414045685 10.69644175744037
10.696439856868416 10.70006223871276 10.700062238712766 10.696439856868606
