1	0.18795435350879242	0.18255760310679747	0.14292347581710008	0.1437642461115889
2	0.1769768347822671	0.17482429404958832	0.13532359025842222	0.1380591223659451
3	0.16732181375097888	0.1672337603240308	0.12854959327427196	0.13235987289674966
4	0.15861462025211637	0.15976548095508303	0.1223414501379656	0.12665599939686878
5	0.15057372204798636	0.1523921787056146	0.11650862309166499	0.12093959021579259
6	0.14300092070994364	0.1450985508906495	0.11092116673188634	0.11521369791712921
7	0.13576471340643081	0.13788444259740018	0.10549730075394503	0.10949246228576914
8	0.12878382500578844	0.13076232795747167	0.10019120051823815	0.10379828790291823
9	0.12201300803392279	0.1237531919820225	0.09498245057568422	0.0981584164755338
10	0.11543162984346189	0.11688252463662696	0.08986756585870737	0.09260186294365136
11	0.10903492925512204	0.11017705856832194	0.08485351292018706	0.08715704083272957
12	0.1028275755710828	0.10366238880858836	0.07995296560272669	0.0818501072625657
13	0.0968190951451886	0.09736140075609834	0.0751809708489759	0.07670393517234109
14	0.09102074931085058	0.09129335726762511	0.0705527105564796	0.07173758206341496
15	0.08544350291726577	0.08547348464479043	0.06608208566990426	0.06696612582609163
16	0.0800967887580537	0.07991291403309742	0.06178089813052656	0.0624007557751991
17	0.07498783663539488	0.07461886087312886	0.05765845431047678	0.058049029243814054
18	0.07012139098346726	0.06959495180984598	0.05372145553821106	0.05391522553205341
19	0.06549968623364766	0.06484163214686633	0.04997407588437541	0.050000747474584495
20	0.06112258482279498	0.060356606340397745	0.04641815473818789	0.046304535797978996
21	0.05698781016976917	0.05613527917995986	0.04305345276517536	0.042823472964745424
22	0.0530912275582589	0.05217117672136906	0.03987793569919229	0.03955276182239831
23	0.04942714108598878	0.048456334393340184	0.03688806215077811	0.03648627064226839
24	0.04598858590241761	0.0449816456476102	0.034079060140677075	0.033616840560236616
25	0.042767602868520216	0.04173716863511445	0.03144518315998357	0.030936554462373422
26	0.0397554883330149	0.03871239113556757	0.028979940828848694	0.028436968352273162
27	0.03694301554818358	0.03589645571466149	0.026676302150557163	0.02610930747624174
28	0.03432062681632253	0.03327834811583452	0.024526871301257414	0.02394463018416415
29	0.031878597118673024	0.03084705242632335	0.022524037132823027	0.02193396283098381
30	0.029607170995547438	0.028591676748344952	0.02066009830257154	0.02006840909691321
31	0.027496675013234606	0.026501553071673234	0.018927366330623308	0.018339237012030773
32	0.025537608411611235	0.024566314866655503	0.01731824903468082	0.01673794677592233
33	0.023720714578818747	0.022775955655960356	0.015825316783423027	0.015256322210343787
34	0.022037035919110215	0.021120871519943907	0.014441353901317733	0.013886468403387364
35	0.020477954519101838	0.01959189017231666	0.01315939739009342	0.012620837818253405
36	0.01903522081232023	0.018180288928198785	0.011972764933876445	0.011452246862040938
37	0.01770097221690492	0.016877803587055706	0.010875073945288638	0.010373884648416709
38	0.016467743493131293	0.015676629975302392	0.009860253201390501	0.009379315447248682
39	0.015328470346643419	0.014569419640874215	0.008922548419293075	0.008462476096617766
40	0.014276487596391219	0.013549270966011107	0.008056522936332855	0.0076176694584533244
41	0.013305523036732492	0.012609716764542256	0.0072570544913374	0.006839554827812733
42	0.012409687952551485	0.011744709254905339	0.006519328952619641	0.006123136056244816
43	0.011583465094759382	0.010948603148153158	0.005838831704830905	0.0054637480200291355
44	0.010821694790528413	0.010216137459273966	0.0052113372898257015	0.004857041952558538
45	0.010119559746925577	0.009542416538071863	0.004632897795185498	0.004298970064732566
46	0.009472569006813814	0.008922890720574284	0.004099830396542159	0.00378576979619738
47	0.0088765414304256	0.008353336921324672	0.0036087043850178135	0.003313947971731235
48	0.008327589003280678	0.00782983941916593	0.003156327947411275	0.002880265079506117
49	0.007822100209668115	0.007348771032465118	0.0027397349129824056	0.0024817198397879547
50	0.007356723659221687	0.006906774832624696	0.002356171635433002	0.0021155341926242244
51	0.006928352110966873	0.006500746505819888	0.0020030841408867905	0.0017791387999607222
52	0.00653410700336865	0.00612781744091806	0.0016781056412323858	0.0014701591304582262
53	0.006171323569334586	0.0057853385955152214	0.0013790444862620266	0.001186402173089407
54	0.005837536590870718	0.005470865170912331	0.001103872606680767	0.0009258438076521491
55	0.005530466828399194	0.005182142110000898	0.0008507144827338831	0.0006866168459198629
56	0.005248008143798777	0.004917090418612435	0.0006178366591051976	0.0004669997457023012
57	0.004988215323571632	0.004673794300425693	0.0004036378154999021	0.0002654059911418871
58	0.004749292598457688	0.004450489087474696	0.0002066393933879418	8.037412561889834e-05
59	0.004529582848074143	0.004245549942221816	2.5476772383403734e-05	-8.944158154744475e-05
60	0.00432755747315261	0.004057481302757404	-0.00014110901563346712	-0.00024527985730016244
61	0.004141806913535606	0.0038849070395766683	-0.0002942790506081927	-0.0003882805613076856
62	0.00397103178688607	0.0037265612903941703	-0.0004351037855362394	-0.0005194922638707133
63	0.0038140346208881404	0.0035812799382954896	-0.000564569825811656	-0.0006398792934773079
64	0.0036697121503515007	0.0034479926981009212	-0.0006835862490616185	-0.0007503282826801794
65	0.0035370481499213957	0.0033257157758873612	-0.0007929904885983774	-0.0008516542409546801
66	0.0034151067729194517	0.0032135450671622046	-0.0008935538039319679	-0.0009446061828319863
67	0.0033030263670503768	0.0031106498600013133	-0.0009859863617660558	-0.0010298723389466913
68	0.0032000137382638405	0.0030162670105701173	-0.0010709419505381401	-0.0011080849767841627
69	0.003105338834820448	0.002929695559681922	-0.0011490223510534081	-0.0011798248569098169
70	0.0030183298245859413	0.0028502917604468214	-0.0012207813850289018	-0.0012456253493494662
71	0.002938368539640912	0.0027774644885005806	-0.0012867286625622976	-0.0013059762336069536
72	0.0028648862634647054	0.0027106710077927643	-0.0013473330486237778	-0.0013613272046034686
73	0.0027973598371768826	0.002649413066434514	-0.0014030258677281138	-0.001412091105580715
74	0.0027353080625379667	0.0025932332985730833	-0.0014542038649403288	-0.0014586469078023967
75	0.0026782883806804048	0.0025417119097475016	-0.0015012319404044128	-0.001501342455668797
76	0.002625893806751156	0.0024944636245985974	-0.001544445673582473	-0.0015404969947112601
77	0.002577750101863674	0.0024511348771707464	-0.0015841536524087152	-0.001576403498776302
78	0.0025335131649221188	0.0024114012254009554	-0.0016206396216608132	-0.0016093308116379434
79	0.0024928666280141787	0.0023749649725961497	-0.0016541644638814468	-0.0016395256172326844
80	0.00245551964013746	0.0023415529799576396	-0.0016849680253521182	-0.0016672142517218935
81	0.002421204825078793	0.0023109146553024207	-0.0017132707987590479	-0.0016926043696516846
82	0.002389676400219143	0.002282820104222094	-0.0017392754733923654	-0.001715886475604722
83	0.002360708443985615	0.0022570584309182795	-0.0017631683629790729	-0.0017372353318847455
84	0.0023340933005296938	0.0022334361769077438	-0.001785120720513289	-0.00175681125203353
85	0.002309640111056832	0.0022117758866582182	-0.001805289948803579	-0.0017747612892026199
86	0.0022871734619689388	0.0021919147900585356	-0.001823820714787927	-0.0017912203277585803
87	0.002266532140746347	0.002173703592383225	-0.0018408459751134698	-0.0018063120858489157
88	0.002247567991139565	0.0021570053631404518	-0.0018564879198945672	-0.0018201500360529588
89	0.002230144859888039	0.002141694515843562	-0.001870858841056755	-0.0018328382507112329
90	0.0022141376277700076	0.0021276558713863025	-0.0018840619311994988	-0.0018444721780047635
91	0.002199431318325007	0.0021147837982499196	-0.0018961920184384917	-0.0018551393543670969
92	0.0021859202781179254	0.002102981423330208	-0.0019073362422973306	-0.0018649200584061054
93	0.0021735074228630413	0.0020921599076367814	-0.0019175746753129497	-0.001873887911066685
94	0.002162103544183114	0.002082237781596996	-0.0019269808946570377	-0.001882110426418837
95	0.002151626672178497	0.002073140335100865	-0.0019356225077653555	-0.0018896495170841465
96	0.00214200148934951	0.0020647990578210873	-0.0019435616356182628	-0.0018965619580159077
97	0.0021331587917777783	0.002057151125690826	-0.0019508553570710685	-0.001902899812021297
98	0.0021250349937860236	0.002050138929770462	-0.0019575561173387213	-0.0019087108201744085
99	0.00211757167258686	0.002043709644021008	-0.001963712103505544	-0.0019140387599833053
100	0.0021107151497233856	0.0020378148287899522	-0.0019693675897041185	-0.0019189237739687393
101	0.0021044161063397127	0.0020324100670841005	-0.001974563254399264	-0.0019234026710748253
102	0.002098629229569493	0.0020274546309204666	-0.0019793364720143147	-0.001927509203156541
103	0.0020933128875288975	0.0020229111752909645	-0.0019837215809684894	-0.001931274318582643
104	0.0020884288306246557	0.002018745457457949	-0.001987750130016175	-0.001934726394853592
105	0.002083941917041643	0.00201492607949727	-0.001991451104650155	-0.0019378914519524448
106	0.002079819860473564	0.002011424252167271	-0.0019948511351546294	-0.0019407933480242168
107	0.002076032998288402	0.002008213578347018	-0.001997974687816928	-0.0019434539588401023
108	0.0020725540784923835	0.0020052698544203995	-0.0020008442406266314	-0.0019458933423861513
109	0.002069358063959692	0.0020025708881330484	-0.0020034804447417454	-0.0019481298898099686
110	0.0020664219525434735	0.002000096331550627	-0.0020059022728573517	-0.001950180463844875
111	0.0020637246117767294	0.001997827527875362	-0.002008127155539108	-0.0019520605257548063
112	0.002061246626984037	0.001995747370969636	-0.0020101711064973715	-0.001953784251749302
113	0.0020589701617210743	0.0019938401765360325	-0.0020120488376971224	-0.0019553646397323377
114	0.0020568788295403095	0.0019920915639939363	-0.0020137738651239134	-0.001956813607199903
115	0.0020549575761654726	0.0019904883481522972	-0.002015358605963802	-0.001958142081002423
116	0.0020531925712348187	0.001989018439885193	-0.002016814467895811	-0.00195936007966524
117	0.002051571108832473	0.0019876707550501305	-0.002018151931132861	-0.0019604767888639074
118	0.0020500815161008656	0.0019864351309676342	-0.0020193806237984724	-0.0019615006306379357
119	0.002048713069271013	0.00198530224984228	-0.0020205093911852545	-0.00196243932685658
120	0.0020474559165207795	0.0019842635685418664	-0.0020215463593837857	-0.001963299957408182
121	0.002046301007092799	0.0019833112542096965	-0.002022498993746069	-0.001964089013563153
122	0.002045240026177675	0.0019824381252276924	-0.0020233741525947924	-0.001964812446895614
123	0.0020442653350805085	0.0019816375970793665	-0.0020241781365726297	-0.001965475714146958
124	0.002043369916260751	0.001980903632719966	-0.0020249167339800866	-0.0019660838183597207
125	0.002042547322825383	0.001980230697061769	-0.0020255952624288476	-0.0019666413465923016
126	0.0020417916321380236	0.0019796137152475746	-0.002026218607109609	-0.0019671525045009686
127	0.002041097403191472	0.0019790480343863104	-0.0020267912559490675	-0.0019676211480460504
128	0.002040459637447478	0.0019785293884763133	-0.002027317331913747	-0.0019680508125669016
129	0.0020398737428605207	0.001978053866237728	-0.0020278006226799317	-0.001968444739435138
130	0.0020393355008234693	0.0019776178816198753	-0.0020282446079018523	-0.001968805900498305
131	0.0020388410358053166	0.0019772181467621053	-0.002028652484253768	-0.001969137020486067
132	0.0020383867874494976	0.0019768516472024045	-0.002029027188442112	-0.001969440597557659
133	0.0020379694849472774	0.0019765156191416944	-0.0020293714183456935	-0.001969718922139929
134	0.0020375861234935844	0.0019762075286058334	-0.0020296876524350527	-0.0019699740941997446
135	0.0020372339426513175	0.0019759250523340155	-0.0020299781676151873	-0.0019702080390807675
136	0.0020369104064857924	0.001975666060258896	-0.0020302450556186624	-0.0019704225220213978
137	0.0020366131853014613	0.0019754285994419973	-0.002030490238060567	-0.001970619161471565
138	0.002036340138872772	0.0019752108793457124	-0.0020307154802747807	-0.0019707994412925256
139	0.0020360893010378245	0.001975011258329218	-0.002030922404024471	-0.001970964721954238
140	0.002035858865539364	0.001974828231266601	-0.002031112499175869	-0.0019711162507901614
141	0.0020356471730222925	0.0019746604181958283	-0.0020312871344250194	-0.001971255171409836
142	0.0020354526990865596	0.0019745065539116258	-0.0020314475671524557	-0.0019713825323213197
143	0.002035274043311275	0.001974365478420115	-0.002031594952476623	-0.0019714992948390853
144	0.002035109919173439	0.001974236128193252	-0.0020317303515696716	-0.0019716063403358852
145	0.0020349591447821336	0.001974117528144026	-0.002031854739296457	-0.0019717044768907677
146	0.002034820634371881	0.0019740087842754495	-0.002031969011238144	-0.001971794445381425
147	0.002034693390483344	0.00197390907693229	-0.0020320739901347196	-0.0019718769250757218
148	0.002034576496781515	0.001973817654625787	-0.0020321704318133627	-0.001971952538752486
149	0.002034469111458659	0.001973733828358637	-0.002032259030628092	-0.001972021857401196
150	0.0020343704611730518	0.0019736569664310366	-0.0020323404244599885	-0.0019720854045255365
151	0.0020342798354794356	0.0019735864896767152	-0.002032415199310744	-0.0019721436600963482
152	0.0020341965817143315	0.0019735218670937638	-0.002032483893519732	-0.0019721970641682907
153	0.0020341201002977982	0.0019734626118376175	-0.002032547001644236	-0.001972246020201185
154	0.0020340498404141094	0.001973408277551658	-0.0020326049780166056	-0.001972290898103024
155	0.0020339852960475913	0.0019733584549973537	-0.0020326582400179705	-0.0019723320370185204
156	0.002033926002336872	0.001973312768969837	-0.002032707171082615	-0.001972369747889946
157	0.002033871532230558	0.0019732708754679473	-0.002032752123459547	-0.00197240431580048
158	0.002033821493408583	0.001973232459095864	-0.0020327934207475806	-0.0019724360021254883
159	0.0020337755254604684	0.0019731972306885615	-0.0020328313602269166	-0.001972465046504168
160	0.0020337332972897304	0.0019731649251278904	-0.002032866214999096	-0.0019724916686462146
161	0.0020336945047265687	0.001973135299342732	-0.002032898235954095	-0.001972516069990604
162	0.0020336588683425028	0.0019731081304771303	-0.0020329276535742125	-0.001972538435223714
163	0.0020336261314342075	0.001973083214207638	-0.002032954679598853	-0.0019725589336738736
164	0.002033596058177989	0.0019730603632034382	-0.002032979508544086	-0.0019725777205861217
165	0.0020335684319294778	0.0019730394057124734	-0.0020330023191053037	-0.0019725949382973784
166	0.002033543053665876	0.0019730201842645956	-0.0020330232754458555	-0.0019726107173049234
167	0.002033519740550549	0.00197300255448718	-0.0020330425283749953	-0.0019726251772554937
168	0.002033498324616745	0.001972986384012332	-0.0020330602164365663	-0.001972638427844564
169	0.002033478651561449	0.0019729715514816837	-0.0020330764669085344	-0.0019726505696469054
170	0.002033460579630275	0.0019729579456275737	-0.002033091396713149	-0.0019726616948702036
171	0.0020334439785973935	0.001972945464436715	-0.0020331051132663758	-0.0019726718880567207
172	0.0020334287288288344	0.0019729340143795904	-0.0020331177152449476	-0.001972681226716566
173	0.0020334147204227326	0.0019729235097049047	-0.0020331292933023493	-0.0019726897819154487
174	0.002033401852414518	0.0019729138717916594	-0.002033139930716743	-0.00197269761880714
175	0.0020333900320508302	0.0019729050285580696	-0.002033149703995263	-0.0019727047971276335
176	0.0020333791741238283	0.001972896913915667	-0.002033158683419467	-0.0019727113716450084
177	0.0020333692003542403	0.0019728894672739195	-0.0020331669335580393	-0.001972717392574208
178	0.0020333600388308115	0.001972882633079931	-0.002033174513724867	-0.0019727229059524065
179	0.00203335162349072	0.001972876360400555	-0.0020331814784130264	-0.001972727953988729
180	0.0020333438936440684	0.0019728706025397003	-0.0020331878776800316	-0.001972732575383551
181	0.0020333367935371216	0.00197286531668317	-0.0020331937575142067	-0.0019727368056158268
182	0.0020333302719505175	0.001972860463577253	-0.0020331991601626465	-0.0019727406772158673
183	0.0020333242818321162	0.0019728560072341805	-0.0020332041244371934	-0.0019727442200095924
184	0.00203331877995494	0.0019728519146582357	-0.002033208685992216	-0.0019727474613402407
185	0.002033313726608199	0.001972848155596507	-0.002033212877581625	-0.0019727504262787576
186	0.00203330908531163	0.0019728447023139584	-0.002033216729296683	-0.0019727531378103125
187	0.002033304822552262	0.001972841529380376	-0.0020332202687805	-0.0019727556170093807
188	0.00203330090754128	0.0019728386134827414	-0.002033223521428318	-0.001972757883197729
189	0.002033297311995752	0.0019728359332437106	-0.0020332265105690306	-0.001972759954088299
190	0.0020332940099323515	0.001972833469065627	-0.0020332292576353828	-0.001972761845923987
191	0.0020332909774812835	0.0019728312029811956	-0.0020332317823157364	-0.0019727635735953264
192	0.0020332881927124236	0.0019728291185155955	-0.002033234102696291	-0.0019727651507538413
193	0.0020332856354829953	0.0019728272005647973	-0.0020332362353960853	-0.0019727665899175184
194	0.002033283287285359	0.0019728254352814334	-0.0020332381956778	-0.001972767902561401
195	0.0020332811311184473	0.0019728238099692152	-0.0020332399975661053	-0.0019727690992084046
196	0.0020332791513630877	0.0019728223129871214	-0.0020332416539428078	-0.001972770189504147
197	0.002033277333671979	0.0019728209336643543	-0.002033243176643218	-0.0019727711822934424
198	0.002033275664862555	0.00197281966221452	-0.002033244576539639	-0.0019727720856858033
199	0.0020332741328275006	0.0019728184896671275	-0.0020332458636206363	-0.001972772907114284
200	0.002033272726440938	0.0019728174077979777	-0.002033247047061204	-0.0019727736533963203
201	0.002033271435484263	0.0019728164090646594	-0.0020332481352914877	-0.001972774330780913
202	0.002033270250568542	0.001972815486554369	-0.0020332491360547378	-0.001972774944998257
203	0.002033269163069784	0.001972814633927844	-0.0020332500564652634	-0.0019727755013008164
204	0.002033268165063662	0.001972813845373289	-0.0020332509030580592	-0.0019727760045054055
205	0.0020332672492725523	0.0019728131155628548	-0.0020332516818378776	-0.00197277645902727
206	0.002033266409008916	0.0019728124396101165	-0.0020332523983189743	-0.0019727768689157266
207	0.0020332656381299996	0.001972811813037212	-0.0020332530575695174	-0.0019727772378819175
208	0.00203326493099254	0.0019728112317373148	-0.0020332536642438948	-0.0019727775693297867
209	0.0020332642824124614	0.001972810691945326	-0.0020332542226174644	-0.0019727778663788387
210	0.002033263687626352	0.0019728101902090067	-0.0020332547366203046	-0.001972778131889674
211	0.0020332631422599334	0.0019728097233635555	-0.0020332552098596413	-0.001972778368485417
212	0.0020332626422923106	0.0019728092885080706	-0.0020332556456519324	-0.0019727785785708107
213	0.002033262184032436	0.0019728088829812362	-0.002033256047042409	-0.0019727787643505357
214	0.0020332617640872463	0.0019728085043446697	-0.0020332564168293876	-0.001972778927845864
215	0.0020332613793406784	0.0019728081503620487	-0.002033256757583257	-0.001972779070909425
216	0.0020332610269303553	0.0019728078189829024	-0.002033257071665906	-0.0019727791952416363
217	0.0020332607042256035	0.001972807508327512	-0.0020332573612448224	-0.0019727793023990303
218	0.0020332604088104667	0.0019728072166724786	-0.002033257628315077	-0.0019727793938105753
219	0.002033260138465942	0.0019728069424375105	-0.002033257874705985	-0.001972779470785224
220	0.002033259891151884	0.001972806684174211	-0.0020332581021001994	-0.0019727795345246824
221	0.002033259664996123	0.001972806440554531	-0.002033258312042596	-0.0019727795861281816
222	0.002033259458277592	0.0019728062103592237	-0.0020332585059528174	-0.00197277962660547
223	0.002033259269415	0.0019728059924738472	-0.002033258685134487	-0.001972779656882695
224	0.002033259096956286	0.001972805785873777	-0.0020332588507854243	-0.0019727796778072904
225	0.002033258939567184	0.001972805589620208	-0.0020332590040061937	-0.0019727796901571892
226	0.0020332587960221193	0.0019728054028533837	-0.0020332591458084304	-0.001972779694645488
227	0.0020332586651952145	0.0019728052247834915	-0.0020332592771197255	-0.0019727796919261076
228	0.0020332585460518526	0.0019728050546879983	-0.002033259398794729	-0.0019727796825977917
229	0.002033258437642127	0.0019728048919033236	-0.0020332595116158148	-0.001972779667211211
230	0.002033258339092403	0.0019728047358216205	-0.002033259616303962	-0.001972779646269518
231	0.0020332582496006557	0.001972804585885668	-0.002033259713520308	-0.00197277962023501
232	0.0020332581684314732	0.0019728044415844304	-0.002033259803872256	-0.001972779589530793
233	0.0020332580949065093	0.0019728043024486164	-0.0020332598879194697	-0.0019727795545460003
234	0.0020332580284049273	0.001972804168049347	-0.0020332599661733175	-0.001972779515635459
235	0.0020332579683545182	0.0019728040379927148	-0.0020332600391055333	-0.0019727794731269066
236	0.002033257914232145	0.001972803911916343	-0.002033260107148882	-0.0019727794273183274
237	0.0020332578655540834	0.001972803789491495	-0.0020332601707009346	-0.001972779378485612
238	0.0020332578218783537	0.001972803670412304	-0.0020332602301271763	-0.00197277932687856
239	0.002033257782797837	0.0019728035544018807	-0.0020332602857627835	-0.001972779272729319
240	0.0020332577479384994	0.0019728034412044293	-0.0020332603379161762	-0.0019727792162488322
241	0.002033257716957726	0.00197280333058647	-0.0020332603868707944	-0.001972779157630722
242	0.002033257689539769	0.0019728032223325087	-0.002033260432886874	-0.001972779097052735
243	0.00203325766539475	0.001972803116247368	-0.0020332604762032247	-0.001972779034678296
244	0.0020332576442563255	0.0019728030121496376	-0.00203326051703967	-0.001972778970656286
245	0.002033257625880469	0.0019728029098742272	-0.0020332605555976047	-0.0019727789051241507
246	0.0020332576100418054	0.0019728028092700356	-0.002033260592062436	-0.0019727788382073452
247	0.002033257596534832	0.0019728027101972856	-0.0020332606266048048	-0.0019727787700209998
248	0.002033257585168924	0.0019728026125290787	-0.0020332606593798097	-0.0019727787006704744
249	0.002033257575770442	0.0019728025161488416	-0.002033260690532779	-0.0019727786302528028
250	0.002033257568179625	0.0019728024209496597	-0.0020332607201942743	-0.0019727785588571356
251	0.0020332575622488136	0.00197280232683239	-0.002033260748487198	-0.0019727784865642972
252	0.0020332575578441148	0.001972802233707882	-0.0020332607755214616	-0.0019727784134487836
253	0.0020332575548398513	0.0019728021414927577	-0.002033260801399761	-0.0019727783395794285
254	0.0020332575531231134	0.001972802050112521	-0.0020332608262165763	-0.0019727782650189596
255	0.002033257552589318	0.001972801959496562	-0.0020332608500578386	-0.001972778189823665
256	0.002033257553141543	0.0019728018695819305	-0.002033260873002707	-0.001972778114047946
257	0.0020332575546917475	0.0019728017803105624	-0.0020332608951245668	-0.001972778037739653
258	0.002033257557159218	0.0019728016916279456	-0.002033260916490476	-0.001972777960942418
259	0.002033257560468904	0.0019728016034867846	-0.002033260937160719	-0.0019727778836975407
260	0.0020332575645520823	0.00197280151584045	-0.0020332609571935834	-0.001972777806041992
261	0.0020332575693462474	0.0019728014286485296	-0.0020332609766398058	-0.0019727777280099668
262	0.0020332575747938897	0.001972801341873276	-0.002033260995547348	-0.001972777649632773
263	0.0020332575808407194	0.001972801255479828	-0.0020332610139600638	-0.001972777570939277
264	0.002033257587439108	0.0019728011694364334	-0.0020332610319181432	-0.0019727774919551244
265	0.002033257594544091	0.001972801083713893	-0.00203326104945889	-0.0019727774127054065
266	0.0020332576021133697	0.001972800998286006	-0.0020332610666153883	-0.0019727773332116616
267	0.002033257610110639	0.0019728009131279034	-0.002033261083419613	-0.0019727772534943178
268	0.0020332576185002615	0.0019728008282170473	-0.0020332610999003187	-0.00197277717357236
269	0.0020332576272504843	0.0019728007435330097	-0.0020332611160837066	-0.001972777093462108
270	0.0020332576363319976	0.001972800659056806	-0.0020332611319938687	-0.0019727770131795497
271	0.002033257645718156	0.0019728005747713384	-0.0020332611476524542	-0.0019727769327383404
272	0.0020332576553832027	0.001972800490660509	-0.0020332611630803354	-0.0019727768521533573
273	0.002033257665305821	0.001972800406710218	-0.00203326117829683	-0.0019727767714348143
274	0.0020332576754636955	0.001972800322906809	-0.002033261193318703	-0.00197277669059448
275	0.0020332576858390627	0.0019728002392378485	-0.0020332612081617185	-0.00197277660964279
276	0.002033257696413049	0.001972800155693122	-0.002033261222840199	-0.001972776528589182
277	0.002033257707170333	0.001972800072261305	-0.0020332612373685777	-0.0019727764474410936
278	0.0020332577180955935	0.0019727999889326275	-0.002033261251757512	-0.001972776366206963
279	0.002033257729174953	0.0019727999057002066	-0.002033261266019548	-0.001972776284894562
280	0.0020332577403964214	0.001972799822554272	-0.0020332612801641226	-0.001972776203509219
281	0.0020332577517482298	0.0019727997394884955	-0.0020332612942015604	-0.0019727761220575957
282	0.002033257763219609	0.001972799656496438	-0.0020332613081400774	-0.0019727760405454653
283	0.0020332577748006786	0.0019727995735712156	-0.0020332613219882223	-0.0019727759589776017
284	0.0020332577864832224	0.001972799490708499	-0.0020332613357525453	-0.00197277587735889
285	0.002033257798258248	0.0019727994079016264	-0.002033261349440818	-0.0019727757956927716
286	0.0020332578101188714	0.0019727993251463793	-0.0020332613630584806	-0.0019727757139834656
287	0.0020332578220577657	0.001972799242438983	-0.00203326137661175	-0.001972775632235413
288	0.0020332578340682694	0.001972799159775329	-0.002033261390105068	-0.001972775550451278
289	0.0020332578461448314	0.0019727990771515325	-0.0020332614035446506	-0.001972775468633947
290	0.0020332578582826777	0.001972798994564151	-0.0020332614169338292	-0.0019727753867856412
291	0.002033257870475813	0.0019727989120101874	-0.0020332614302769336	-0.001972775304910024
292	0.002033257882720796	0.001972798829487754	-0.0020332614435780716	-0.0019727752230087603
293	0.002033257895012186	0.00197279874699241	-0.0020332614568400187	-0.001972775141084293
294	0.002033257907347097	0.0019727986645239337	-0.0020332614700664386	-0.0019727750591382875
295	0.0020332579197219758	0.001972798582079549	-0.002033261483259885	-0.001972774977172853
296	0.002033257932132715	0.0019727984996558146	-0.0020332614964236884	-0.001972774895189211
297	0.002033257944577538	0.001972798417252175	-0.002033261509559181	-0.0019727748131885825
298	0.002033257957053114	0.0019727983348669653	-0.0020332615226698048	-0.001972774731173188
299	0.0020332579695567787	0.001972798252498742	-0.0020332615357571138	-0.0019727746491438047
300	0.0020332579820866448	0.0019727981701461728	-0.0020332615488224404	-0.001972774567101987
