1	0.17465062184361724	0.17077726626375167	0.14326249507078526	0.1439881315983058
2	0.16498350618030067	0.1639911415415849	0.13592368179136471	0.13849705224401898
3	0.15644941918754096	0.15728410412709692	0.12936209891817274	0.13300335832782384
4	0.1487287752728097	0.1506448362214039	0.12333862199422985	0.12749898353399924
5	0.14157848401571194	0.14405461325915958	0.1176760276484572	0.12197724867160975
6	0.13482519815844451	0.13750363957454947	0.11225160509681942	0.11644085552420158
7	0.1283524237108855	0.13099440427628295	0.10698648501122765	0.11090241268262702
8	0.1220872465402465	0.12454001264943759	0.10183498563947113	0.1053821735785343
9	0.11598858315986993	0.11816094454087356	0.09677528162956817	0.0999050917979658
10	0.11003753186930121	0.11188174395172146	0.09180179575081038	0.09449809794650443
11	0.10422983216950499	0.10572823451691571	0.08691929603732262	0.08918792778648266
12	0.09857019880257312	0.09972542636171111	0.08213849865514966	0.08399956016933663
13	0.09306821367064844	0.09389608591498488	0.07747291539740031	0.07895520442000148
14	0.08773545479683875	0.08825986386071705	0.07293668463293379	0.07407373459258881
15	0.08258357415414164	0.08283285762719128	0.06854315277442824	0.06937046293464144
16	0.07762308245020622	0.07762749246432188	0.06430401166188249	0.06485715621664667
17	0.07286264659145969	0.07265262311729614	0.06022883614209995	0.06054221560269335
18	0.06830874872799031	0.06791377833188195	0.056324901102248415	0.05643095821329247
19	0.06396559228738852	0.06341348922373102	0.05259718666041069	0.05252595414709349
20	0.059835169945392064	0.05915165848541215	0.049048503980354985	0.04882738569219858
21	0.05591743166678387	0.05512594020379824	0.04567969280083428	0.04533340572617961
22	0.052210508739881645	0.051332109952366256	0.042489856042758456	0.04204048016227846
23	0.04871096313122081	0.04776441224308359	0.03947660759923055	0.03894370514492573
24	0.045414041426959706	0.044415877842832074	0.036636317367709115	0.03603709393292176
25	0.04231391988915867	0.04127860731562416	0.03396434338180021	0.03331383139328503
26	0.0394039323787716	0.03834401981549651	0.031455245056983605	0.030766496064938087
27	0.03667677659013657	0.03560306792764445	0.02910297448812238	0.028387251082479636
28	0.03412469659827422	0.03304642047525452	0.026901044744740865	0.02616800606702463
29	0.031739641442608324	0.030664615859835376	0.024842675446560714	0.024100552540041065
30	0.02951340058759455	0.028448188822748355	0.022920916751854925	0.022176675608027052
31	0.02743771778407944	0.026387773608544052	0.021128753393842237	0.020388244683067214
32	0.025504385232695714	0.024474186453072422	0.019459190659113723	0.018727285907316427
33	0.02370532011664306	0.022698490166338292	0.017905324293490565	0.017186038782032398
34	0.02203262559469854	0.021052043371335927	0.016460396300483904	0.015756999294969765
35	0.020478638276129058	0.019526536723273424	0.015117838506126802	0.014432951615552803
36	0.01903596407317454	0.01811401818780689	0.0138713056301204	0.013206990199934543
37	0.017697504168980527	0.016806909214645893	0.012714699447193278	0.012072533927546591
38	0.016456472666865896	0.015598013412369327	0.011642185458301202	0.01102333368307451
39	0.015306407312276393	0.014480519116142121	0.010648203327964012	0.010053474606356194
40	0.014241174509487253	0.013447997044731874	0.009727472187743169	0.009157374059138523
41	0.01325496969576423	0.012494394067766201	0.00887499176006723	0.008329776202280703
42	0.012342313988985332	0.011614023948179453	0.008086040123366223	0.00756574393947429
43	0.011498047891932428	0.010801555787622319	0.007356168819390607	0.006860648862832108
44	0.010717322717803013	0.01005200078285251	0.006681195896797054	0.006210159730627107
45	0.009995590296659862	0.00936069779734916	0.006057197390993085	0.005610229916550136
46	0.0093285914307496	0.008723298163090587	0.005480497658018946	0.005057084191727235
47	0.008712343486858898	0.008135750050975332	0.00494765890903226	0.004547205133964671
48	0.008143127445102705	0.0075942826832927635	0.004455470230554592	0.0040773194019024794
49	0.0076174746645643054	0.0070953906065769345	0.004000936323131032	0.0036443840637523373
50	0.007132153575947542	0.006635818196781829	0.003581266146300721	0.003245573129880941
51	0.006684156468844016	0.006212544529847541	0.003193861619926519	0.0028782644046772
52	0.006270686505298384	0.005822768718359628	0.0028363065000210907	0.002540026744994206
53	0.0058891450613064444	0.005463895788173856	0.002506355520476955	0.0022286077891293665
54	0.0055371194727997786	0.005133523146808594	0.0022019238698447463	0.0019419222011423098
55	0.005212371241902325	0.004829427677358167	0.0019210770538568012	0.0016780404596323795
56	0.004912824742164701	0.00454955347705166	0.00166202117918679	0.001435178207405241
57	0.004636556447483398	0.004292000247807848	0.00142309368153537	0.001211686168254733
58	0.004381784698120783	0.00405501233680039	0.0012027545110355753	0.0010060406289914559
59	0.0041468600081191465	0.003836968417725406	0.000999577779888683	0.0008168344784815762
60	0.003930255911185232	0.0036363717977808685	0.0008122438706813506	0.0006427687905917745
61	0.0037305603364660156	0.0034518413311444007	0.0006395319987918535	0.0004826449342334449
62	0.003546467501277295	0.0032821029165929216	0.00048031321838493124	0.00033535719100419303
63	0.003376770304575949	0.0031259815547411973	0.000333543858542229	0.00019988585906427492
64	0.0032203532025677495	0.002982393938957717	0.00019825937393280757	7.529082064938741e-05
65	0.0030761855461985954	0.002850341553224278	7.356859289442408e-05	-3.929445004524634e-05
66	0.0029433153592020034	0.0027289042499010208	-4.135165517071826e-05	-0.00014466846214666873
67	0.0028208635347957145	0.0026172342804411386	-0.00014726155175948108	-0.0002415668899746759
68	0.0027080184289148823	0.0025145507525046185	-0.00024486295947567793	-0.0003306673846199537
69	0.0026040308279746682	0.00242013448753875	-0.00033480376931815936	-0.0004125940377427417
70	0.002508209269485362	0.0023333232537074977	-0.0004176819436297885	-0.0004879215194520947
71	0.002419915694384378	0.0022535073499760916	-0.0004940492728633394	-0.0005571789112711611
72	0.002338561410581308	0.0021801255181880252	-0.0005644148637555801	-0.0006208532543232614
73	0.0022636033479950246	0.002112661161054352	-0.000629248375895175	-0.0006793928319307474
74	0.0021945405861756306	0.002050638845075614	-0.0006889830229447336	-0.0007332102048323019
75	0.002130911136478564	0.001993621068558271	-0.000744018354037812	-0.0007826850162742094
76	0.002072288961659119	0.0019412052759906206	-0.0007947228301302678	-0.0008281665832263752
77	0.0020182812166587016	0.0018930211011576326	-0.0008414362092766803	-0.000869976289043839
78	0.0019685256952460817	0.001848727822445384	-0.00088447175406281	-0.0009084097919342948
79	0.0019226884680888512	0.0018080120148251666	-0.0009241182736436926	-0.0009437390627023978
80	0.001880461698663849	0.0017705853840128682	-0.0009606420121031078	-0.0009762142643738869
81	0.001841561624282284	0.0017361827692597975	-0.0009942883941237435	-0.0010060654854425755
82	0.0018057266902971048	0.0017045603021389466	-0.001025283638265706	-0.0010335043377253106
83	0.0017727158263403098	0.001675493709568987	-0.0010538362474834528	-0.0010587254290292947
84	0.0017423068541781994	0.0016487767501248696	-0.001080138385877616	-0.0010819077201333904
85	0.0017142950174620086	0.0016242197734772645	-0.0011043671500674535	-0.0011032157749091276
86	0.0016884916243372627	0.001601648393510624	-0.0011266857430028976	-0.0011228009117780768
87	0.0016647227944801557	0.0015809022663740846	-0.001147244557496263	-0.0011408022641060667
88	0.0016428283027334345	0.0015618339653384883	-0.001166182176231767	-0.0011573477565738344
89	0.0016226605120673865	0.0015443079449605213	-0.0011836262945474907	-0.001172555004054776
90	0.0016040833891139972	0.001528199587577661	-0.0011996945718222296	-0.0011865321390306383
91	0.0015869715959999642	0.001513394325718176	-0.001214495416882344	-0.0011993785731347906
92	0.001571209652683092	0.0014997868344646115	-0.0012281287124542573	-0.0012111856979857283
93	0.0015566911643918324	0.001487280288279491	-0.0012406864833109932	-0.0012220375300777686
94	0.0015433181091989434	0.0014757856772142919	-0.0012522535124260825	-0.0012320113041425218
95	0.0015310001810990848	0.001465221177812004	-0.0012629079091242001	-0.0012411780190413335
96	0.0015196541843324196	0.0014555115743817293	-0.0012727216329210256	-0.001249602939954908
97	0.0015092034749879524	0.001446587726646964	-0.001281760976466928	-0.0012573460603206854
98	0.001499577446252509	0.001438386080092613	-0.0012900870107591667	-0.0012644625267257403
99	0.0014907110539101875	0.0014308482156089042	-0.0012977559955285045	-0.0012710030296937402
100	0.0014825443789814319	0.001423920435308701	-0.0013048197575162845	-0.0012770141630829013
101	0.0014750222246213696	0.0014175533816334074	-0.0013113260391253156	-0.0012825387546013811
102	0.0014680937446034381	0.0014117016870829335	-0.0013173188197425079	-0.0012876161697396027
103	0.0014617121009418144	0.0014063236521352218	-0.0013228386118688817	-0.0012922825912534686
104	0.0014558341483736914	0.0014013809490891482	-0.0013279227340192712	-0.0012965712761429105
105	0.0014504201436104092	0.0013968383497564574	-0.0013326055621957211	-0.001300512791937214
106	0.0014454334774235411	0.0013926634750983657	-0.0013369187616144584	-0.0013041352339427936
107	0.001440840427777479	0.0013888265650368048	-0.0013408915002268706	-0.0013074644249775336
108	0.0014366099323679382	0.0013853002668318126	-0.0013445506454605738	-0.001310524099004784
109	0.0014327133790453805	0.0013820594405205	-0.0013479209454894114	-0.0013133360699497665
110	0.0014291244127181413	0.001379080980059344	-0.0013510251962463027	-0.0013159203869019809
111	0.0014258187574524017	0.0013763436488978265	-0.0013538843953004864	-0.0013182954767849697
112	0.0014227740525692978	0.0013738279288260102	-0.0013565178836213443	-0.0013204782755169564
113	0.0014199697016444857	0.0013715158810285732	-0.001358943476184482	-0.0013224843485714066
114	0.0014173867333988621	0.0013693910183573132	-0.0013611775822941485	-0.001324328001810593
115	0.0014150076735408579	0.0013674381879229536	-0.0013632353164314548	-0.0013260223833581053
116	0.001412816426709318	0.0013656434631739156	-0.001365130600371578	-0.0013275795772458299
117	0.001410798167710614	0.0013639940446942278	-0.0013668762572499604	-0.0013290106894899845
118	0.0014089392413308977	0.0013624781690183552	-0.0013684840982274293	-0.0013303259272122725
119	0.0014072270700422607	0.001361085024819797	-0.001369965002314344	-0.0013315346713669296
120	0.001405650068985076	0.001359804675872045	-0.0013713289899103254	-0.001332645543582034
121	0.001404197567647092	0.0013586279902404463	-0.0013725852905437375	-0.0013336664676053545
122	0.0014028597377273577	0.0013575465751992644	-0.0013737424052701064	-0.001334604725774624
123	0.0014016275266762745	0.0013565527174105307	-0.0013748081641542509	-0.0013354670109224642
124	0.0014004925964866688	0.001355639327944913	-0.0013757897792127105	-0.001336259474085666
125	0.0013994472673051206	0.0013547998917451398	-0.0013766938931890627	-0.0013369877683515607
126	0.0013984844654958417	0.0013540284211820408	-0.0013775266244755446	-0.0013376570891623363
127	0.0013975976757965025	0.0013533194133640292	-0.0013782936084953956	-0.0013382722113532974
128	0.0013967808972539242	0.0013526678109020418	-0.0013790000358182564	-0.0013388375231984107
129	0.0013960286026284408	0.0013520689658499396	-0.001379650687268752	-0.0013393570577002745
130	0.0013953357010102474	0.0013515186065619078	-0.001380249966270286	-0.0013398345213465612
131	0.0013946975033757303	0.0013510128072302674	-0.0013808019286261075	-0.00134027332054254
132	0.0013941096908709483	0.0013505479598916459	-0.0013813103099649116	-0.0013406765859012015
133	0.0013935682855894527	0.0013501207486956712	-0.001381778551005075	-0.0013410471945702884
134	0.0013930696236614803	0.0013497281262578875	-0.0013822098208400302	-0.001341387790750992
135	0.0013926103304661153	0.0013493672919261401	-0.0013826070383746725	-0.0013417008045558676
136	0.0013921872977954441	0.00134903567180511	-0.0013829728920761175	-0.001341988469340416
137	0.0013917976628281536	0.0013487309003987757	-0.0013833098581653713	-0.001342252837634783
138	0.0013914387887561386	0.001348450803739576	-0.0013836202173698187	-0.001342495795779608
139	0.0013911082469444391	0.0013481933838807025	-0.0013839060703575434	-0.0013427190773831477
140	0.0013908038004950551	0.0013479568046464996	-0.0013841693519501819	-0.0013429242756866078
141	0.0013905233891122748	0.0013477393785330527	-0.0013844118442166709	-0.0013431128549274973
142	0.0013902651151624923	0.0013475395546730384	-0.001384635188531269	-0.0013432861607856061
143	0.0013900272308285944	0.001347355907773018	-0.0013848408966810055	-0.001343445429981771
144	0.0013898081262866402	0.0013471871279446823	-0.0013850303610971615	-0.001343591799098598
145	0.0013896063188104657	0.0013470320113626588	-0.0013852048642757353	-0.0013437263126893084
146	0.0013894204427359336	0.0013468894516761587	-0.001385365587458165	-0.001343849930728891
147	0.0013892492402213241	0.0013467584321160686	-0.001385513618625378	-0.0013439635354626223
148	0.0013890915527342562	0.0013466380182429738	-0.0013856499598589034	-0.0013440679376978126
149	0.001388946313210515	0.001346527351281157	-0.0013857755341256661	-0.001344163882590843
150	0.001388812538834383	0.0013464256419898346	-0.0013858911915183292	-0.0013442520549603598
151	0.0013886893243846288	0.0013463321650373228	-0.0013859977150172398	-0.0013443330841749201
152	0.0013885758361112943	0.0013462462538204045	-0.00138609582577931	-0.0013444075486401807
153	0.001388471306090655	0.0013461672957159054	-0.0013861861880272164	-0.0013444759799281503
154	0.0013883750270300421	0.0013460947277034174	-0.0013862694135402531	-0.0013445388665677127
155	0.0013882863474792284	0.00134602803235373	-0.0013863460657949078	-0.0013445966575291735
156	0.0013882046674227322	0.0013459667341337855	-0.0013864166637790332	-0.0013446497654299172
157	0.0013881294342180661	0.0013459103960177243	-0.0013864816855060358	-0.001344698569476055
158	0.0013880601388567282	0.001345858616366602	-0.0013865415712467355	-0.0013447434181670381
159	0.0013879963125180694	0.001345811026061794	-0.0013865967265114243	-0.0013447846317843348
160	0.0013879375233967206	0.0013457672858755432	-0.0013866475247935606	-0.0013448225046747142
161	0.0013878833737800411	0.0013457270840477875	-0.001386694310097969	-0.0013448573073507886
162	0.0013878334973567164	0.001345690134062938	-0.0013867373992679788	-0.001344889288420803
163	0.0013877875567378517	0.0013456561726050698	-0.0013867770841329286	-0.0013449186763615506
164	0.0013877452411721336	0.0013456249576812018	-0.0013868136334781456	-0.0013449456811504001
165	0.001387706264443067	0.001345596266891902	-0.0013868472948685984	-0.0013449704957606556
166	0.001387670362933302	0.0013455698958473317	-0.001386878296323002	-0.0013449932975417855
167	0.0013876372938388393	0.0013455456567075252	-0.0013869068478562507	-0.0013450142494795259
168	0.0013876068335265668	0.0013455233768431274	-0.0013869331429026133	-0.0013450335013656112
169	0.0013875787760192493	0.0013455028976021577	-0.0013869573596221318	-0.001345051190860036
170	0.0013875529316037527	0.0013454840731815798	-0.0013869796621106545	-0.0013450674444763777
171	0.0013875291255447397	0.0013454667695820266	-0.001387000201505062	-0.001345082378484519
172	0.0013875071969038366	0.00134545086365645	-0.0013870191170120005	-0.0013450960997386519
173	0.0013874869974493942	0.0013454362422279376	-0.0013870365368441329	-0.0013451087064414446
174	0.001387468390652291	0.0013454228012861336	-0.0013870525790941057	-0.001345120288842483
175	0.001387451250765337	0.0013454104452411686	-0.0013870673525284705	-0.0013451309298841974
176	0.0013874354619675122	0.0013453990862434262	-0.0013870809573275356	-0.0013451407057933906
177	0.0013874209175833707	0.0013453886435583762	-0.0013870934857600492	-0.0013451496866234702
178	0.0013874075193600621	0.0013453790429878154	-0.0013871050228118076	-0.0013451579367551592
179	0.0013873951768025305	0.0013453702163412906	-0.0013871156467569756	-0.0013451655153571274
180	0.0013873838065597832	0.001345362100951264	-0.0013871254296899949	-0.0013451724768057671
181	0.0013873733318628956	0.0013453546392235838	-0.0013871344380135264	-0.0013451788710748813
182	0.0013873636820036506	0.0013453477782285894	-0.0013871427328869812	-0.001345184744092398
183	0.0013873547918572537	0.001345341469322081	-0.0013871503706400778	-0.001345190138065333
184	0.0013873466014392433	0.0013453356677984862	-0.001387157403157424	-0.0013451950917848787
185	0.001387339055503256	0.0013453303325734467	-0.0013871638782247953	-0.0013451996408996303
186	0.0013873321031637742	0.0013453254258870562	-0.001387169839855873	-0.0013452038181730464
187	0.0013873256975538428	0.0013453209130406263	-0.0013871753285891186	-0.0013452076537151525
188	0.0013873197955054373	0.0013453167621418904	-0.001387180381762776	-0.0013452111751964813
189	0.0013873143572599167	0.001345312943882071	-0.001387185033766003	-0.0013452144080486894
190	0.0013873093461973518	0.0013453094313268243	-0.0013871893162733517	-0.0013452173756431929
191	0.0013873047285906104	0.0013453061997203974	-0.0013871932584592628	-0.0013452200994590324
192	0.0013873004733727656	0.0013453032263144316	-0.0013871968871926876	-0.0013452225992365285
193	0.0013872965519315938	0.0013453004902003185	-0.001387200227223162	-0.0013452248931163924
194	0.0013872929379143972	0.0013452979721637615	-0.001387203301345341	-0.0013452269977720643
195	0.0013872896070472596	0.0013452956545462191	-0.0013872061305539862	-0.0013452289285256214
196	0.0013872865369755072	0.0013452935211184514	-0.001387208734186407	-0.001345230699457911
197	0.0013872837071069455	0.001345291556965833	-0.0013872111300528012	-0.0013452323235116914
198	0.0013872810984760786	0.0013452897483818838	-0.00138721333455738	-0.0013452338125793384
199	0.0013872786936153236	0.0013452880827687919	-0.0013872153628095019	-0.0013452351775921079
200	0.0013872764764356615	0.0013452865485498178	-0.001387217228724369	-0.0013452364285947427
201	0.0013872744321197228	0.0013452851350853612	-0.0013872189451211714	-0.0013452375748195244
202	0.0013872725470180924	0.0013452838325972438	-0.0013872205238034674	-0.0013452386247507775
203	0.0013872708085598262	0.0013452826320994316	-0.0013872219756450033	-0.0013452395861854871
204	0.0013872692051671853	0.0013452815253328643	-0.00138722331066099	-0.0013452404662895878
205	0.0013872677261752564	0.0013452805047078353	-0.0013872245380749382	-0.0013452412716496998
206	0.0013872663617627845	0.0013452795632494796	-0.0013872256663829408	-0.0013452420083173156
207	0.0013872651028831173	0.0013452786945468143	-0.0013872267034098495	-0.0013452426818552077
208	0.0013872639412029208	0.0013452778927087738	-0.0013872276563624553	-0.001345243297374621
209	0.0013872628690488886	0.0013452771523204676	-0.0013872285318794475	-0.0013452438595746852
210	0.0013872618793513425	0.0013452764684068752	-0.0013872293360742693	-0.0013452443727717256
211	0.0013872609656010448	0.0013452758363943218	-0.001387230074578305	-0.0013452448409347895
212	0.0013872601218001268	0.0013452752520802802	-0.0013872307525779615	-0.0013452452677099602
213	0.0013872593424272273	0.0013452747116026176	-0.0013872313748515275	-0.0013452456564490012
214	0.0013872586223947492	0.0013452742114112848	-0.0013872319457973736	-0.001345246010231227
215	0.0013872579570175514	0.0013452737482448907	-0.0013872324694693683	-0.0013452463318879282
216	0.001387257341980086	0.0013452733191043897	-0.001387232949598749	-0.0013452466240200245
217	0.0013872567733076435	0.0013452729212349857	-0.0013872333896247646	-0.001345246889018159
218	0.0013872562473402628	0.0013452725521042597	-0.001387233792712772	-0.0013452471290796852
219	0.0013872557607054192	0.0013452722093852953	-0.0013872341617799933	-0.001345247346224543
220	0.001387255310297597	0.0013452718909398031	-0.0013872344995117247	-0.0013452475423070265
221	0.0013872548932565287	0.0013452715948016891	-0.0013872348083828756	-0.0013452477190335488
222	0.00138725450694821	0.0013452713191651755	-0.0013872350906717346	-0.0013452478779714117
223	0.0013872541489455825	0.0013452710623693687	-0.0013872353484768452	-0.0013452480205610184
224	0.0013872538170141002	0.0013452708228894883	-0.0013872355837321049	-0.001345248148125977
225	0.0013872535090954097	0.0013452705993222125	-0.0013872357982173122	-0.0013452482618824257
226	0.0013872532232923618	0.0013452703903805707	-0.0013872359935719336	-0.0013452483629500245
227	0.001387252957860463	0.0013452701948794	-0.0013872361713079817	-0.0013452484523548414
228	0.0013872527111905564	0.0013452700117296823	-0.0013872363328151227	-0.0013452485310415652
229	0.001387252481801271	0.0013452698399325502	-0.0013872364793754421	-0.0013452485998782793
230	0.001387252268328365	0.0013452696785677398	-0.001387236612168108	-0.0013452486596623459
231	0.0013872520695148438	0.0013452695267914816	-0.0013872367322820267	-0.0013452487111272893
232	0.001387251884203744	0.0013452693838267304	-0.0013872368407163993	-0.0013452487549467929
233	0.0013872517113286964	0.001345269248959946	-0.001387236938394265	-0.0013452487917392508
234	0.0013872515499073756	0.0013452691215352086	-0.0013872370261647227	-0.0013452488220739856
235	0.0013872513990365043	0.0013452690009507773	-0.0013872371048099241	-0.001345248846473801
236	0.001387251257882527	0.0013452688866518736	-0.0013872371750506263	-0.001345248865419868
237	0.0013872511256778353	0.0013452687781294603	-0.0013872372375505204	-0.0013452488793528339
238	0.0013872510017162165	0.0013452686749165776	-0.0013872372929198962	-0.0013452488886794844
239	0.001387250885346858	0.001345268576582681	-0.0013872373417223027	-0.0013452488937726326
240	0.001387250775970017	0.0013452684827333083	-0.0013872373844767694	-0.001345248894974893
241	0.001387250673034357	0.0013452683930043063	-0.0013872374216601369	-0.0013452488926013473
242	0.0013872505760305076	0.0013452683070632743	-0.0013872374537127197	-0.0013452488869414303
243	0.0013872504844906208	0.0013452682246023473	-0.001387237481039083	-0.0013452488782615957
244	0.0013872503979827089	0.001345268145340195	-0.001387237504012484	-0.0013452488668060925
245	0.001387250316110089	0.0013452680690181351	-0.0013872375229772027	-0.0013452488527997408
246	0.0013872502385064989	0.001345267995397359	-0.0013872375382495417	-0.0013452488364492643
247	0.0013872501648348745	0.0013452679242599297	-0.0013872375501203793	-0.001345248817944289
248	0.0013872500947844646	0.0013452678554040087	-0.0013872375588587227	-0.0013452487974592309
249	0.0013872500280698308	0.00134526778864541	-0.0013872375647120405	-0.0013452487751544062
250	0.0013872499644278502	0.0013452677238141586	-0.0013872375679082616	-0.0013452487511779188
251	0.001387249903615495	0.001345267660754046	-0.001387237568656663	-0.0013452487256637724
252	0.0013872498454090554	0.0013452675993217422	-0.0013872375671505344	-0.0013452486987380885
253	0.00138724978960314	0.0013452675393857971	-0.0013872375635685108	-0.0013452486705132216
254	0.0013872497360081226	0.0013452674808243081	-0.001387237558073795	-0.0013452486410963083
255	0.0013872496844496984	0.001345267423526364	-0.0013872375508179324	-0.0013452486105824946
256	0.001387249634766663	0.0013452673673899351	-0.001387237541939479	-0.0013452485790613755
257	0.0013872495868113566	0.0013452673123202086	-0.0013872375315673313	-0.0013452485466138864
258	0.0013872495404471108	0.001345267258231475	-0.0013872375198185072	-0.0013452485133159664
259	0.0013872494955482484	0.0013452672050445758	-0.0013872375068023635	-0.0013452484792358943
260	0.0013872494519993062	0.0013452671526852367	-0.0013872374926183761	-0.0013452484444365087
261	0.0013872494096932586	0.0013452671010878436	-0.0013872374773591378	-0.0013452484089769845
262	0.0013872493685325171	0.001345267050189114	-0.0013872374611098026	-0.0013452483729099463
263	0.0013872493284263765	0.0013452669999347577	-0.0013872374439480861	-0.001345248336285687
264	0.001387249289291348	0.001345266950270374	-0.0013872374259459308	-0.0013452482991480608
265	0.0013872492510516032	0.0013452669011494445	-0.001387237407170172	-0.001345248261539811
266	0.001387249213635311	0.0013452668525275602	-0.0013872373876818722	-0.001345248223497686
267	0.0013872491769781892	0.001345266804363976	-0.0013872373675364313	-0.001345248185057768
268	0.0013872491410201748	0.0013452667566224985	-0.001387237346786696	-0.0013452481462530308
269	0.0013872491057059788	0.0013452667092681558	-0.001387237325480628	-0.0013452481071110078
270	0.001387249070984975	0.0013452666622700837	-0.0013872373036607488	-0.001345248067660676
271	0.0013872490368098678	0.0013452666155991944	-0.0013872372813688028	-0.001345248027926238
272	0.0013872490031381357	0.0013452665692286203	-0.0013872372586418713	-0.0013452479879308976
273	0.0013872489699291446	0.0013452665231348249	-0.0013872372355134832	-0.001345247947695638
274	0.0013872489371477004	0.0013452664772947154	-0.0013872372120170562	-0.0013452479072402213
275	0.001387248904759164	0.0013452664316884189	-0.0013872371881799017	-0.0013452478665822998
276	0.0013872488727321164	0.0013452663862962844	-0.0013872371640295533	-0.0013452478257378608
277	0.0013872488410390238	0.0013452663411011034	-0.001387237139591102	-0.0013452477847221145
278	0.001387248809653241	0.001345266296087444	-0.0013872371148867524	-0.0013452477435500487
279	0.0013872487785498988	0.001345266251240318	-0.0013872370899380426	-0.001345247702233543
280	0.001387248747706904	0.0013452662065465137	-0.0013872370647639576	-0.0013452476607833663
281	0.0013872487171044945	0.0013452661619927087	-0.0013872370393821498	-0.0013452476192116203
282	0.0013872486867229084	0.0013452661175685776	-0.0013872370138088286	-0.0013452475775277417
283	0.001387248656544715	0.0013452660732631294	-0.001387236988060092	-0.0013452475357407234
284	0.0013872486265540385	0.0013452660290667051	-0.001387236962148708	-0.001345247493859003
285	0.0013872485967362236	0.001345265984970978	-0.0013872369360881098	-0.0013452474518904634
286	0.0013872485670773926	0.0013452659409669554	-0.001387236909889955	-0.0013452474098415435
287	0.0013872485375652222	0.0013452658970479758	-0.0013872368835650128	-0.0013452473677193488
288	0.0013872485081877217	0.001345265853206823	-0.0013872368571234972	-0.0013452473255293196
289	0.0013872484789344552	0.0013452658094370573	-0.0013872368305740679	-0.0013452472832773399
290	0.0013872484497958748	0.001345265765733239	-0.0013872368039262728	-0.0013452472409686278
291	0.0013872484207626545	0.0013452657220901498	-0.0013872367771866623	-0.001345247198606958
292	0.0013872483918263567	0.0013452656785022388	-0.00138723675036323	-0.0013452471561973267
293	0.0013872483629794319	0.001345265634965509	-0.001387236723462415	-0.0013452471137430644
294	0.0013872483342154407	0.0013452655914751865	-0.0013872366964908789	-0.001345247071248834
295	0.0013872483055270557	0.00134526554802894	-0.0013872366694531735	-0.001345247028716745
296	0.0013872482769085037	0.0013452655046215511	-0.001387236642355183	-0.0013452469861502392
297	0.0013872482483542337	0.0013452654612512438	-0.0013872366152015703	-0.001345246943551981
298	0.0013872482198594716	0.0013452654179141321	-0.0013872365879968873	-0.001345246900925412
299	0.0013872481914189994	0.0013452653746075516	-0.0013872365607441317	-0.0013452468582708654
300	0.0013872481630288203	0.0013452653313290597	-0.0013872365334486325	-0.0013452468155927821
