0.6366398644508651 0.5854825422746737 0.5722460940045212 0.5854825422746676 0.6366398644508628
0.8149382283487122 0.7504010322967705 0.7325845035033479 0.7504010322967641 0.8149382283487077
0.9717306673013169 0.898471409462883 0.8782660176745732 0.8984714094628746 0.9717306673013125
1.1238604869399933 1.0441546870903227 1.0228406464923716 1.044154687090316 1.1238604869399873
1.2780029928396275 1.193019935499671 1.1713534718152436 1.1930199354996638 1.2780029928396226
1.4377905472914365 1.3480933930398213 1.3265148120800268 1.3480933930398113 1.437790547291431
1.6055358108305855 1.5113455395374178 1.4901039645216354 1.511345539537408 1.6055358108305788
1.7828419685788828 1.6841935837270827 1.6634225232183566 1.6841935837270714 1.7828419685788741
1.9708607889116856 1.8677018062885327 1.8474651296010896 1.8677018062885202 1.9708607889116778
2.1704092784881652 2.0626650619109137 2.0429851310960037 2.062665061910902 2.170409278488157
2.382020808399774 2.2696399708798043 2.2505149673092197 2.269639970879789 2.382020808399765
2.60596355110914 2.4889507048194996 2.4703653648075696 2.4889507048194845 2.605963551109129
2.8422427121063563 2.7206825040428564 2.702614796594342 2.7206825040428413 2.8422427121063447
3.0905960077519916 2.964670429487506 2.9470957077197717 2.9646704294874873 3.090596007751976
3.350488489568776 3.2204883178779955 3.2033818761136863 3.2204883178779746 3.350488489568761
3.621111005301016 3.487441612159475 3.470780219335365 3.4874416121594507 3.621111005300998
3.9013854046381704 3.764566904335236 3.7483296653180074 3.7645669043352092 3.901385404638145
4.189978623936664 4.050640303674631 4.034809067066011 4.050640303674602 4.189978623936642
4.4853268332286405 4.344195973187238 4.328755423962785 4.344195973187205 4.485326833228614
4.785669841886865 4.64355531201048 4.62849283984551 4.643555312010444 4.785669841886842
5.08909495767901 4.946866321818724 4.932171728830489 4.946866321818686 5.0890949576789835
5.393588548221094 5.2521517504479 5.23781684737667 5.252151750447858 5.393588548221061
5.697092758422776 5.557363752411925 5.543381884663129 5.5573637524118755 5.697092758422742
5.997564285601365 5.860442146593469 5.84680768742972 5.860442146593422 5.997564285601333
6.293031874815822 6.159372972454227 6.146080817499934 6.159372972454175 6.293031874815776
6.581649299149213 6.452243998494155 6.4392890920715615 6.452243998494098 6.58164929914917
6.86174101326371 6.737294124149298 6.72467104306131 6.737294124149234 6.861741013263672
7.131838348388835 7.012954193995687 7.000656808112642 7.01295419399562 7.131838348388801
7.3907049552305555 7.277877526401743 7.265898748179976 7.277877526401673 7.390704955230515
7.637351086365419 7.530959339868778 7.519290967395096 7.530959339868707 7.637351086365362
7.871037135614924 7.771345128295562 7.759977779364446 7.771345128295487 7.871037135614869
8.09126753485532 7.998428795653255 7.9873519244050115 7.9984287956531785 8.091267534855259
8.297776596740764 8.211841943752242 8.201043926987964 8.211841943752153 8.297776596740695
8.490508167056811 8.41143608063806 8.400904358280147 8.411436080637978 8.49050816705675
8.669591024975364 8.597259680967966 8.586980934206059 8.597259680967875 8.669591024975302
8.835311877061367 8.769532008600113 8.759492359809311 8.769532008600017 8.835311877061297
8.9880875769276 8.928615446987873 8.918800667168984 8.928615446987774 8.988087576927517
9.128437914975228 9.07498782279926 9.065383534667603 9.074987822799171 9.128437914975157
9.256960005324995 9.209215898928273 9.199807766487753 9.209215898928164 9.256960005324931
9.374304984798021 9.331930894106813 9.322704792273461 9.331930894106703 9.374304984797952
9.48115745624956 9.443806587142582 9.434748747493378 9.443806587142463 9.481157456249496
9.578217870216006 9.545540303444747 9.536637434318276 9.545540303444636 9.578217870215937
9.666187850699533 9.637836869635544 9.629076250531071 9.637836869635434 9.666187850699462
9.745758332568048 9.721395460924787 9.712765012427012 9.721395460924684 9.745758332567963
9.817600284830416 9.796899152566482 9.788387483895765 9.796899152566372 9.817600284830343
9.882357738975694 9.86500691497526 9.856603351785619 9.865006914975135 9.88235773897562
9.940642816803742 9.926347754339936 9.918042349625864 9.926347754339826 9.940642816803662
9.99303245008048 9.981516688983158 9.973300219980288 9.981516688983035 9.993032450080404
10.040066498087947 10.031072259001634 10.022936212838093 10.031072259001512 10.040066498087869
10.08224699299669 10.075535286623122 10.067471837250753 10.075535286623019 10.082246992996621
10.120038272455961 10.115388632160741 10.10739061081199 10.115388632160617 10.120038272455888
10.153867790497527 10.151077721544887 10.143138582654405 10.151077721544771 10.15386779049745
10.184127429400464 10.183011653344654 10.17512543756737 10.183011653344536 10.184127429400384
10.211175164990292 10.211564724025212 10.203726019692212 10.211564724025106 10.211175164990195
10.235336965011076 10.237078238719553 10.229282142807062 10.237078238719429 10.235336965010994
10.256908824243386 10.259862500350655 10.252104579802925 10.259862500350538 10.256908824243308
10.276158860808854 10.280198892255838 10.272475146299113 10.280198892255724 10.276158860808772
10.293329415693188 10.298341988530302 10.290648812444703 10.298341988530177 10.293329415693115
10.308639112154335 10.314521642299265 10.306855792972842 10.314521642299134 10.30863911215424
10.322284843662985 10.32894501531279 10.32130357878705 10.32894501531267 10.322284843662922
10.334443668678778 10.341798522960342 10.334178884084928 10.341798522960215 10.334443668678711
10.34527459822412 10.353249677354443 10.34564949159685 10.35324967735432 10.345274598224036
10.354920268199802 10.363448817860471 10.355865985261813 10.363448817860352 10.35492026819972
10.36350849297106 10.372530723651547 10.364963364878953 10.372530723651415 10.363508492970976
10.371153700197041 10.380616106813969 10.37306254123077 10.380616106813843 10.37115370019695
10.377958249400116 10.387812987454774 10.38027171310972 10.38781298745465 10.377958249400038
10.384013638558091 10.394217954370188 10.386687629794078 10.394217954370072 10.384013638558006
10.389401604210601 10.399917316292699 10.392396743983998 10.399917316292585 10.389401604210523
10.394195121329618 10.404988149685826 10.39747626116388 10.404988149685698 10.394195121329556
10.398459309616692 10.409499249616617 10.401995091921815 10.409499249616486 10.398459309616607
10.40225225304402 10.413511990499131 10.406014714022138 10.413511990499016 10.402252253043951
10.405625739419394 10.417081103545234 10.409589951072098 10.417081103545105 10.405625739419316
10.408625926578937 10.420255377639906 10.41276967450579 10.420255377639794 10.40862592657884
10.411293941543107 10.423078290127657 10.415597435377707 10.423078290127524 10.411293941543029
10.41366641863744 10.425588573686328 10.41811203215 10.4255885736862 10.413666418637352
10.415775982209189 10.427820725109513 10.420348020300365 10.427820725109383 10.415775982209086
10.417651679182622 10.429805461433357 10.422336169194494 10.429805461433242 10.417651679182553
10.419319366301327 10.43157012845088 10.424103871271463 10.431570128450751 10.419319366301234
10.420802056516308 10.433139066261976 10.425675508198134 10.433139066261857 10.42080205651624
10.42212022860471 10.434533936125364 10.42707277826337 10.43453393612523 10.42212022860463
10.423292103742295 10.435774012508565 10.428314988915062 10.43577401250845 10.423292103742218
10.424333892416655 10.436876443884822 10.429419317993096 10.436876443884689 10.424333892416561
10.42526001474991 10.437856485496047 10.43040104688331 10.437856485495914 10.425260014749842
10.426083297007128 10.438727706998199 10.43127376851205 10.438727706998083 10.426083297007052
10.426815146794608 10.439502177621183 10.43204957281888 10.439502177621057 10.426815146794517
10.427465709204872 10.440190631217549 10.432739212084321 10.440190631217414 10.42746570920477
10.428044005936782 10.440802613336045 10.433352248252698 10.440802613335913 10.428044005936682
10.428558059213273 10.441346612239359 10.433897184172462 10.441346612239235 10.428558059213188
10.429015002130852 10.441830175589027 10.434381580479501 10.44183017558889 10.429015002130768
10.429421176905207 10.442260014341427 10.434812159670173 10.442260014341304 10.429421176905121
10.429782222323952 10.442642095238165 10.435194898749424 10.442642095238039 10.429782222323865
10.430103151578757 10.442981723127735 10.435535111692994 10.442981723127595 10.430103151578688
10.43038842152498 10.443283614225026 10.435837522832275 10.4432836142249 10.4303884215249
10.430641994304203 10.443551961297018 10.436106332151418 10.443551961296887 10.430641994304125
10.430867392166055 10.443790491656992 10.436345273380905 10.443790491656866 10.430867392165979
10.431067746233932 10.444002518755052 10.4365576656765 10.44400251875493 10.431067746233872
10.43124583988016 10.444190988067469 10.436746459587269 10.444190988067337 10.431245839880074
10.431404147302684 10.4443585179112 10.436914277940163 10.444358517911073 10.431404147302617
10.431544867832285 10.44450743574213 10.437063452200546 10.444507435741999 10.431544867832203
10.431669956440095 10.444639810434365 10.43719605480688 10.44463981043423 10.43166995644
10.431781150865216 10.44475748098383 10.437313927923839 10.444757480983709 10.43178115086513
10.431879995735486 10.444862082031046 10.437418709008666 10.444862082030927 10.43187999573541
10.431967864013531 10.444955066554142 10.437511853543485 10.444955066554014 10.43196786401344
10.432045976064135 10.445037726045253 10.43759465524626 10.445037726045124 10.432045976064025
10.432115416605921 10.44511120844859 10.437668264039738 10.44511120844847 10.432115416605846
10.43217714978208 10.445176534107986 10.43773370202646 10.44517653410785 10.432177149781985
10.432232032557641 10.445234609944269 10.437791877690572 10.44523460994415 10.432232032557563
10.432280826629748 10.445286242058835 10.437843598523028 10.445286242058707 10.432280826629675
10.432324209015006 10.445332146937547 10.437889582244836 10.445332146937409 10.432324209014931
10.432362781461059 10.445372961410497 10.437930466783962 10.445372961410381 10.432362781460974
10.43239707881273 10.44540925150547 10.437966819143977 10.445409251505348 10.432397078812624
10.432427576448564 10.445441520317694 10.43799914328755 10.445441520317583 10.432427576448472
10.432454696891366 10.44547021500558 10.438027887143916 10.445470215005447 10.432454696891282
10.432478815683897 10.445495733008682 10.438053448837996 10.445495733008565 10.432478815683835
10.432500266611841 10.44551842757519 10.438076182226947 10.445518427575056 10.432500266611749
10.432519346345995 10.445538612674639 10.438096401821694 10.445538612674508 10.43251934634591
10.432536318568909 10.445556567364957 10.438114387161326 10.445556567364852 10.432536318568825
10.432551417642442 10.445572539674005 10.438130386701335 10.445572539673876 10.432551417642376
10.43256485186799 10.445586750049484 10.438144621269558 10.445586750049353 10.4325648518679
10.432576806383844 10.445599394425653 10.438157287138127 10.445599394425543 10.432576806383766
10.43258744574097 10.445610646948962 10.438168558753706 10.44561064694883 10.432587445740893
10.432596916192031 10.44562066240052 10.438178591164343 10.4456206624004 10.432596916191935
10.432605347726017 10.445629578349607 10.438187522176529 10.44562957834948 10.432605347725932
10.432612855876878 10.445637517067382 10.438195474272257 10.44563751706725 10.432612855876798
10.432619543330711 10.445644587228085 10.438202556313168 10.445644587227962 10.43261954333062
10.432625501354476 10.445650885420953 10.438208865055055 10.445650885420825 10.432625501354398
10.432630811065875 10.445656497494092 10.43821448649404 10.445656497493955 10.432630811065804
10.432635544561899 10.445661499748818 10.438219497063038 10.445661499748688 10.43263554456181
10.432639765921893 10.445665960001374 10.438223964695215 10.445665960001254 10.4326397659218
10.432643532099231 10.44566993852646 10.438227949769214 10.445669938526324 10.43264353209915
10.432646893713727 10.445673488895789 10.43823150594915 10.44567348889567 10.43264689371367
10.432649895755983 10.445676658723652 10.438234680931386 10.44567665872353 10.4326498957559
10.432652578213226 10.445679490329221 10.43823751710809 10.445679490329107 10.432652578213128
10.432654976625871 10.445682021325545 10.438240052157147 10.445682021325421 10.432654976625795
10.43265712258203 10.445684285142795 10.438242319566408 10.445684285142663 10.432657122581954
10.43265904415693 10.445686311493468 10.438244349099593 10.445686311493336 10.432659044156852
10.432660766303615 10.445688126785809 10.438246167210503 10.445688126785685 10.432660766303552
10.432662311200211 10.445689754491282 10.438247797411048 10.445689754491157 10.432662311200144
10.432663698558382 10.445691215471115 10.438249260598452 10.445691215471 10.432663698558313
10.432664945897773 10.445692528266619 10.438250575345972 10.44569252826649 10.432664945897686
10.432666068789635 10.44569370935715 10.43825175816142 10.445693709357023 10.432666068789562
10.432667081073635 10.445694773389409 10.438252823716729 10.445694773389285 10.432667081073546
10.432667995050274 10.445695733381308 10.43825378505227 10.445695733381191 10.4326679950502
10.43266882165224 10.445696600903045 10.438254653758172 10.445696600902915 10.432668821652156
10.432669570596323 10.445697386238066 10.438255440135649 10.445697386237947 10.432669570596232
10.432670250518733 10.44569809852627 10.438256153340326 10.445698098526142 10.432670250518665
10.432670869095336 10.445698745891093 10.43825680150969 10.445698745890974 10.432670869095244
10.432671433148263 10.445699335552593 10.438257391876204 10.445699335552467 10.4326714331482
10.432671948741095 10.445699873927884 10.438257930868064 10.445699873927756 10.432671948741008
10.432672421262952 10.445700366720434 10.438258424198583 10.445700366720308 10.432672421262883
10.432672855503748 10.445700818999448 10.438258876945705 10.445700818999315 10.43267285550367
10.432673255720678 10.445701235270397 10.438259293622664 10.445701235270256 10.43267325572059
10.432673625697477 10.445701619537672 10.43825967824077 10.445701619537543 10.432673625697388
10.432673968797081 10.44570197536038 10.438260034365271 10.44570197536026 10.43267396879702
10.432674288008581 10.445702305901815 10.438260365164892 10.445702305901698 10.432674288008467
10.432674585988412 10.445702613973486 10.43826067345597 10.445702613973362 10.432674585988332
10.432674865097812 10.44570290207421 10.438260961741685 10.445702902074078 10.432674865097736
10.432675127435315 10.445703172424937 10.438261232246798 10.44570317242481 10.43267512743523
10.4326753748661 10.445703426999623 10.43826148694867 10.4457034269995 10.432675374866026
10.432675609047942 10.44570366755271 10.438261727604745 10.445703667552579 10.432675609047854
10.432675831454235 10.44570389564352 10.438261955777067 10.445703895643394 10.432675831454135
10.432676043394503 10.445704112658 10.438262172853936 10.445704112657857 10.432676043394418
10.432676246032678 10.445704319827863 10.438262380069249 10.445704319827744 10.432676246032607
10.432676440403261 10.445704518247993 10.438262578519705 10.445704518247862 10.43267644040317
10.43267662742563 10.4457047088914 10.438262769180051 10.445704708891272 10.43267662742556
10.432676807917012 10.445704892622942 10.438262952916599 10.445704892622805 10.432676807916941
10.432676982603725 10.445705070211243 10.438263130499346 10.44570507021114 10.43267698260363
10.432677152131241 10.445705242339551 10.438263302612635 10.445705242339422 10.432677152131161
10.432677317073356 10.44570540961502 10.438263469864724 10.445705409614886 10.432677317073274
10.432677477939981 10.445705572577328 10.438263632796232 10.445705572577197 10.4326774779399
10.43267763518436 10.445705731706145 10.438263791887652 10.445705731706024 10.432677635184294
10.432677789209306 10.4457058874278 10.438263947566016 10.445705887427682 10.432677789209249
10.432677940372914 10.445706040121202 10.438264100210903 10.44570604012107 10.432677940372825
10.4326780889933 10.445706190123113 10.438264250159655 10.445706190122978 10.432678088993221
10.432678235353343 10.445706337732839 10.4382643977121 10.445706337732704 10.432678235353269
10.432678379704388 10.445706483216414 10.438264543134743 10.44570648321629 10.432678379704312
10.43267852226988 10.445706626810313 10.438264686664429 10.445706626810184 10.43267852226981
10.4326786632484 10.445706768724644 10.438264828511677 10.44570676872454 10.432678663248309
10.43267880281638 10.445706909146242 10.438264968863582 10.445706909146105 10.432678802816291
10.432678941130698 10.44570704824106 10.438265107886446 10.445707048240932 10.432678941130629
10.432679078330832 10.445707186156662 10.438265245728061 10.445707186156543 10.432679078330734
10.432679214540602 10.445707323024216 10.438265382519788 10.445707323024084 10.432679214540535
10.432679349870217 10.445707458960234 10.438265518378419 10.445707458960118 10.432679349870137
10.432679484417546 10.445707594068349 10.438265653407683 10.445707594068212 10.43267948441744
10.432679618269521 10.445707728440592 10.438265787699835 10.44570772844048 10.432679618269455
10.432679751503583 10.445707862158853 10.438265921336837 10.445707862158725 10.432679751503478
10.432679884188346 10.44570799529581 10.438266054391557 10.445707995295683 10.432679884188262
10.43268001638496 10.445708127916115 10.43826618692875 10.445708127915998 10.432680016384868
10.432680148147673 10.44570826007725 10.43826631900596 10.445708260077124 10.432680148147586
10.43268027952474 10.44570839183026 10.43826645067435 10.445708391830141 10.432680279524678
10.432680410559113 10.445708523220548 10.438266581979372 10.445708523220421 10.432680410559035
10.432680541288823 10.445708654288426 10.438266712961465 10.445708654288294 10.43268054128875
10.432680671747809 10.445708785069764 10.438266843656503 10.44570878506965 10.432680671747729
10.432680801966137 10.445708915596448 10.438266974096448 10.445708915596317 10.432680801966054
10.432680931970607 10.44570904589676 10.43826710430963 10.445709045896649 10.432680931970514
10.432681061784953 10.445709175995914 10.438267234321307 10.44570917599578 10.432681061784875
10.432681191430367 10.445709305916258 10.438267364153848 10.445709305916134 10.432681191430271
10.432681320925603 10.44570943567767 10.438267493827212 10.445709435677543 10.432681320925514
10.432681450287381 10.445709565297834 10.438267623359081 10.44570956529771 10.4326814502873
10.432681579530522 10.44570969479245 10.43826775276519 10.44570969479234 10.432681579530449
10.432681708668238 10.4457098241755 10.438267882059526 10.44570982417538 10.432681708668179
10.432681837712298 10.445709953459378 10.43826801125453 10.445709953459254 10.4326818377122
10.43268196667303 10.445710082655113 10.43826814036123 10.445710082655001 10.432681966672936
10.432682095559745 10.445710211772525 10.438268269389464 10.445710211772402 10.432682095559656
10.432682224380672 10.445710340820304 10.43826839834795 10.445710340820172 10.432682224380578
10.432682353143122 10.445710469806194 10.438268527244448 10.445710469806064 10.432682353143033
10.432682481853606 10.445710598737096 10.438268656085857 10.445710598736959 10.432682481853526
10.432682610517887 10.445710727619101 10.438268784878284 10.445710727618968 10.432682610517823
10.432682739141148 10.445710856457646 10.438268913627196 10.44571085645752 10.432682739141066
10.432682867727905 10.445710985257596 10.438269042337428 10.445710985257467 10.432682867727818
10.432682996282207 10.445711114023222 10.438269171013271 10.445711114023096 10.432682996282136
10.432683124807717 10.445711242758334 10.438269299658568 10.445711242758211 10.432683124807644
10.432683253307603 10.445711371466347 10.438269428276698 10.445711371466226 10.432683253307518
10.432683381784717 10.44571150015025 10.438269556870683 10.445711500150123 10.432683381784637
10.432683510241594 10.445711628812758 10.43826968544323 10.445711628812626 10.432683510241521
10.432683638680489 10.445711757456207 10.438269813996705 10.445711757456081 10.432683638680407
10.432683767103399 10.445711886082757 10.43826994253324 10.445711886082625 10.432683767103319
10.432683895512117 10.445712014694251 10.438270071054696 10.445712014694132 10.432683895512012
10.432684023908172 10.4457121432924 10.43827019956279 10.445712143292274 10.43268402390809
10.432684152293024 10.445712271878667 10.43827032805896 10.445712271878534 10.432684152292946
10.43268428066789 10.445712400454374 10.43827045654457 10.445712400454246 10.43268428066782
10.432684409033888 10.445712529020682 10.438270585020762 10.445712529020566 10.432684409033817
10.432684537392033 10.445712657578673 10.43827071348862 10.44571265757856 10.432684537391939
10.432684665743167 10.445712786129247 10.438270841949045 10.44571278612913 10.432684665743075
10.432684794088056 10.445712914673242 10.438270970402886 10.445712914673116 10.432684794087985
10.432684922427425 10.445713043211379 10.438271098850839 10.445713043211258 10.432684922427345
10.432685050761895 10.445713171744313 10.438271227293605 10.445713171744183 10.432685050761807
10.432685179091969 10.445713300272612 10.438271355731729 10.445713300272482 10.432685179091889
10.43268530741817 10.445713428796813 10.438271484165732 10.445713428796688 10.432685307418094
10.432685435740929 10.445713557317356 10.438271612596083 10.445713557317232 10.432685435740852
10.432685564060618 10.44571368583464 10.438271741023172 10.445713685834521 10.432685564060536
10.432685692377557 10.445713814349062 10.438271869447384 10.44571381434894 10.432685692377499
10.432685820692111 10.445713942860916 10.438271997869014 10.445713942860792 10.432685820692024
10.432685949004492 10.445714071370492 10.43827212628837 10.445714071370364 10.432685949004412
10.432686077314973 10.445714199878038 10.438272254705703 10.445714199877914 10.432686077314884
10.432686205623726 10.445714328383781 10.438272383121229 10.44571432838366 10.43268620562365
10.432686333931008 10.445714456887925 10.438272511535152 10.445714456887808 10.432686333930913
10.432686462236909 10.445714585390657 10.438272639947638 10.44571458539052 10.432686462236827
10.432686590541637 10.445714713892112 10.438272768358871 10.445714713891995 10.43268659054155
10.432686718845297 10.445714842392466 10.438272896768991 10.445714842392345 10.43268671884522
10.432686847148013 10.445714970891805 10.438273025178088 10.445714970891679 10.432686847147933
10.43268697544988 10.445715099390258 10.438273153586323 10.445715099390139 10.432686975449817
10.432687103751032 10.445715227887936 10.438273281993744 10.445715227887808 10.432687103750961
10.432687232051535 10.445715356384905 10.43827341040047 10.445715356384776 10.432687232051439
10.432687360351395 10.44571548488125 10.438273538806596 10.445715484881129 10.432687360351327
10.432687488650785 10.445715613377065 10.438273667212142 10.445715613376922 10.432687488650698
10.432687616949673 10.445715741872355 10.438273795617212 10.44571574187223 10.432687616949593
10.43268774524816 10.445715870367222 10.438273924021837 10.445715870367092 10.432687745248083
10.432687873546307 10.445715998861703 10.438274052426072 10.445715998861566 10.432687873546218
10.43268800184407 10.445716127355825 10.438274180829964 10.445716127355706 10.43268800184401
10.432688130141607 10.445716255849652 10.438274309233542 10.445716255849538 10.432688130141528
10.432688258438855 10.445716384343214 10.438274437636853 10.445716384343093 10.432688258438766
10.432688386735888 10.445716512836533 10.438274566039931 10.4457165128364 10.4326883867358
10.432688515032691 10.445716641329632 10.43827469444278 10.445716641329511 10.432688515032625
10.432688643329346 10.445716769822548 10.43827482284545 10.445716769822424 10.432688643329275
10.432688771625847 10.445716898315297 10.438274951247962 10.445716898315172 10.432688771625754
10.432688899922173 10.445717026807893 10.438275079650314 10.445717026807769 10.432688899922095
10.432689028218398 10.44571715530036 10.438275208052522 10.445717155300228 10.432689028218327
10.432689156514519 10.445717283792703 10.438275336454621 10.445717283792565 10.43268915651443
10.43268928481052 10.445717412284948 10.438275464856613 10.445717412284807 10.43268928481043
10.432689413106432 10.445717540777077 10.438275593258501 10.445717540776952 10.432689413106361
10.432689541402278 10.445717669269147 10.438275721660323 10.44571766926901 10.4326895414022
10.432689669698062 10.44571779776114 10.438275850062064 10.445717797761013 10.432689669697972
10.432689797993765 10.445717926253065 10.438275978463754 10.445717926252936 10.432689797993683
10.432689926289445 10.44571805474493 10.438276106865366 10.445718054744797 10.432689926289344
10.432690054585054 10.445718183236753 10.43827623526693 10.445718183236618 10.432690054584961
10.432690182880622 10.445718311728521 10.438276363668473 10.44571831172839 10.43269018288053
10.432690311176133 10.44571844022026 10.438276492069948 10.445718440220126 10.432690311176064
10.432690439471658 10.445718568711952 10.438276620471402 10.445718568711813 10.432690439471555
10.432690567767093 10.445718697203622 10.438276748872807 10.445718697203485 10.43269056776702
10.432690696062537 10.445718825695254 10.438276877274205 10.445718825695119 10.432690696062462
10.432690824357953 10.445718954186868 10.438277005675568 10.445718954186733 10.432690824357874
10.432690952653346 10.445719082678453 10.438277134076912 10.445719082678329 10.432690952653285
10.432691080948747 10.445719211170038 10.438277262478243 10.445719211169907 10.432691080948665
10.432691209244105 10.445719339661586 10.438277390879541 10.445719339661466 10.432691209244034
10.432691337539456 10.445719468153133 10.43827751928084 10.445719468153001 10.432691337539374
10.432691465834788 10.445719596644663 10.43827764768212 10.445719596644532 10.432691465834717
10.432691594130134 10.445719725136174 10.438277776083389 10.445719725136051 10.432691594130045
10.43269172242545 10.445719853627681 10.438277904484655 10.445719853627557 10.432691722425371
10.432691850720747 10.44571998211919 10.4382780328859 10.445719982119053 10.432691850720676
10.432691979016058 10.44572011061067 10.438278161287153 10.445720110610548 10.432691979015983
10.432692107311354 10.44572023910215 10.438278289688382 10.445720239102034 10.432692107311274
10.432692235606654 10.445720367593642 10.438278418089615 10.445720367593509 10.43269223560657
10.432692363901934 10.445720496085098 10.43827854649084 10.445720496084984 10.432692363901856
10.432692492197225 10.445720624576587 10.438278674892052 10.445720624576449 10.432692492197138
10.432692620492507 10.445720753068043 10.438278803293283 10.445720753067915 10.432692620492423
10.43269274878779 10.44572088155951 10.438278931694505 10.445720881559385 10.432692748787707
10.43269287708306 10.445721010050976 10.438279060095718 10.445721010050855 10.432692877082985
10.432693005378333 10.445721138542426 10.438279188496933 10.445721138542313 10.43269300537826
10.432693133673625 10.44572126703389 10.43827931689813 10.445721267033768 10.432693133673535
10.432693261968897 10.445721395525362 10.43827944529935 10.445721395525226 10.432693261968819
10.432693390264165 10.44572152401681 10.438279573700568 10.445721524016692 10.432693390264086
10.432693518559454 10.445721652508285 10.438279702101779 10.445721652508151 10.43269351855936
10.43269364685473 10.445721780999738 10.438279830502996 10.445721780999616 10.432693646854641
10.432693775150007 10.445721909491198 10.43827995890421 10.445721909491072 10.432693775149904
10.432693903445257 10.445722037982655 10.438280087305406 10.445722037982524 10.432693903445182
10.432694031740532 10.4457221664741 10.438280215706623 10.445722166473985 10.43269403174045
10.432694160035803 10.445722294965572 10.438280344107834 10.445722294965448 10.432694160035728
10.432694288331078 10.445722423457022 10.43828047250904 10.445722423456896 10.432694288331
10.432694416626358 10.445722551948482 10.438280600910241 10.445722551948348 10.432694416626267
