0.568769178925957 0.5047606420808824 0.5005033348381365 0.5005033348381368 0.504760642080881 0.5687691789259557
0.7077019304172824 0.6266681890483916 0.6173176081119681 0.6173176081119688 0.62666818904839 0.7077019304172801
0.8221208645547052 0.730044991077941 0.7158448421461349 0.7158448421461355 0.7300449910779385 0.822120864554704
0.9262995345717447 0.8266115255779586 0.808132848200863 0.8081328482008636 0.8266115255779553 0.9262995345717433
1.0256810238436032 0.9206361062770879 0.8985032388771905 0.8985032388771914 0.9206361062770855 1.0256810238436012
1.1231419452135916 1.0142914336707978 0.9890834877000404 0.989083487700042 1.014291433670794 1.1231419452135893
1.2204776437379663 1.1089040973097233 1.0811231018017058 1.081123101801706 1.1089040973097197 1.2204776437379636
1.3189244484358718 1.2053836856149036 1.1754500402067858 1.1754500402067873 1.2053836856148987 1.318924448435869
1.4193890635514195 1.3044047409577828 1.272663566219393 1.2726635662193937 1.3044047409577773 1.419389063551417
1.522565255763883 1.4064950907207212 1.3732263017536073 1.373226301753608 1.4064950907207159 1.5225652557638798
1.6289994667196908 1.5120828403393172 1.4775118062114123 1.4775118062114136 1.5120828403393105 1.6289994667196857
1.7391302458912534 1.6215229368686384 1.5858304210337344 1.5858304210337355 1.6215229368686306 1.7391302458912508
1.8533129321957933 1.7351127116857188 1.698443630253858 1.6984436302538586 1.7351127116857108 1.8533129321957909
1.9718354065426014 1.8531010477758638 1.8155719632761558 1.8155719632761562 1.8531010477758543 1.9718354065425991
2.0949281495145247 1.9756936498770035 1.9373990806473114 1.937399080647312 1.9756936498769935 2.0949281495145216
2.2227705356306164 2.1030558334696576 2.0640735177056593 2.0640735177056606 2.1030558334696474 2.222770535630612
2.355494590451819 2.2353136956008797 2.195708959753681 2.195708959753682 2.235313695600868 2.355494590451812
2.493187031547123 2.372554228135304 2.3323835987821537 2.332383598782156 2.3725542281352925 2.4931870315471167
2.635890169850405 2.5148247617373043 2.474138941457463 2.474138941457465 2.51482476173729 2.6358901698503994
2.7836020943494675 2.662132027072585 2.6209783345805375 2.6209783345805397 2.66213202707257 2.7836020943494604
2.936276462935872 2.8144410572137395 2.7728654129554853 2.772865412955489 2.814441057213725 2.9362764629358655
3.093822154338931 2.971674114917085 2.9297226367369893 2.929722636736992 2.971674114917066 3.0938221543389215
3.2561029876408054 3.133709800440338 3.0914300601523537 3.0914300601523577 3.1337098004403177 3.2561029876407974
3.4229376789818624 3.3003824739639978 3.257824454687962 3.257824454687963 3.3003824739639755 3.4229376789818553
3.5941001746230548 3.4714821077899747 3.428698893536286 3.4286988935362896 3.47148210778995 3.5941001746230454
3.7693204722494023 3.646754665024233 3.6038028879498265 3.603802887949831 3.646754665024208 3.769320472249391
3.948286016214297 3.825903082026947 3.78284314873678 3.782843148736784 3.8259030820269193 3.9482860162142837
4.130643726161721 4.008588910816099 3.965485026736804 3.9654850267368102 4.008588910816068 4.1306437261617095
4.316002691623674 4.194434654641313 4.151354664535903 4.1513546645359085 4.194434654641282 4.31600269162366
4.503937537803934 4.383026805329856 4.3400418681451285 4.340041868145137 4.383026805329821 4.503937537803919
4.693992440276813 4.5739195653238784 4.53110368245935 4.5311036824593565 4.573919565323842 4.693992440276792
4.885685739510084 4.766639211430579 4.724068628888871 4.724068628888877 4.766639211430539 4.885685739510059
5.078515080932223 4.960689032242303 4.9184415386784925 4.9184415386785005 4.9606890322422545 5.078515080932204
5.271962983768007 5.155554748102127 5.113708892266409 5.113708892266419 5.155554748102079 5.271962983767989
5.465502723113604 5.350710302545044 5.309344554773105 5.309344554773114 5.350710302544996 5.4655027231135875
5.658604395643994 5.5456238983897554 5.504815781443902 5.5048157814439165 5.545623898389705 5.658604395643976
5.850741030660161 5.739764140955534 5.69958935551262 5.699589355512634 5.7397641409554785 5.850741030660139
6.04139460532606 5.932606145822619 5.893137715155644 5.893137715155657 5.932606145822562 6.041394605326035
6.230061826016934 6.123637469410542 6.084944926293328 6.084944926293348 6.1236374694104825 6.230061826016909
6.416259546456434 6.312363727326472 6.27451236393904 6.27451236393906 6.312363727326405 6.4162595464564065
6.599529707182863 6.498313777500397 6.461363976213496 6.4613639762135096 6.498313777500331 6.599529707182834
6.779443698992949 6.681044361824581 6.6450510213280545 6.645051021328072 6.681044361824511 6.779443698992917
6.95560607428554 6.8601441203511895 6.825156187826638 6.8251561878266545 6.860144120351109 6.955606074285498
7.127657553459713 7.035236914903687 7.001297031008497 7.001297031008515 7.035236914903602 7.127657553459684
7.295277297462356 7.205984422974943 7.1731286824877625 7.173128682487779 7.205984422974861 7.29527729746232
7.458184441033475 7.372087986783223 7.340345814033436 7.340345814033465 7.372087986783134 7.458184441033441
7.6161389030912 7.533289725199475 7.502683860016932 7.502683860016955 7.533289725199383 7.61613890309117
7.768941510153574 7.689372936974322 7.659919523969718 7.659919523969741 7.689372936974227 7.768941510153518
7.916433485052439 7.840161841526402 7.811870613132293 7.811870613132322 7.8401618415263075 7.9164334850524005
8.058495366049852 7.985520717990543 7.958395259902274 7.958395259902305 7.985520717990446 8.05849536604983
8.195045430642544 8.1253525139965 8.099390600461915 8.099390600461945 8.12535251399639 8.195045430642494
8.326037703888687 8.259597002718438 8.234790988511325 8.234790988511357 8.259597002718339 8.32603770388862
8.451459633239564 8.38822857026441 8.36456582608993 8.364565826089967 8.388228570264301 8.45145963323951
8.571329510981126 8.511253715786367 8.488717094239115 8.488717094239147 8.511253715786259 8.571329510981066
8.685693721955683 8.62870834422487 8.607276664168737 8.607276664168767 8.628708344224755 8.685693721955634
8.794623888762638 8.740654926863712 8.720303465142946 8.720303465142981 8.740654926863597 8.79462388876258
8.898213979660703 8.847179598399073 8.82788057903374 8.82788057903378 8.847179598398965 8.898213979660666
8.99657743642834 8.948389251550516 8.930112323936429 8.930112323936468 8.948389251550395 8.996577436428282
9.089844370948278 9.044408681851653 9.027121380903353 9.027121380903397 9.044408681851527 9.089844370948235
9.17815887067707 9.135377826593169 9.119046009175383 9.119046009175428 9.135377826593029 9.178158870676995
9.261676444769419 9.221449133314742 9.20603738665558 9.206037386655614 9.221449133314612 9.261676444769359
9.340561634718746 9.302785085052047 9.288257104081199 9.288257104081241 9.302785085051907 9.340561634718709
9.414985806129293 9.37955590195582 9.365874833638205 9.365874833638255 9.37955590195568 9.414985806129216
9.485125131783338 9.451937432065158 9.439066185789017 9.439066185789056 9.451937432065028 9.485125131783281
9.551158770568188 9.520109238022279 9.508010761943813 9.50801076194385 9.520109238022139 9.551158770568147
9.613267242101287 9.584252881399493 9.572890405344928 9.572890405344973 9.584252881399353 9.613267242101218
9.67163099302061 9.644550402063311 9.633887648148297 9.633887648148338 9.644550402063171 9.671630993020514
9.726429147838989 9.701182986588183 9.69118434914556 9.691184349145608 9.70118298658804 9.726429147838918
9.777838434929642 9.754329817091694 9.744960513812527 9.74496051381257 9.754329817091552 9.777838434929565
9.826032276535555 9.8041670899177 9.795393286322803 9.795393286322847 9.804167089917543 9.82603227653549
9.871180030593377 9.85086719225952 9.84265610174306 9.842656101743108 9.850867192259368 9.871180030593308
9.913446371543808 9.89459802400532 9.886917985742674 9.886917985742729 9.89459802400519 9.913446371543737
9.952990797085397 9.93552245171533 9.928342988719303 9.928342988719347 9.935522451715181 9.952990797085329
9.98996724793635 9.973797881626304 9.967089741179525 9.967089741179562 9.97379788162615 9.98996724793629
10.024523828030972 10.009575938847465 10.003311117447154 10.003311117447199 10.009575938847316 10.024523828030894
10.056802613129273 10.043002240397149 10.03715399523056 10.037153995230613 10.043002240397 10.05680261312919
10.086939536508353 10.074216250373878 10.068759099207194 10.068759099207238 10.074216250373718 10.086939536508268
10.115064341182967 10.103351206309341 10.098260917526142 10.098260917526193 10.103351206309208 10.115064341182897
10.141300588936586 10.130534106571766 10.12578768094606 10.125787680946113 10.130534106571606 10.141300588936518
10.165765717298738 10.155885749543495 10.151461395180648 10.151461395180693 10.155885749543346 10.165765717298648
10.18857113645749 10.179520816160093 10.17539791788933 10.175397917889377 10.179520816159933 10.188571136457423
10.20982235892847 10.201547988245046 10.197707072605473 10.197707072605526 10.201547988244888 10.209822358928374
10.229619155597812 10.2220700958944 10.218492792719658 10.218492792719719 10.222070095894242 10.229619155597728
10.248055732511926 10.24118428794232 10.237853289423429 10.237853289423478 10.241184287942163 10.24805573251183
10.265220923486945 10.258982220267635 10.255881238255762 10.255881238255812 10.258982220267477 10.265220923486858
10.28119839426092 10.275550257376727 10.272663979581111 10.272663979581159 10.275550257376558 10.281198394260837
10.29606685450294 10.290969683317249 10.28828372895612 10.288283728956175 10.290969683317066 10.29606685450288
10.309900274530932 10.3053169185408 10.302817793915747 10.302817793915798 10.305316918540646 10.309900274530856
10.322768104071706 10.318663739840147 10.31633879422646 10.316338794226512 10.318663739839986 10.322768104071644
10.334735490828862 10.331077500941161 10.328914883117905 10.328914883117958 10.33107750094101 10.33473549082879
10.345863497004228 10.342621351734442 10.340609967416384 10.340609967416434 10.342621351734271 10.345863497004137
10.356209312256828 10.353354454487405 10.351483924868658 10.351483924868711 10.353354454487238 10.356209312256752
10.365826461876585 10.363332195691966 10.361592817264148 10.361592817264205 10.363332195691802 10.365826461876496
10.374765009205849 10.372606392474724 10.370989098243072 10.370989098243113 10.372606392474564 10.374765009205797
10.383071751564549 10.38122549273412 10.379721814920583 10.379721814920636 10.38122549273394 10.383071751564463
10.390790409122786 10.389234768372246 10.387836802665745 10.387836802665793 10.389234768372104 10.390790409122713
10.397961806329235 10.396676501163777 10.395376872552516 10.395376872552557 10.396676501163613 10.397961806329112
10.404624045638286 10.403590160950921 10.40238199115234 10.402381991152408 10.403590160950758 10.404624045638188
10.410812673397436 10.410012575980874 10.408889452466541 10.40888945246659 10.410012575980716 10.410812673397363
10.416560837849213 10.415978095303666 10.414934041902956 10.414934041903017 10.415978095303508 10.416560837849133
10.421899439284088 10.421518743236556 10.420548192291887 10.420548192291934 10.421518743236401 10.421899439283996
10.426857272443987 10.42666436597143 10.425762132008252 10.425762132008309 10.426664365971277 10.42685727244391
10.431461161328508 10.431442770458801 10.430604025326948 10.430604025327005 10.431442770458633 10.431461161328453
10.43573608659701 10.435879855747972 10.43510010518537 10.435100105185422 10.43587985574782 10.43573608659692
10.439705305791263 10.439999736998363 10.43927479856423 10.439274798564288 10.439999736998189 10.439705305791186
10.443390466628493 10.443824862403945 10.443150844726134 10.44315084472618 10.443824862403785 10.443390466628413
10.446811713629705 10.447376123293338 10.446749406572224 10.446749406572273 10.447376123293182 10.446811713629641
10.449987788361701 10.450672957680466 10.45009017539177 10.45009017539182 10.4506729576803 10.449987788361632
10.452936123576494 10.453733447550972 10.453191469288928 10.453191469288988 10.4537334475508 10.452936123576434
10.455672931536018 10.456574410172436 10.456070325575778 10.456070325575833 10.456574410172259 10.455672931535947
10.458213286808013 10.459211483718507 10.458742587422176 10.458742587422224 10.459211483718345 10.458213286807952
10.460571203818027 10.461659207494023 10.461222985051071 10.461222985051112 10.461659207493868 10.460571203817972
10.462759709435195 10.463931097044718 10.463525211764269 10.463525211764319 10.463931097044547 10.46275970943513
10.464790910864789 10.46603971442824 10.46566199507726 10.465661995077301 10.466039714428074 10.464790910864721
10.466676059111093 10.467996733916499 10.467645163234575 10.467645163234623 10.46799673391634 10.466676059110995
10.468425608265742 10.469813003389385 10.469485707368596 10.469485707368655 10.469813003389222 10.468425608265678
10.470049270867388 10.471498601671868 10.471193839555019 10.471193839555074 10.471498601671698 10.47004927086729
10.471556069567082 10.473062892055296 10.472779047008501 10.47277904700856 10.473062892055136 10.471556069567011
10.472954385325632 10.47451457223403 10.474250142651517 10.474250142651572 10.474514572233863 10.472954385325554
10.474252002355804 10.475861720877443 10.475615312278698 10.475615312278752 10.475861720877262 10.474252002355732
10.47545615001445 10.477111841047094 10.476882158528554 10.476882158528598 10.477111841046922 10.475456150014372
10.4765735418371 10.478271900658253 10.478057741863555 10.478057741863608 10.47827190065808 10.476573541837034
10.477610411898638 10.479348370173916 10.479148618749239 10.47914861874929 10.479348370173758 10.477610411898548
10.47857254867248 10.480347257710328 10.480160877212661 10.480160877212706 10.480347257710166 10.478572548672364
10.479465326552436 10.48127414172192 10.481100169950517 10.481100169950567 10.481274141721746 10.479465326552338
10.480293735190456 10.482134201424904 10.481971745147614 10.481971745147664 10.48213420142474 10.480293735190386
10.481062406795385 10.482932245108946 10.48278047515686 10.482780475156918 10.482932245108788 10.481062406795298
10.481775641528678 10.483672736477473 10.48353088318314 10.483530883183185 10.483672736477276 10.481775641528591
10.4824374311254 10.484359819148867 10.484227168104818 10.484227168104868 10.484359819148704 10.482437431125348
10.483051480860109 10.484997339442682 10.484873227558182 10.484873227558223 10.484997339442508 10.48305148086001
10.483621229969671 10.485588867566788 10.485472679402722 10.485472679402775 10.48558886756663 10.48362122996957
10.484149870639412 10.486137717314847 10.486028881677333 10.486028881677369 10.486137717314685 10.484149870639323
10.484640365650003 10.486646964375597 10.486544951150654 10.486544951150705 10.486646964375435 10.484640365649916
10.485095464777732 10.487119463349833 10.487023780562248 10.487023780562305 10.487119463349647 10.485095464777654
10.485517720034407 10.487557863563719 10.487468054644724 10.487468054644777 10.487557863563563 10.485517720034322
10.485909499827 10.487964623762371 10.487880265011327 10.487880265011375 10.487964623762204 10.48590949982693
10.486273002112556 10.488342025760781 10.488262723987564 10.48826272398761 10.488342025760634 10.486273002112485
10.486610266617928 10.488692187125409 10.488617577460639 10.488617577460696 10.488692187125235 10.48661026661785
10.486923186190214 10.4890170729536 10.488946816815128 10.488946816815188 10.489017072953416 10.486923186190142
10.487213517338667 10.489318506814397 10.489252290018813 10.489252290018864 10.489318506814236 10.487213517338594
10.487482890024573 10.489598180909509 10.489535711918519 10.489535711918565 10.489598180909338 10.487482890024527
10.487732816752843 10.489857665509026 10.489798673801342 10.489798673801388 10.489857665508858 10.487732816752786
10.487964701013425 10.490098417713444 10.490042652273157 10.490042652273209 10.490098417713288 10.48796470101336
10.48817984511968 10.49032178958939 10.490269017502449 10.490269017502499 10.490321789589233 10.488179845119598
10.4883794574855 10.49052903572315 10.490479040874602 10.490479040874652 10.490529035722979 10.488379457485419
10.488564659381508 10.49072132023356 10.490673902098058 10.490673902098118 10.4907213202334 10.488564659381426
10.488736491207035 10.490899723282576 10.49085469580167 10.490854695801728 10.490899723282398 10.488736491206957
10.488895918312332 10.491065247118858 10.491022437658987 10.491022437659037 10.491065247118692 10.488895918312272
10.48904383640333 10.491218821688253 10.49117807007339 10.491178070073447 10.49121882168808 10.489043836403255
10.489181076557978 10.491361309841208 10.491322467455182 10.491322467455236 10.491361309841025 10.489181076557918
10.489308409882948 10.491493512166691 10.4914564411199 10.491456441119947 10.491493512166521 10.489308409882872
10.48942655183521 10.491616171478553 10.491580743834673 10.491580743834731 10.491616171478391 10.489426551835125
10.489536166233224 10.491729976979611 10.49169607403791 10.491696074037964 10.491729976979448 10.489536166233153
10.48963786897984 10.491835568126376 10.491803079755625 10.491803079755677 10.491835568126216 10.489637868979782
10.489732231517126 10.491933538215692 10.491902362236102 10.49190236223615 10.491933538215534 10.48973223151705
10.489819784032669 10.492024437713498 10.491994479323106 10.491994479323154 10.492024437713326 10.489819784032596
10.489901018435258 10.49210877734379 10.49207994858619 10.492079948586232 10.492108777343626 10.489901018435193
10.489976391116224 10.492187030955542 10.492159250225884 10.492159250225935 10.492187030955385 10.489976391116166
10.490046325511766 10.49225963818285 10.492232829769499 10.492232829769543 10.49225963818268 10.49004632551171
10.490111214480983 10.492327006913547 10.492301100572826 10.492301100572883 10.492327006913374 10.490111214480889
10.490171422512155 10.492389515580122 10.492364446141597 10.492364446141645 10.492389515579957 10.490171422512075
10.49022728777065 10.492447515285459 10.49242322228566 10.492423222285714 10.492447515285287 10.490227287770566
10.49027912399847 10.492501331775166 10.492477759117929 10.492477759117993 10.492501331774992 10.490279123998379
10.49032722227745 10.492551267268079 10.492528362909152 10.492528362909201 10.49255126726791 10.490327222277365
10.49037185266495 10.49259760215448 10.49257531780898 10.492575317809036 10.492597602154305 10.490371852664865
10.490413265711782 10.49264059657199 10.492618887442983 10.492618887443031 10.492640596571832 10.490413265711723
10.490451693870595 10.492680491867825 10.492659316394434 10.492659316394484 10.492680491867652 10.490451693870545
10.490487352802576 10.492717511955403 10.492696831579142 10.492696831579185 10.492717511955233 10.490487352802502
10.490520442589919 10.492751864573288 10.492731643521195 10.492731643521239 10.492751864573117 10.490520442589855
10.490551148860973 10.492783742453154 10.492763947536695 10.49276394753674 10.492783742452971 10.490551148860916
10.490579643833975 10.492813324403517 10.492793924831881 10.492793924831933 10.492813324403354 10.490579643833886
10.490606087285409 10.492840776315322 10.4928217435222 10.492821743522242 10.492840776315127 10.490606087285338
10.490630627448828 10.492866252094704 10.492847559577685 10.492847559577736 10.492866252094526 10.490630627448754
10.490653401848391 10.492889894528783 10.49287151770026 10.492871517700316 10.492889894528622 10.490653401848288
10.490674538072328 10.492911836088737 10.492893752137503 10.492893752137563 10.492911836088567 10.490674538072284
10.490694154491033 10.492932199674767 10.492914387437837 10.49291438743788 10.492932199674602 10.490694154490958
10.490712360922295 10.492951099307653 10.492933539151073 10.492933539151123 10.49295109930748 10.490712360922224
10.490729259249608 10.49296864077003 10.492951314478507 10.492951314478562 10.492968640769876 10.490729259249523
10.490744943995113 10.492984922201579 10.49296781287595 10.492967812875996 10.492984922201416 10.490744943995022
10.490759502851422 10.49300003465108 10.4929831266132 10.492983126613252 10.493000034650917 10.490759502851311
10.49077301717496 10.493014062588705 10.492997341293297 10.492997341293355 10.493014062588534 10.490773017174899
10.490785562443872 10.493027084381277 10.493010536334051 10.493010536334104 10.493027084381106 10.4907855624438
10.490797208682466 10.493039172733168 10.493022785414896 10.493022785414947 10.493039172733011 10.490797208682418
10.49080802085545 10.493050395095494 10.493034156891541 10.493034156891591 10.493050395095322 10.490808020855377
10.49081805923332 10.493060814045503 10.49304471418051 10.493044714180563 10.493060814045329 10.490818059233218
10.490827379731552 10.49307048763882 10.493054516116048 10.493054516116096 10.493070487638649 10.490827379731478
10.490836034225369 10.493079469736088 10.493063617281134 10.49306361728119 10.493079469735937 10.490836034225296
10.490844070841499 10.493087810306092 10.493072068314735 10.493072068314776 10.49308781030593 10.490844070841437
10.49085153422917 10.493095555706907 10.493079916196642 10.493079916196686 10.493095555706745 10.490851534229076
10.490858465811101 10.493102748946795 10.493087204511944 10.493087204511998 10.49310274894663 10.490858465811046
10.490864904017066 10.493109429926282 10.49309397369632 10.493093973696372 10.493109429926118 10.490864904016973
10.490870884499609 10.493115635662658 10.493100261263542 10.493100261263598 10.493115635662498 10.490870884499538
10.490876440335267 10.493121400498357 10.493106102016602 10.493106102016654 10.493121400498186 10.490876440335189
10.490881602210278 10.49312675629414 10.493111528243631 10.49311152824368 10.493126756293973 10.49088160221019
10.490886398593467 10.49313173260857 10.493116569899572 10.493116569899623 10.493131732608397 10.490886398593396
10.490890855896504 10.493136356864168 10.493121254774792 10.49312125477484 10.493136356864008 10.490890855896446
10.490894998622545 10.493140654501936 10.493125608651473 10.493125608651528 10.493140654501769 10.490894998622464
10.490898849503997 10.493144649124408 10.493129655448726 10.493129655448787 10.493144649124243 10.490898849503907
10.490902429630617 10.493148362628592 10.49313341735725 10.493133417357297 10.49314836262842 10.490902429630511
10.490905758568172 10.49315181532915 10.493136914964142 10.49313691496419 10.49315181532897 10.490905758568095
10.490908854468545 10.493155026072714 10.493140167368843 10.493140167368892 10.49315502607254 10.49090885446849
10.490911734171979 10.493158012344065 10.493143192290626 10.493143192290685 10.493158012343901 10.490911734171906
10.490914413301692 10.493160790364497 10.493146006168345 10.493146006168395 10.493160790364325 10.490914413301624
10.490916906351957 10.49316337518303 10.493148624252871 10.493148624252932 10.49316337518286 10.490916906351908
10.490919226769732 10.493165780761228 10.493151060693036 10.493151060693089 10.493165780761062 10.490919226769646
10.490921387030065 10.493168020051785 10.493153328615236 10.49315332861529 10.493168020051627 10.490921387029982
10.490923398706624 10.493170105071354 10.493155440197299 10.493155440197343 10.493170105071185 10.490923398706569
10.490925272536813 10.493172046968207 10.493157406737014 10.493157406737069 10.493172046968047 10.490925272536753
10.49092701848199 10.493173856085036 10.49315923871581 10.493159238715872 10.493173856084862 10.490927018481893
10.490928645783608 10.493175542017083 10.493160945857651 10.493160945857705 10.493175542016917 10.490928645783535
10.490930163015484 10.493177113666285 10.49316253718379 10.493162537183848 10.493177113666118 10.490930163015387
10.490931578131717 10.49317857929118 10.49316402106361 10.493164021063665 10.493178579291031 10.490931578131617
10.490932898511602 10.493179946553598 10.493165405261674 10.49316540526172 10.49317994655345 10.490932898511542
10.49093413100136 10.493181222561683 10.493166696981435 10.49316669698149 10.493181222561521 10.490934131001246
10.490935281952163 10.493182413909839 10.493167902905798 10.493167902905853 10.493182413909686 10.4909352819521
10.49093635725655 10.493183526716054 10.493169029234739 10.493169029234789 10.493183526715887 10.490936357256459
10.490937362380985 10.49318456665608 10.493170081720217 10.493170081720274 10.493184566655923 10.490937362380906
10.490938302397057 10.493185538995604 10.493171065698482 10.49317106569854 10.493185538995442 10.490938302396977
10.490939182009766 10.493186448619738 10.49317198612022 10.49317198612027 10.493186448619584 10.490939182009695
10.490940005584184 10.493187300060619 10.493172847578286 10.493172847578343 10.493187300060454 10.490940005584127
10.490940777169897 10.49318809752284 10.493173654333713 10.493173654333784 10.493188097522673 10.490940777169845
10.49094150052389 10.493188844907136 10.49317441033957 10.493174410339615 10.493188844906973 10.490941500523807
10.490942179131526 10.49318954583241 10.493175119263253 10.4931751192633 10.493189545832248 10.490942179131462
10.490942816226505 10.493190203655992 10.493175784507162 10.493175784507212 10.493190203655832 10.490942816226411
10.490943414808639 10.493190821492634 10.493176409227793 10.493176409227852 10.493190821492467 10.490943414808568
10.490943977661118 10.493191402231979 10.493176996353572 10.493176996353627 10.49319140223181 10.490943977661045
10.490944507365954 10.49319194855486 10.493177548601265 10.493177548601313 10.4931919485547 10.490944507365828
10.490945006318423 10.493192462948393 10.493178068491348 10.493178068491414 10.493192462948222 10.490945006318357
10.490945476741043 10.49319294771992 10.493178558362155 10.49317855836221 10.49319294771975 10.490945476740936
10.490945920695323 10.493193405010096 10.493179020383003 10.493179020383051 10.493193405009931 10.490945920695284
10.490946340094155 10.493193836804855 10.493179456566459 10.49317945656651 10.493193836804693 10.4909463400941
10.490946736711967 10.493194244946622 10.493179868779695 10.493179868779748 10.493194244946446 10.49094673671189
10.490947112195022 10.493194631144666 10.493180258754892 10.493180258754945 10.493194631144503 10.490947112194961
10.490947468070674 10.493194996984782 10.493180628099097 10.493180628099148 10.493194996984599 10.490947468070587
10.490947805755784 10.49319534393808 10.493180978303183 10.493180978303238 10.493195343937924 10.490947805755694
10.490948126564946 10.493195673369462 10.49318131075034 10.493181310750398 10.49319567336931 10.49094812656484
10.490948431717626 10.493195986545153 10.493181626723748 10.493181626723798 10.493195986544986 10.490948431717564
10.490948722345316 10.493196284639824 10.493181927413895 10.49318192741395 10.493196284639664 10.490948722345246
10.490948999497666 10.493196568743379 10.493182213925222 10.493182213925273 10.493196568743196 10.490948999497565
10.490949264148394 10.493196839866796 10.493182487282368 10.493182487282432 10.493196839866627 10.490949264148316
10.490949517200983 10.49319709894816 10.493182748435908 10.493182748435963 10.493197098947979 10.490949517200928
10.490949759493605 10.493197346857622 10.493182998267761 10.493182998267814 10.493197346857464 10.490949759493514
10.490949991803742 10.493197584402584 10.493183237596046 10.493183237596092 10.49319758440241 10.490949991803685
10.49095021485287 10.493197812331996 10.493183467179831 10.493183467179888 10.493197812331829 10.490950214852795
10.490950429310178 10.493198031340741 10.493183687723299 10.493183687723352 10.49319803134059 10.490950429310113
10.490950635796572 10.493198242073463 10.493183899879751 10.493183899879803 10.493198242073305 10.4909506357965
10.490950834888064 10.493198445128264 10.493184104255272 10.493184104255338 10.493198445128108 10.490950834887993
10.490951027119081 10.493198641059957 10.493184301412168 10.493184301412215 10.493198641059783 10.490951027118987
10.49095121298533 10.493198830383268 10.493184491872057 10.493184491872107 10.493198830383108 10.490951212985243
10.4909513929468 10.4931990135758 10.493184676118911 10.493184676118977 10.493199013575627 10.490951392946723
10.490951567430182 10.493199191080581 10.493184854601747 10.493184854601799 10.493199191080405 10.49095156743013
10.490951736831395 10.493199363308616 10.493185027737052 10.493185027737118 10.493199363308443 10.490951736831322
10.490951901517667 10.493199530641242 10.493185195911297 10.493185195911364 10.49319953064107 10.49095190151759
10.49095206182973 10.493199693432231 10.493185359483 10.493185359483054 10.493199693432064 10.490952061829656
10.490952218083665 10.493199852009777 10.493185518784738 10.49318551878479 10.493199852009619 10.4909522180836
10.490952370572773 10.49320000667839 10.493185674125103 10.493185674125142 10.493200006678224 10.490952370572703
10.4909525195691 10.493200157720507 10.493185825790347 10.493185825790396 10.493200157720327 10.490952519569019
10.490952665325059 10.493200305398217 10.493185974046064 10.493185974046115 10.493200305398053 10.490952665324967
10.490952808074772 10.493200449954664 10.49318611913864 10.493186119138686 10.493200449954498 10.490952808074708
10.490952948035558 10.493200591615382 10.493186261296643 10.493186261296705 10.49320059161523 10.49095294803549
10.490953085408933 10.493200730589658 10.493186400732192 10.49318640073224 10.493200730589496 10.49095308540883
10.490953220381844 10.493200867071609 10.493186537641954 10.493186537642016 10.493200867071442 10.490953220381758
10.490953353127761 10.493201001241331 10.493186672208516 10.493186672208568 10.493201001241177 10.490953353127688
10.490953483807665 10.493201133265956 10.493186804601176 10.493186804601223 10.493201133265789 10.490953483807589
10.490953612570827 10.493201263300472 10.493186934977034 10.493186934977084 10.493201263300294 10.490953612570761
10.490953739555794 10.493201391488677 10.493187063481841 10.493187063481898 10.493201391488512 10.490953739555698
10.490953864890997 10.493201517964026 10.493187190250834 10.49318719025088 10.493201517963866 10.490953864890916
10.490953988695736 10.49320164285028 10.493187315409408 10.493187315409454 10.493201642850128 10.490953988695633
10.490954111080528 10.493201766262294 10.493187439073939 10.49318743907399 10.493201766262139 10.490954111080452
10.490954232148015 10.493201888306604 10.493187561352432 10.49318756135248 10.49320188830644 10.490954232147969
10.49095435199343 10.493202009082037 10.493187682345026 10.493187682345074 10.493202009081868 10.490954351993388
10.490954470705105 10.49320212868027 10.493187802144625 10.493187802144687 10.493202128680103 10.490954470705027
10.490954588364888 10.493202247186396 10.493187920837501 10.493187920837553 10.493202247186234 10.490954588364822
10.490954705048846 10.493202364679334 10.493188038503586 10.493188038503634 10.493202364679176 10.490954705048757
10.490954820827445 10.493202481232302 10.493188155217073 10.493188155217124 10.493202481232144 10.4909548208274
10.490954935766233 10.493202596913248 10.49318827104686 10.493188271046908 10.493202596913079 10.490954935766128
10.490955049925761 10.493202711785123 10.493188386056735 10.49318838605679 10.493202711784964 10.490955049925669
10.490955163362376 10.493202825906476 10.493188500305992 10.493188500306047 10.49320282590631 10.490955163362306
10.490955276128405 10.493202939331486 10.49318861384959 10.49318861384965 10.493202939331324 10.490955276128316
10.490955388272186 10.493203052110506 10.493188726738522 10.49318872673858 10.493203052110328 10.49095538827211
10.49095549983877 10.493203164290174 10.493188839020096 10.493188839020146 10.493203164290028 10.490955499838684
10.490955610869841 10.493203275913885 10.493188950738203 10.493188950738256 10.493203275913718 10.490955610869767
10.490955721404092 10.493203387021738 10.493189061933563 10.493189061933615 10.493203387021564 10.490955721404028
10.490955831477455 10.493203497651045 10.493189172643948 10.493189172643996 10.493203497650866 10.490955831477372
10.490955941123204 10.493203607836366 10.4931892829044 10.493189282904455 10.493203607836195 10.4909559411231
10.490956050372231 10.493203717609811 10.493189392747448 10.493189392747503 10.49320371760964 10.490956050372146
10.490956159253223 10.493203827001144 10.49318950220326 10.493189502203318 10.493203827000977 10.490956159253155
10.490956267792782 10.493203936037958 10.49318961129981 10.493189611299854 10.493203936037805 10.49095626779274
10.490956376015607 10.493204044745905 10.493189720063047 10.493189720063109 10.49320404474574 10.490956376015538
10.490956483944567 10.493204153148698 10.49318982851707 10.493189828517126 10.493204153148534 10.49095648394448
10.490956591600849 10.493204261268444 10.493189936684233 10.493189936684294 10.493204261268279 10.49095659160078
10.490956699004212 10.49320436912557 10.493190044585276 10.493190044585322 10.493204369125399 10.49095669900414
10.490956806172921 10.493204476739045 10.493190152239382 10.493190152239439 10.493204476738887 10.490956806172843
10.490956913123963 10.493204584126508 10.493190259664447 10.493190259664502 10.49320458412633 10.49095691312386
10.490957019872965 10.493204691304276 10.493190366876993 10.493190366877043 10.493204691304083 10.490957019872893
10.490957126434674 10.493204798287465 10.493190473892374 10.493190473892424 10.493204798287303 10.490957126434571
10.49095723282251 10.493204905090192 10.493190580724878 10.493190580724917 10.493204905090044 10.490957232822415
10.490957339049068 10.493205011725497 10.493190687387672 10.493190687387726 10.493205011725316 10.490957339048993
10.490957445126027 10.493205118205443 10.493190793893053 10.493190793893113 10.493205118205278 10.490957445125964
10.490957551064211 10.493205224541251 10.493190900252383 10.493190900252435 10.493205224541102 10.490957551064117
