0.58475588946774 0.5337488236639655 0.524080634943662 0.524080634943664 0.5337488236639674 0.5847558894677428
0.7303353622973822 0.6675920261682474 0.6503327813844624 0.6503327813844635 0.6675920261682521 0.7303353622973839
0.8511158599367814 0.7815884687044902 0.7576485634915258 0.7576485634915273 0.7815884687044966 0.8511158599367836
0.962080478746282 0.8883853840274084 0.8588179874232379 0.8588179874232399 0.8883853840274145 0.962080478746284
1.0689398234755363 0.9926664979686418 0.9584570777883372 0.9584570777883384 0.9926664979686466 1.0689398234755376
1.174700821630376 1.096867788720305 1.058860555872685 1.0588605558726862 1.0968677887203098 1.174700821630377
1.2812350425438754 1.2025081661312238 1.1613943828177635 1.1613943828177646 1.202508166131229 1.2812350425438768
1.3898319995628226 1.3106466986679586 1.2669778368381996 1.2669778368382005 1.3106466986679632 1.3898319995628237
1.5014409902631562 1.4220773404629359 1.3762863886847516 1.376286388684752 1.4220773404629403 1.501440990263156
1.6167923099349584 1.5374240973080855 1.4898477275386282 1.4898477275386284 1.5374240973080895 1.6167923099349568
1.7364637614105114 1.6571919055745672 1.6080905867942603 1.608090586794259 1.6571919055745699 1.7364637614105105
1.8609192836332475 1.7817953153162625 1.7313704716072242 1.731370471607223 1.781795315316264 1.860919283633244
1.9905320410954972 1.9115749763535572 1.8599831695664233 1.8599831695664213 1.9115749763535577 1.9905320410954928
2.1255982467573733 2.0468069360472105 1.9941713984611151 1.9941713984611111 2.0468069360472128 2.1255982467573684
2.26634518789499 2.187707486962176 2.1341274246845643 2.134127424684561 2.1877074869621738 2.2663451878949825
2.412935523598746 2.3344351847793896 2.2799932583461184 2.2799932583461144 2.334435184779388 2.4129355235987386
2.565469175596208 2.4870910700390003 2.4318594024626408 2.431859402462636 2.4870910700389977 2.565469175596202
2.723983713223126 2.645717802631605 2.5897627986885174 2.5897627986885112 2.645717802631603 2.723983713223117
2.888453884477941 2.810298229804872 2.7536844275674555 2.7536844275674484 2.8102982298048693 2.8884538844779275
3.0587907904818437 2.9807537939522804 2.9235469157894554 2.9235469157894483 2.9807537939522737 3.058790790481832
3.2348410986776925 3.1569431120242264 3.0992124388393685 3.099212438839359 3.156943112024219 3.234841098677676
3.41638661711809 3.3386610050377015 3.2804811639841533 3.280481163984144 3.3386610050376926 3.41638661711807
3.603144494206335 3.5256382125793104 3.467090443829775 3.4670904438297603 3.5256382125793015 3.6031444942063153
3.794768256760217 3.717541986549959 3.6587149376681065 3.658714937668091 3.7175419865499473 3.7947682567601912
3.9908498491954028 3.91397771662763 3.8549678024864273 3.8549678024864127 3.913977716627613 3.990849849195386
4.190922785241399 4.114491694908972 4.055403055778203 4.055403055778184 4.114491694908955 4.190922785241375
4.394466469908775 4.318575078292163 4.259519167599139 4.259519167599118 4.318575078292144 4.39446646990874
4.600911693766278 4.5256690549331395 4.466763890251295 4.466763890251273 4.525669054933121 4.600911693766245
4.809647245346425 4.735171167052847 4.67654028208907 4.676540282089046 4.735171167052823 4.809647245346388
5.020027532824689 4.9464426887267585 4.888213829486574 4.888213829486544 4.946442688726732 5.020027532824652
5.2313810556184555 5.158816906745214 5.101120520731169 5.101120520731137 5.158816906745187 5.231381055618411
5.443019522981523 5.371608108064268 5.314575680461968 5.314575680461938 5.371608108064244 5.443019522981472
5.654247382614074 5.58412104151082 5.527883336113202 5.527883336113166 5.584121041510792 5.6542473826140185
5.864371499880568 5.79566059657642 5.740345861123261 5.740345861123227 5.795660596576384 5.864371499880517
6.0727107188312175 6.005541429964069 5.951273625257011 5.951273625256971 6.005541429964029 6.072710718831159
6.278605040371573 6.213097271809759 6.159994381242374 6.159994381242323 6.213097271809722 6.278605040371509
6.481424170179721 6.417689657995514 6.365862129070608 6.36586212907056 6.41768965799547 6.48142417017965
6.680575217967952 6.618715861564896 6.568265223814579 6.568265223814526 6.618715861564847 6.68057521796788
6.875509368262369 6.8156158329700895 6.766633527871133 6.766633527871074 6.815615832970038 6.875509368262301
7.065727388298996 7.0078780031055645 6.960444451637938 6.96044445163788 7.007878003105511 7.065727388298929
7.250783887829509 7.195043851804943 7.149227774837397 7.1492277748373345 7.1950438518048845 7.25078388782942
7.430290295494612 7.376711194577201 7.33256919089086 7.332569190890796 7.37671119457714 7.430290295494515
7.603916564054273 7.552536188865439 7.510112565903113 7.510112565903046 7.552536188865372 7.603916564054183
7.7713916596943236 7.722234105440912 7.6815609492644885 7.681560949264421 7.722234105440849 7.771391659694226
7.932502926972482 7.88557894866239 7.8466764124604005 7.846676412460326 7.885578948662315 7.932502926972367
8.087094449492241 8.042402039847103 8.005278824871917 8.005278824871843 8.04240203984703 8.087094449492145
8.235064546540597 8.192589700198688 8.157243699306704 8.157243699306628 8.192589700198612 8.235064546540485
8.37636255774362 8.33608018353097 8.302499255507644 8.302499255507561 8.336080183530882 8.376362557743514
8.510985071851241 8.472860014870601 8.44102285730307 8.441022857302983 8.472860014870514 8.510985071851135
8.638971753004693 8.602959889787302 8.572836979186901 8.572836979186823 8.60295988978722 8.638971753004556
8.760400909475479 8.726450282145288 8.698004852060043 8.698004852059944 8.726450282145203 8.760400909475367
8.87538493721076 8.843436896199027 8.816625926914309 8.81662592691421 8.84343689619893 8.875384937210628
8.984065754904629 8.95405608390736 8.928831280737338 8.92883128073724 8.954056083907279 8.984065754904503
9.086610329982724 9.058470331283152 9.034779072152888 9.034779072152793 9.058470331283054 9.086610329982571
9.183206376926046 9.156863899665009 9.134650136454603 9.134650136454498 9.156863899664922 9.183206376925897
9.274058291680479 9.249438689948299 9.228643791736074 9.228643791735973 9.249438689948198 9.274058291680339
9.359383369197843 9.336410380793765 9.316973910561204 9.3169739105611 9.336410380793668 9.359383369197698
9.439408335939227 9.418004876198765 9.399865295646846 9.399865295646743 9.418004876198664 9.439408335939097
9.514366215758566 9.494455083924693 9.477550383746097 9.477550383745985 9.49445508392459 9.514366215758452
9.58449353613511 9.565998034325435 9.550266289550159 9.550266289550052 9.565998034325332 9.584493536134943
9.650027872268705 9.632872339172973 9.618252191058259 9.618252191058145 9.63287233917287 9.650027872268545
9.711205719025909 9.695315982081317 9.681747049468346 9.681747049468234 9.695315982081206 9.711205719025752
9.768260674982152 9.753564425964228 9.7409876501076 9.740987650107499 9.753564425964125 9.76826067498199
9.821421918671634 9.807849018450701 9.796206946081712 9.796206946081599 9.807849018450579 9.821421918671495
9.87091295441213 9.858395673117352 9.847632682975982 9.847632682975867 9.858395673117245 9.870912954411965
9.916950603507185 9.905423802565826 9.895486280872916 9.895486280872793 9.905423802565702 9.916950603507036
9.959744216028664 9.949145478556769 9.939981948944158 9.939981948944036 9.949145478556654 9.959744216028481
9.99949507854824 9.98976479441327 9.981326007724046 9.981326007723924 9.98976479441314 9.999495078548069
10.036395993942078 10.027477405534134 10.019716394688187 10.01971639468807 10.027477405534034 10.036395993941905
10.070631010576511 10.062470224956089 10.055342329775836 10.055342329775716 10.062470224955975 10.07063101057635
10.102375279665242 10.094921252326333 10.088384118865356 10.088384118865232 10.09492125232623 10.102375279665084
10.131795021254971 10.124999516283955 10.119013074815319 10.119013074815204 10.124999516283824 10.131795021254812
10.159047581059335 10.152865111997297 10.147391537420928 10.147391537420805 10.152865111997182 10.159047581059177
10.184281562148346 10.178669317397325 10.173672975426499 10.173672975426378 10.178669317397215 10.184281562148167
10.207637017259227 10.20255477341915 10.198002155519928 10.1980021555198 10.202554773419035 10.207637017259053
10.229245689183928 10.22465571527806 10.220515364965769 10.220515364965634 10.224655715277938 10.229245689183792
10.24923128828285 10.245098243428533 10.241340676180233 10.241340676180116 10.245098243428425 10.249231288282681
10.267709797652994 10.2640006243668 10.260598243090122 10.260598243089992 10.264000624366686 10.26770979765282
10.284789797837023 10.281473612827105 10.278400620535265 10.278400620535141 10.281473612826991 10.284789797836861
10.300572804185085 10.297620788184405 10.294853099265568 10.294853099265444 10.297620788184293 10.300572804184931
10.315153611085007 10.31253889901033 10.310054050245814 10.310054050245682 10.312538899010208 10.315153611084877
10.328620638253788 10.326318210739002 10.324095273018647 10.324095273018514 10.326318210738886 10.328620638253618
10.341056275144613 10.339042852291355 10.33706234379296 10.337062343792836 10.339042852291223 10.34105627514444
10.35253722027784 10.350791158285817 10.34903495972858 10.349034959728451 10.350791158285679 10.35253722027767
10.36313481295506 10.36163600414162 10.36008727658722 10.360087276587103 10.3616360041415 10.363134812954925
10.372915355378893 10.371645131964957 10.370288237524122 10.370288237523996 10.37164513196485 10.372915355378721
10.38194042367893 10.380881465607514 10.379701891311031 10.379701891310898 10.380881465607382 10.381940423678756
10.390267166752729 10.389403413712008 10.388387698722095 10.388387698721958 10.389403413711872 10.390267166752562
10.397948592170245 10.397265159916255 10.396400826184674 10.396400826184543 10.397265159916133 10.39794859217009
10.40503383867639 10.404516939686088 10.403792426108234 10.40379242610811 10.404516939685966 10.405033838676198
10.41156843506096 10.411205303494025 10.410609903561449 10.410609903561316 10.411205303493908 10.411568435060763
10.417594545357812 10.417373366264153 10.416897169179775 10.416897169179645 10.417373366264036 10.417594545357648
10.423151200489386 10.423061043166319 10.422694878356834 10.422694878356692 10.4230610431662 10.423151200489192
10.428274516596428 10.428305271974256 10.428040656910698 10.428040656910564 10.428305271974132 10.428274516596248
10.432997900390145 10.433140222304973 10.432969313524408 10.43296931352428 10.43314022230485 10.432997900389967
10.437352241935063 10.43759749213506 10.43751303934336 10.437513039343232 10.437597492134945 10.437352241934887
10.441366095327833 10.441706292048883 10.441701595175152 10.441701595175019 10.441706292048766 10.441366095327655
10.445065847773499 10.445493617714966 10.445562486782485 10.445562486782352 10.445493617714844 10.445065847773334
10.448475877587033 10.448984411115436 10.449121128790496 10.449121128790361 10.448984411115315 10.448475877586866
10.451618701660935 10.452201711069435 10.452400997748466 10.452400997748349 10.452201711069309 10.45161870166075
10.45451511294591 10.455166793598899 10.455423774894903 10.455423774894761 10.45516679359877 10.454515112945728
10.457184308489328 10.457899302684522 10.45820947917603 10.458209479175897 10.457899302684407 10.457184308489152
10.459644008567977 10.46041737195366 10.46077659106243 10.460776591062285 10.460417371953538 10.459644008567814
10.461910567440848 10.462737737830082 10.463142167697885 10.463142167697749 10.462737737829949 10.46191056744067
10.463999076230992 10.464875844661503 10.465321949901151 10.465321949901018 10.464875844661377 10.46399907623083
10.46592345842863 10.466845942323234 10.467330461523366 10.467330461523241 10.466845942323108 10.46592345842845
10.467696558486944 10.468661176775992 10.469181101645527 10.469181101645386 10.468661176775854 10.467696558486727
10.469330223961826 10.470333674036254 10.470886230079085 10.470886230078957 10.470333674036143 10.469330223961633
10.470835381625317 10.471874617995395 10.472457246611926 10.472457246611793 10.471874617995288 10.470835381625117
10.47222210795885 10.473294322501436 10.47390466441914 10.473904664419008 10.473294322501308 10.472222107958663
10.47349969441311 10.474602298095927 10.47523817803659 10.475238178036465 10.4746022980958 10.473499694412917
10.47467670779703 10.47580731377608 10.476466726272617 10.476466726272479 10.475807313775949 10.474676707796847
10.475761046138658 10.476917454130643 10.477598550412013 10.477598550411885 10.476917454130506 10.475761046138485
10.476759990339428 10.477940172177332 10.478641248045045 10.478641248044903 10.477940172177211 10.476759990339252
10.477680251923097 10.478882338209413 10.479601822833642 10.479601822833514 10.478882338209289 10.477680251922946
10.478528017162159 10.479750284939145 10.480486730507884 10.48048673050775 10.479750284939014 10.478528017161938
10.47930898784477 10.480549849207474 10.481301921365779 10.481301921365654 10.48054984920735 10.479308987844579
10.480028418929953 10.48128641051153 10.482052879532697 10.482052879532562 10.481286410511387 10.48002841892977
10.48069115331922 10.481964926584254 10.48274465921864 10.482744659218515 10.481964926584121 10.480691153319027
10.481301653959834 10.482589966244973 10.4833819181958 10.483381918195663 10.482589966244843 10.481301653959664
10.481864033478415 10.483165739724186 10.48396894870333 10.483968948703184 10.483165739724061 10.481864033478239
10.482382081529948 10.483696126651678 10.484509705971803 10.484509705971686 10.48369612665157 10.482382081529785
10.482859290034611 10.484184701883992 10.485007834546522 10.485007834546384 10.484184701883873 10.482859290034414
10.483298876461543 10.484634759334163 10.485466692575333 10.485466692575196 10.484634759334025 10.483298876461367
10.483703805308572 10.48504933395532 10.485889374215676 10.48588937421553 10.485049333955201 10.483703805308371
10.484076807914139 10.48543122201873 10.486278730303384 10.486278730303255 10.485431222018596 10.484076807913949
10.484420400729848 10.485782999815969 10.486637387416154 10.486637387416021 10.485782999815845 10.484420400729668
10.48473690217083 10.486107040906317 10.486967765454068 10.486967765453942 10.486107040906193 10.484736902170631
10.485028448153003 10.486405532020626 10.487272093851278 10.487272093851146 10.486405532020497 10.485028448152828
10.485297006419026 10.48668048772501 10.48755242652368 10.48755242652355 10.486680487724877 10.485297006418852
10.48554438974531 10.486933763940126 10.487810655650174 10.487810655650039 10.486933763940012 10.485544389745103
10.485772268117188 10.487167070404213 10.488048524377422 10.48804852437729 10.487167070404093 10.48577226811702
10.485982179952137 10.487381982161434 10.488267638531434 10.488267638531312 10.487381982161319 10.485982179951964
10.486175542444139 10.487579950151588 10.488469477412746 10.488469477412604 10.487579950151462 10.48617554244395
10.486353661098244 10.487762310970238 10.488655403746451 10.488655403746316 10.48776231097011 10.486353661098082
10.486517738517897 10.48793029586426 10.488826672852625 10.488826672852491 10.487930295864146 10.48651773851769
10.486668882502729 10.488085039022017 10.488984441097841 10.488984441097713 10.488085039021877 10.486668882502554
10.48680811351177 10.488227585213057 10.489129773683711 10.48912977368358 10.488227585212934 10.486808113511588
10.486936371540073 10.488358896828473 10.489263651824196 10.48926365182406 10.48835889682833 10.486936371539885
10.487054522455676 10.488479860367994 10.489386979359326 10.489386979359187 10.488479860367862 10.487054522455512
10.487163363838727 10.48859129241782 10.489500588849435 10.489500588849294 10.488591292417716 10.487163363838533
10.48726363036118 10.48869394515853 10.489605247190436 10.489605247190307 10.488693945158397 10.487263630361017
10.487355998744318 10.488788511439695 10.489701660787688 10.489701660787556 10.488788511439576 10.487355998744134
10.487441092325412 10.488875629455885 10.489790480322922 10.48979048032279 10.488875629455773 10.487441092325236
10.487519485265922 10.48895588705441 10.489872305146273 10.489872305146145 10.488955887054278 10.487519485265736
10.487591706427907 10.489029825704153 10.48994768732255 10.489947687322417 10.48902982570402 10.487591706427752
10.487658242945708 10.489097944152148 10.490017135359217 10.490017135359077 10.489097944152006 10.487658242945534
10.487719543516084 10.489160701792052 10.490081117640678 10.490081117640552 10.489160701791926 10.487719543515905
10.487776021429418 10.489218521767587 10.490140065592295 10.490140065592154 10.489218521767453 10.48777602142924
10.487828057362192 10.48927179383125 10.490194376595042 10.490194376594902 10.489271793831124 10.487828057362018
10.487876001949253 10.489320876978063 10.49024441667064 10.490244416670508 10.489320876977942 10.487876001949093
10.487920178153653 10.489366101871637 10.490290522955124 10.49029052295499 10.489366101871507 10.487920178153457
10.487960883449345 10.489407773079074 10.490333005977423 10.490333005977295 10.489407773078938 10.487960883449169
10.48799839183233 10.489446171129787 10.49037215175836 10.490372151758232 10.48944617112965 10.487998391832146
10.488032955672786 10.48948155441191 10.490408223744247 10.490408223744112 10.48948155441178 10.488032955672598
10.488064807421472 10.489514160919333 10.490441464587999 10.490441464587862 10.489514160919205 10.488064807421315
10.48809416118151 10.489544209860792 10.490472097789754 10.490472097789619 10.48954420986067 10.488094161181351
10.488121214156077 10.489571903142284 10.49050032920824 10.490500329208107 10.489571903142146 10.48812121415591
10.4881461479821 10.48959742673237 10.490526348452853 10.490526348452722 10.489597426732239 10.488146147981949
10.488169129958756 10.489620951919962 10.490550330166004 10.490550330165874 10.48962095191984 10.488169129958575
10.488190314178842 10.489642636472817 10.490572435204232 10.49057243520411 10.489642636472686 10.488190314178667
10.488209842571193 10.489662625704591 10.490592811726275 10.49059281172614 10.489662625704467 10.488209842571015
10.488227845860639 10.489681053457868 10.490611596195144 10.490611596195007 10.489681053457726 10.48822784586048
10.488244444452429 10.48969804300938 10.490628914301281 10.490628914301153 10.489698043009247 10.488244444452253
10.488259749246557 10.48971370790418 10.49064488181284 10.49064488181271 10.48971370790405 10.488259749246376
10.488273862388152 10.489728152723574 10.49065960535878 10.490659605358646 10.48972815272344 10.488273862387997
10.488286877958634 10.489741473792735 10.49067318315035 10.490673183150214 10.489741473792613 10.48828687795843
10.488298882611895 10.489753759832444 10.490685705645438 10.490685705645296 10.489753759832325 10.488298882611696
10.488309956160943 10.489765092559292 10.490697256160642 10.490697256160516 10.489765092559166 10.488309956160766
10.488320172117831 10.48977554723856 10.490707911434992 10.490707911434864 10.489775547238429 10.488320172117621
10.488329598190793 10.489785193193537 10.490717742149178 10.490717742149043 10.489785193193411 10.488329598190623
10.488338296742857 10.489794094274583 10.490726813403727 10.49072681340359 10.489794094274451 10.488338296742697
10.488346325213383 10.489802309291111 10.490735185159632 10.490735185159496 10.489802309290978 10.488346325213225
10.488353736507047 10.48980989240958 10.490742912643967 10.49074291264383 10.48980989240947 10.488353736506852
10.488360579351559 10.489816893520079 10.490750046723667 10.490750046723539 10.489816893519944 10.488360579351363
10.488366898627653 10.489823358573746 10.49075663424972 10.490756634249578 10.489823358573618 10.48836689862747
10.488372735672725 10.489829329893956 10.490762718374176 10.490762718374036 10.489829329893821 10.488372735672543
10.488378128560454 10.48983484646253 10.490768338842221 10.49076833884208 10.4898348464624 10.48837812856029
10.488383112358648 10.4898399441837 10.490773532261072 10.490773532260942 10.489839944183577 10.488383112358477
10.48838771936634 10.489844656126953 10.490778332347793 10.490778332347663 10.489844656126825 10.48838771936618
10.48839197933263 10.489849012750861 10.490782770157402 10.490782770157264 10.489849012750733 10.488391979332434
10.488395919657686 10.48985304210926 10.490786874293041 10.490786874292908 10.489853042109141 10.4883959196575
10.488399565578485 10.48985677004107 10.49079067109959 10.490790671099473 10.489856770040946 10.48839956557831
10.488402940339485 10.489860220345122 10.490794184841917 10.490794184841794 10.489860220345001 10.488402940339288
10.488406065349812 10.489863414941286 10.490797437869125 10.490797437868993 10.489863414941173 10.488406065349631
10.488408960328412 10.489866374018789 10.490800450765756 10.49080045076563 10.489866374018659 10.48840896032823
10.488411643437235 10.489869116172859 10.49080324249117 10.490803242491042 10.489869116172729 10.488411643437077
10.488414131404426 10.489871658530529 10.490805830507789 10.490805830507663 10.489871658530411 10.488414131404243
10.488416439637195 10.489874016866661 10.49080823089936 10.490808230899223 10.48987401686653 10.488416439637016
10.488418582326446 10.48987620571056 10.490810458479707 10.49081045847957 10.48987620571043 10.488418582326284
10.48842057254262 10.48987823844443 10.490812526893086 10.49081252689295 10.48987823844431 10.48842057254244
10.488422422324147 10.489880127393905 10.490814448706464 10.490814448706326 10.489880127393784 10.48842242232396
10.488424142759042 10.489881883911435 10.49081623549461 10.490816235494469 10.489881883911288 10.488424142758838
10.48842574405978 10.489883518453095 10.490817897918397 10.490817897918262 10.48988351845298 10.488425744059606
10.488427235632628 10.489885040649558 10.490819445797001 10.490819445796863 10.48988504064943 10.488427235632452
10.488428626141134 10.489886459370977 10.4908208881743 10.490820888174156 10.489886459370835 10.488428626140958
10.4884299235648 10.489887782787195 10.490822233380154 10.490822233380019 10.489887782787065 10.488429923564633
10.488431135253153 10.489889018423062 10.490823489086718 10.49082348908658 10.48988901842293 10.488431135252984
10.488432267975426 10.489890173209249 10.490824662360405 10.490824662360273 10.48989017320912 10.488432267975245
10.488433327966355 10.48989125352927 10.490825759709708 10.490825759709578 10.489891253529132 10.488433327966188
10.488434320968466 10.489892265262556 10.49082678712924 10.490826787129105 10.489892265262434 10.48843432096831
10.488435252270866 10.489893213824423 10.4908277501403 10.490827750140168 10.489893213824296 10.488435252270705
10.48843612674509 10.489894104202543 10.490828653828263 10.490828653828137 10.489894104202426 10.488436126744904
10.488436948877945 10.489894940990856 10.490829502876993 10.490829502876858 10.489894940990714 10.48843694887776
10.488437722802095 10.489895728420493 10.490830301600534 10.490830301600392 10.48989572842037 10.488437722801908
10.488438452323845 10.489896470388619 10.490831053972318 10.490831053972181 10.489896470388494 10.48843845232366
10.488439140948993 10.489897170484637 10.49083176365205 10.490831763651915 10.489897170484522 10.488439140948813
10.488439791906533 10.48989783201458 10.490832434010494 10.490832434010363 10.489897832014458 10.488439791906371
10.488440408170561 10.489898458023413 10.490833068152261 10.490833068152131 10.489898458023292 10.488440408170378
10.488440992480264 10.489899051315748 10.490833668936853 10.490833668936721 10.489899051315618 10.48844099248008
10.488441547358615 10.489899614474679 10.490834238997998 10.490834238997863 10.489899614474556 10.488441547358429
10.48844207512938 10.489900149879437 10.490834780761448 10.490834780761318 10.489900149879302 10.488442075129182
10.488442577932837 10.489900659721318 10.490835296461468 10.490835296461343 10.489900659721187 10.488442577932634
10.488443057740245 10.489901146018672 10.490835788155906 10.490835788155785 10.489901146018548 10.488443057740067
10.48844351636731 10.489901610630458 10.49083625774014 10.490836257739993 10.489901610630346 10.48844351636715
10.48844395548636 10.489902055268855 10.490836706959861 10.490836706959717 10.489902055268745 10.48844395548618
10.488444376637585 10.489902481510914 10.490837137422954 10.49083713742282 10.48990248151078 10.488444376637426
10.488444781239739 10.489902890809045 10.49083755061038 10.49083755061025 10.489902890808922 10.488444781239547
10.48844517059934 10.48990328450113 10.490837947886128 10.490837947885987 10.489903284500999 10.488445170599153
10.488445545919927 10.489903663819298 10.4908383305065 10.49083833050637 10.489903663819169 10.48844554591975
10.488445908309938 10.489904029898485 10.490838699628627 10.490838699628503 10.489904029898362 10.488445908309767
10.48844625879032 10.489904383783953 10.490839056318274 10.490839056318132 10.489904383783815 10.48844625879016
10.488446598301428 10.489904726438462 10.490839401557034 10.490839401556894 10.489904726438334 10.488446598301264
10.48844692770934 10.489905058748766 10.490839736249024 10.490839736248889 10.48990505874863 10.48844692770914
10.48844724781165 10.48990538153158 10.490840061226965 10.490840061226834 10.489905381531461 10.488447247811507
10.488447559343255 10.489905695539186 10.490840377257847 10.490840377257713 10.489905695539056 10.48844755934307
10.488447862980754 10.489906001464389 10.490840685048065 10.490840685047925 10.489906001464274 10.488447862980566
10.488448159347437 10.489906299945366 10.490840985248262 10.490840985248138 10.489906299945243 10.488448159347247
10.488448449017348 10.489906591569879 10.490841278457745 10.490841278457609 10.48990659156975 10.488448449017204
10.488448732519373 10.489906876879262 10.490841565228447 10.490841565228296 10.489906876879136 10.488448732519164
10.488449010340323 10.489907156372137 10.490841846068726 10.49084184606859 10.48990715637202 10.488449010340128
10.488449282928805 10.489907430507767 10.490842121446848 10.490842121446713 10.489907430507628 10.488449282928647
10.488449550697988 10.489907699709102 10.490842391794063 10.490842391793922 10.48990769970897 10.488449550697833
10.488449814028359 10.489907964365745 10.490842657507589 10.490842657507457 10.489907964365623 10.488449814028217
10.48845007327044 10.489908224836537 10.490842918953302 10.49084291895316 10.489908224836412 10.488450073270243
10.48845032874694 10.489908481451952 10.49084317646814 10.490843176468001 10.48990848145184 10.488450328746742
10.488450580755176 10.48990873451644 10.490843430362478 10.49084343036235 10.48990873451631 10.488450580755003
10.48845082956907 10.489908984310297 10.490843680922186 10.490843680922051 10.489908984310162 10.488450829568858
10.4884510754407 10.48990923109179 10.490843928410532 10.490843928410401 10.489909231091675 10.488451075440537
10.488451318602502 10.489909475098768 10.490844173070029 10.490844173069897 10.489909475098647 10.488451318602333
10.488451559268364 10.489909716550303 10.490844415124025 10.49084441512389 10.489909716550171 10.488451559268197
10.488451797635404 10.48990995564812 10.490844654778241 10.490844654778108 10.48990995564799 10.488451797635216
10.488452033885068 10.48991019257811 10.490844892222164 10.490844892222018 10.489910192577979 10.488452033884892
10.488452268184547 10.489910427511385 10.490845127630275 10.49084512763015 10.489910427511264 10.488452268184382
10.488452500687847 10.489910660605647 10.490845361163343 10.490845361163213 10.489910660605515 10.488452500687684
10.488452731536794 10.489910892006058 10.49084559296941 10.490845592969269 10.489910892005923 10.488452731536604
10.488452960861945 10.489911121846353 10.490845823184822 10.490845823184685 10.489911121846232 10.488452960861773
10.488453188783675 10.489911350249713 10.490846051935158 10.490846051935034 10.489911350249617 10.488453188783486
10.48845341541276 10.48991157732965 10.490846279336118 10.490846279335994 10.489911577329535 10.488453415412575
10.488453640851265 10.48991180319059 10.490846505494241 10.490846505494114 10.489911803190466 10.48845364085109
10.4884538651932 10.489912027928822 10.490846730507647 10.490846730507517 10.489912027928682 10.488453865193023
10.488454088525156 10.489912251632937 10.49084695446672 10.490846954466592 10.489912251632816 10.488454088524975
10.488454310926862 10.489912474384628 10.4908471774547 10.490847177454572 10.489912474384502 10.488454310926677
10.488454532471764 10.489912696259088 10.490847399548281 10.490847399548151 10.489912696258964 10.488454532471575
10.488454753227503 10.489912917325578 10.490847620818062 10.49084762081794 10.489912917325466 10.488454753227334
10.488454973256442 10.48991313764788 10.490847841329085 10.49084784132895 10.489913137647768 10.488454973256255
10.488455192615874 10.489913357284772 10.49084806114128 10.49084806114114 10.489913357284653 10.488455192615714
10.48845541135875 10.489913576290363 10.490848280309784 10.490848280309653 10.48991357629024 10.488455411358578
10.488455629533709 10.489913794714495 10.490848498885448 10.490848498885319 10.489913794714356 10.48845562953353
10.488455847185582 10.489914012603043 10.490848716915082 10.490848716914952 10.489914012602927 10.4884558471854
10.488456064355708 10.489914229998357 10.490848934441795 10.490848934441663 10.48991422999823 10.488456064355507
10.48845628108207 10.489914446939347 10.490849151505287 10.490849151505163 10.489914446939233 10.48845628108188
10.488456497399739 10.489914663461903 10.490849368142147 10.490849368142007 10.489914663461775 10.488456497399566
10.488456713340982 10.489914879599034 10.490849584386046 10.490849584385913 10.489914879598897 10.488456713340804
10.488456928935511 10.489915095381187 10.490849800268006 10.490849800267874 10.489915095381063 10.48845692893534
10.488457144210761 10.489915310836395 10.490850015816628 10.490850015816497 10.489915310836263 10.488457144210544
10.488457359191807 10.489915525990467 10.490850231058214 10.490850231058076 10.489915525990336 10.48845735919163
10.488457573902012 10.489915740867186 10.490850446017008 10.490850446016875 10.489915740867051 10.488457573901822
10.488457788362698 10.489915955488431 10.490850660715338 10.490850660715209 10.489915955488309 10.488457788362503
10.488458002593548 10.489916169874398 10.49085087517377 10.490850875173638 10.48991616987427 10.488458002593372
10.488458216612788 10.489916384043644 10.490851089411251 10.490851089411128 10.48991638404352 10.488458216612583
10.48845843043705 10.489916598013311 10.490851303445218 10.4908513034451 10.48991659801317 10.488458430436847
10.488458644081735 10.489916811799102 10.490851517291755 10.490851517291626 10.489916811798988 10.488458644081554
10.488458857561065 10.489917025415597 10.490851730965645 10.4908517309655 10.489917025415476 10.488458857560879
10.488459070888078 10.489917238876137 10.490851944480532 10.490851944480397 10.489917238876002 10.488459070887874
10.488459284074743 10.48991745219302 10.490852157848948 10.490852157848815 10.489917452192882 10.48845928407458
10.488459497132235 10.4899176653776 10.49085237108249 10.490852371082347 10.489917665377487 10.488459497132062
10.488459710070737 10.489917878440341 10.490852584191789 10.490852584191646 10.48991787844022 10.488459710070538
10.488459922899573 10.489918091390864 10.490852797186637 10.490852797186502 10.489918091390717 10.488459922899397
10.48846013562747 10.489918304237973 10.4908530100761 10.490853010075973 10.489918304237843 10.48846013562728
10.48846034826235 10.489918516989896 10.490853222868497 10.490853222868369 10.489918516989755 10.488460348262185
10.488460560811601 10.489918729654109 10.490853435571479 10.490853435571347 10.489918729653994 10.488460560811424
10.488460773281979 10.489918942237585 10.490853648192111 10.490853648191985 10.489918942237468 10.488460773281794
10.48846098567971 10.48991915474665 10.490853860736895 10.490853860736763 10.489919154746525 10.488460985679495
10.488461198010464 10.489919367187197 10.490854073211835 10.490854073211704 10.489919367187087 10.488461198010281
10.488461410279625 10.489919579564653 10.490854285622426 10.490854285622278 10.489919579564527 10.48846141027944
10.48846162249199 10.489919791883981 10.490854497973753 10.490854497973613 10.489919791883851 10.48846162249183
10.488461834652094 10.489920004149782 10.490854710270492 10.490854710270357 10.489920004149653 10.488461834651932
10.488462046764054 10.489920216366244 10.49085492251697 10.490854922516828 10.489920216366142 10.488462046763866
10.488462258831657 10.489920428537351 10.490855134717135 10.490855134716998 10.489920428537218 10.488462258831458
10.488462470858375 10.489920640666586 10.49085534687465 10.490855346874529 10.48992064066646 10.488462470858192
10.488462682847475 10.489920852757319 10.4908555589929 10.490855558992765 10.489920852757187 10.4884626828473
10.488462894801922 10.489921064812544 10.49085577107496 10.490855771074827 10.489921064812412 10.488462894801726
10.48846310672447 10.489921276835094 10.490855983123724 10.490855983123579 10.489921276834979 10.48846310672426
10.488463318617578 10.48992148882756 10.490856195141772 10.490856195141635 10.489921488827429 10.488463318617393
10.488463530483626 10.489921700792296 10.490856407131563 10.490856407131428 10.489921700792173 10.488463530483449
10.48846374232478 10.489921912731488 10.490856619095315 10.49085661909519 10.489921912731369 10.48846374232456
10.488463954142896 10.489922124647178 10.490856831035098 10.490856831034959 10.489922124647046 10.488463954142714
10.48846416593988 10.489922336541197 10.49085704295279 10.490857042952658 10.489922336541081 10.488464165939698
10.488464377717397 10.489922548415288 10.49085725485014 10.490857254850008 10.489922548415151 10.4884643777172
