0.9017958657827563 0.8829216712633586 0.9017958657827566
1.315791567225522 1.3075207425661683 1.3157915672255236
1.7719705797304774 1.7713341482303646 1.771970579730478
2.2960098295871436 2.301174095080024 2.2960098295871436
2.896065396065427 2.905856925478783 2.896065396065429
3.5689417898748648 3.5823338421948394 3.568941789874867
4.300470611364489 4.316350915264943 4.300470611364493
5.066653724904117 5.083785334162988 5.066653724904123
5.8369774296161685 5.854089278597071 5.836977429616177
6.579547182843182 6.5954876769096495 6.57954718284319
7.266535950670162 7.280416251093369 7.266535950670174
7.87819176090549 7.889463695307438 7.878191760905505
8.404386390914688 8.412838942584663 8.404386390914697
8.843818588589999 8.849512869930582 8.843818588590006
9.20177405180384 9.204951939111536 9.201774051803849
9.487490349693745 9.488487035200878 9.487490349693754
9.711865657585312 9.711042501327803 9.711865657585314
9.885828174740904 9.883529577494285 9.885828174740928
10.019370776564461 10.01590147061522 10.01937077656447
10.121104982158402 10.11672168396111 10.121104982158416
10.198157250264122 10.19306899921292 10.198157250264146
10.256258803041579 10.25063175352374 10.256258803041604
10.299924946961674 10.293888883598228 10.299924946961685
10.332660202834797 10.326315221521305 10.332660202834823
10.357154921295038 10.350577504654453 10.357154921295056
10.37545783183539 10.368706020190324 10.375457831835414
10.389119795096654 10.382237410925455 10.389119795096681
10.39930962743795 10.392329634484883 10.399309627437965
10.406905341864952 10.399852467072895 10.406905341864963
10.412564903805492 10.405457657335672 10.412564903805508
10.416780493068368 10.409632710152872 10.416780493068385
10.419919784629355 10.412741794547726 10.419919784629359
10.422257171482407 10.415056679501113 10.422257171482428
10.42399727987367 10.416780030243334 10.423997279873687
10.425292624349655 10.418062897397972 10.425292624349677
10.426256832534415 10.419017816644143 10.426256832534438
10.426974534506028 10.419728604068034 10.426974534506035
10.427508748682078 10.420257671568912 10.427508748682099
10.427906392826078 10.420651485134899 10.427906392826094
10.428202393259419 10.420944634658504 10.428202393259426
10.428422747268806 10.421162866940294 10.42842274726884
10.428586804506791 10.421325345160328 10.428586804506805
10.428708966083482 10.421446331625056 10.4287089660835
10.428799949712698 10.421536440735327 10.428799949712714
10.428867731593165 10.421603571797432 10.428867731593186
10.428918247542981 10.42165360340329 10.428918247542994
10.428955914876889 10.421690910279253 10.428955914876902
10.42898402083192 10.421718747968155 10.42898402083192
10.429005011652789 10.421739539128538 10.429005011652803
10.429020707735887 10.421755086604527 10.429020707735905
10.429032463740064 10.421766731993177 10.429032463740075
10.429041287739139 10.42177547364823 10.429041287739153
10.429047929892517 10.421782054495862 10.429047929892535
10.429052948431256 10.421787027384442 10.429052948431254
10.429056758762187 10.421790803715332 10.4290567587622
10.42905967000949 10.421793689631958 10.429059670009494
10.429061912207093 10.4217959129502 10.429061912207104
10.42906365653397 10.42179764319841 10.429063656533993
10.429065030372394 10.421799006530609 10.429065030372405
10.42906612851336 10.42180009682375 10.429066128513373
10.429067021495282 10.42180098393609 10.429067021495284
10.429067761808916 10.421801719852285 10.429067761808943
10.429068388515175 10.421802343256518 10.429068388515185
10.429068930680987 10.421802882935518 10.429068930681007
10.429069409936405 10.42180336031072 10.429069409936416
10.429069842377297 10.421803791322818 10.42906984237733
10.429070239981444 10.421804187834063 10.429070239981456
10.429070611661931 10.42180455867163 10.429070611661947
10.429070964051457 10.421804910404243 10.42907096405148
10.429071302085712 10.421805247920004 10.429071302085719
10.429071629437535 10.421805574856366 10.429071629437555
10.429071948840106 10.421805893920085 10.429071948840125
10.429072262327265 10.421806207125446 10.429072262327274
10.429072571412485 10.42180651597134 10.429072571412496
10.429072877222037 10.421806821573133 10.429072877222055
10.429073180594013 10.42180712476085 10.429073180594033
10.429073482152097 10.421807426152169 10.429073482152106
10.429073782360371 10.4218077262067 10.429073782360401
10.42907408156419 10.421808025266449 10.429074081564211
10.429074380020545 10.421808323585951 10.429074380020568
10.4290746779207 10.4218086213546 10.429074677920715
10.42907497540695 10.421808918713344 10.429074975406964
10.4290752725852 10.421809215767066 10.429075272585209
10.429075569534236 10.421809512593793 10.429075569534259
10.42907586631274 10.421809809251616 10.429075866312756
10.429076162964314 10.421810105783742 10.429076162964325
10.429076459521445 10.421810402222329 10.42907645952146
10.429076756008323 10.421810698591337 10.429076756008326
10.42907705244289 10.421810994908553 10.429077052442913
10.429077348838561 10.421811291187236 10.429077348838579
10.429077645205277 10.421811587437238 10.429077645205284
10.429077941550425 10.421811883665901 10.429077941550453
10.429078237879574 10.421812179878692 10.429078237879592
10.42907853419678 10.421812476079669 10.42907853419679
10.429078830505125 10.421812772271865 10.429078830505132
10.429079126806847 10.421813068457537 10.429079126806872
10.429079423103678 10.421813364638304 10.429079423103701
10.429079719396857 10.421813660815513 10.42907971939688
10.429080015687319 10.42181395698998 10.429080015687338
10.429080311975747 10.42181425316247 10.429080311975767
10.429080608262705 10.421814549333487 10.429080608262726
10.429080904548528 10.421814845503404 10.42908090454855
10.429081200833522 10.421815141672479 10.429081200833538
10.429081497117915 10.42181543784095 10.429081497117938
10.429081793401842 10.421815734008973 10.429081793401881
10.429082089685458 10.421816030176682 10.42908208968547
10.42908238596881 10.421816326344118 10.429082385968826
10.429082682251977 10.421816622511402 10.429082682251998
10.429082978535007 10.421816918678541 10.429082978535037
10.42908327481797 10.421817214845586 10.429083274817982
10.429083571100833 10.421817511012565 10.429083571100827
10.429083867383635 10.421817807179476 10.429083867383664
10.42908416366642 10.421818103346343 10.429084163666442
10.429084459949184 10.421818399513214 10.429084459949204
10.42908475623192 10.421818695680068 10.42908475623193
10.42908505251465 10.421818991846902 10.429085052514672
10.429085348797388 10.421819288013745 10.429085348797397
10.429085645080123 10.421819584180588 10.429085645080127
10.429085941362835 10.4218198803474 10.42908594136286
10.429086237645583 10.42182017651424 10.42908623764559
10.42908653392831 10.421820472681087 10.429086533928324
10.42908683021105 10.421820768847937 10.429086830211066
10.429087126493798 10.421821065014793 10.429087126493814
10.429087422776549 10.421821361181646 10.429087422776565
10.429087719059304 10.42182165734851 10.429087719059327
10.429088015342073 10.42182195351538 10.429088015342087
10.429088311624838 10.421822249682265 10.42908831162487
10.42908860790764 10.421822545849158 10.42908860790765
10.42908890419043 10.42182284201605 10.429088904190444
10.429089200473223 10.421823138182964 10.429089200473245
10.429089496756028 10.421823434349857 10.429089496756042
10.429089793038843 10.421823730516786 10.429089793038843
10.429090089321662 10.421824026683714 10.429090089321683
10.429090385604493 10.421824322850652 10.429090385604509
10.429090681887327 10.42182461901761 10.42909068188735
10.429090978170182 10.421824915184546 10.4290909781702
10.429091274453036 10.421825211351512 10.429091274453059
10.429091570735894 10.421825507518484 10.429091570735915
10.429091867018768 10.421825803685456 10.429091867018794
10.429092163301657 10.421826099852456 10.42909216330167
10.429092459584556 10.421826396019442 10.42909245958457
10.429092755867433 10.421826692186437 10.429092755867456
10.429093052150355 10.421826988353468 10.429093052150384
10.429093348433266 10.421827284520482 10.429093348433279
10.429093644716207 10.421827580687511 10.429093644716222
10.429093940999145 10.421827876854552 10.429093940999145
10.42909423728207 10.421828173021591 10.429094237282095
10.429094533565008 10.421828469188645 10.42909453356503
10.429094829847973 10.421828765355725 10.42909482984799
10.429095126130933 10.421829061522773 10.42909512613096
10.429095422413898 10.421829357689857 10.429095422413921
10.429095718696878 10.42182965385694 10.429095718696908
10.429096014979885 10.421829950024046 10.429096014979889
10.429096311262871 10.421830246191139 10.429096311262885
10.429096607545869 10.421830542358245 10.429096607545883
10.429096903828885 10.421830838525377 10.429096903828906
10.42909720011192 10.421831134692498 10.429097200111926
10.429097496394943 10.42183143085963 10.429097496394958
10.42909779267799 10.421831727026783 10.429097792678006
10.42909808896103 10.421832023193923 10.429098088961052
10.429098385244092 10.42183231936109 10.429098385244096
10.42909868152716 10.421832615528267 10.429098681527176
10.429098977810222 10.42183291169544 10.429098977810241
10.429099274093316 10.421833207862631 10.429099274093321
10.429099570376401 10.421833504029834 10.429099570376414
10.42909986665951 10.42183380019704 10.429099866659508
10.42910016294259 10.421834096364249 10.429100162942609
10.42910045922571 10.421834392531464 10.429100459225733
10.429100755508825 10.421834688698691 10.42910075550885
10.429101051791957 10.421834984865928 10.429101051791982
10.429101348075104 10.42183528103317 10.429101348075115
10.429101644358266 10.421835577200413 10.429101644358271
10.429101940641395 10.42183587336768 10.429101940641411
10.429102236924555 10.421836169534943 10.429102236924583
10.429102533207745 10.421836465702228 10.429102533207752
10.429102829490924 10.421836761869528 10.429102829490944
10.42910312577411 10.421837058036804 10.429103125774127
10.429103422057306 10.421837354204103 10.42910342205732
10.429103718340517 10.421837650371424 10.429103718340523
10.429104014623721 10.421837946538734 10.429104014623746
10.429104310906936 10.421838242706071 10.429104310906961
10.429104607190185 10.421838538873397 10.429104607190189
10.429104903473407 10.421838835040743 10.429104903473426
10.429105199756675 10.421839131208099 10.42910519975668
10.429105496039922 10.421839427375472 10.429105496039943
10.42910579232318 10.421839723542819 10.429105792323194
10.429106088606439 10.421840019710205 10.429106088606463
10.429106384889728 10.421840315877581 10.429106384889744
10.429106681173009 10.421840612044967 10.429106681173037
10.429106977456318 10.421840908212388 10.429106977456332
10.429107273739627 10.421841204379795 10.429107273739637
10.429107570022943 10.421841500547215 10.429107570022957
10.42910786630626 10.42184179671465 10.429107866306282
10.429108162589586 10.421842092882082 10.429108162589607
10.429108458872928 10.421842389049525 10.429108458872948
10.429108755156278 10.421842685216973 10.429108755156284
10.429109051439626 10.421842981384431 10.429109051439642
10.429109347722989 10.4218432775519 10.429109347723013
10.429109644006344 10.421843573719373 10.429109644006378
10.429109940289747 10.421843869886859 10.429109940289756
10.429110236573127 10.421844166054367 10.429110236573143
10.429110532856527 10.421844462221857 10.42911053285654
10.429110829139939 10.421844758389371 10.429110829139947
10.429111125423352 10.42184505455689 10.429111125423367
10.429111421706782 10.421845350724423 10.429111421706793
10.429111717990207 10.421845646891954 10.429111717990212
10.429112014273635 10.421845943059493 10.42911201427364
10.429112310557086 10.421846239227044 10.429112310557091
10.429112606840537 10.421846535394613 10.429112606840548
10.429112903124002 10.421846831562178 10.429112903124016
10.429113199407489 10.421847127729755 10.429113199407494
10.429113495690954 10.421847423897336 10.429113495690968
10.429113791974423 10.421847720064925 10.429113791974464
10.429114088257938 10.421848016232522 10.429114088257954
10.429114384541437 10.421848312400147 10.429114384541466
10.429114680824956 10.421848608567764 10.429114680824975
10.42911497710848 10.421848904735402 10.429114977108501
10.429115273392005 10.42184920090303 10.429115273392023
10.429115569675542 10.421849497070669 10.42911556967555
10.429115865959078 10.421849793238321 10.4291158659591
10.429116162242638 10.421850089405964 10.429116162242645
10.429116458526202 10.421850385573647 10.429116458526208
10.429116754809767 10.421850681741319 10.429116754809783
10.429117051093339 10.42185097790899 10.429117051093359
10.429117347376925 10.421851274076682 10.429117347376943
10.429117643660527 10.421851570244389 10.429117643660534
10.429117939944142 10.421851866412098 10.42911793994414
10.429118236227742 10.421852162579814 10.429118236227762
10.429118532511376 10.421852458747548 10.429118532511389
10.42911882879501 10.421852754915298 10.429118828795012
10.429119125078637 10.421853051083035 10.429119125078651
10.429119421362275 10.421853347250766 10.429119421362296
10.42911971764595 10.421853643418538 10.429119717645957
10.429120013929596 10.42185393958632 10.429120013929628
10.429120310213277 10.421854235754092 10.4291203102133
10.429120606496951 10.421854531921849 10.429120606496966
10.429120902780635 10.421854828089659 10.429120902780653
10.429121199064333 10.421855124257451 10.429121199064351
10.429121495348035 10.42185542042526 10.42912149534805
10.429121791631747 10.42185571659307 10.429121791631758
10.429122087915461 10.42185601276089 10.429122087915479
10.429122384199195 10.421856308928724 10.4291223841992
10.429122680482935 10.42185660509659 10.429122680482951
10.429122976766692 10.421856901264439 10.4291229767667
10.429123273050426 10.421857197432292 10.429123273050447
10.429123569334191 10.421857493600157 10.42912356933421
10.429123865617964 10.421857789768024 10.429123865617974
10.429124161901742 10.421858085935924 10.429124161901758
10.429124458185518 10.4218583821038 10.429124458185544
10.429124754469324 10.421858678271702 10.429124754469338
10.429125050753123 10.4218589744396 10.42912505075313
10.42912534703693 10.42185927060754 10.429125347036948
10.429125643320763 10.421859566775455 10.429125643320766
10.429125939604576 10.421859862943379 10.429125939604596
10.429126235888415 10.421860159111331 10.42912623588844
10.429126532172276 10.421860455279285 10.429126532172287
10.429126828456116 10.421860751447229 10.429126828456141
10.42912712473998 10.421861047615216 10.429127124740006
10.429127421023868 10.42186134378319 10.429127421023866
10.42912771730774 10.421861639951166 10.429127717307754
10.429128013591605 10.421861936119164 10.429128013591633
10.429128309875518 10.421862232287149 10.429128309875532
10.429128606159429 10.421862528455163 10.429128606159432
10.429128902443322 10.421862824623174 10.429128902443335
10.429129198727258 10.421863120791214 10.429129198727264
10.42912949501117 10.421863416959237 10.429129495011184
10.429129791295118 10.421863713127273 10.429129791295129
10.429130087579049 10.421864009295328 10.429130087579066
10.429130383862997 10.42186430546338 10.429130383863017
10.429130680146958 10.42186460163146 10.429130680146981
10.429130976430919 10.421864897799518 10.429130976430937
10.429131272714907 10.421865193967621 10.429131272714924
10.429131568998889 10.421865490135694 10.429131568998912
10.429131865282905 10.42186578630381 10.429131865282914
10.429132161566883 10.421866082471901 10.429132161566908
10.429132457850907 10.421866378640022 10.429132457850923
10.429132754134926 10.421866674808147 10.42913275413494
10.429133050418962 10.42186697097628 10.429133050418963
10.429133346702985 10.421867267144416 10.429133346703
10.429133642987026 10.421867563312565 10.429133642987043
10.429133939271088 10.421867859480729 10.429133939271102
10.429134235555154 10.4218681556489 10.42913423555516
10.429134531839214 10.421868451817076 10.429134531839228
10.429134828123303 10.421868747985254 10.42913482812331
10.429135124407379 10.421869044153445 10.429135124407402
10.429135420691482 10.421869340321644 10.429135420691487
10.429135716975589 10.421869636489857 10.429135716975598
10.42913601325969 10.421869932658069 10.42913601325971
10.42913630954381 10.421870228826288 10.429136309543827
10.429136605827948 10.421870524994535 10.429136605827965
10.429136902112074 10.421870821162774 10.429136902112091
10.429137198396221 10.421871117331031 10.429137198396235
10.42913749468037 10.421871413499277 10.429137494680397
10.429137790964532 10.421871709667528 10.42913779096455
10.429138087248692 10.421872005835802 10.429138087248708
10.42913838353287 10.421872302004092 10.429138383532884
10.42913867981707 10.421872598172378 10.429138679817076
10.429138976101244 10.42187289434068 10.429138976101262
10.429139272385452 10.421873190508991 10.42913927238546
10.429139568669672 10.421873486677297 10.42913956866969
