0.697758028497249 0.6283161689241866 0.6283161689241892 0.6977580284972512
0.9186292857353114 0.840482817337855 0.8404828173378562 0.9186292857353144
1.126463952657176 1.0453838356459852 1.0453838356459852 1.1264639526571791
1.3404452996850649 1.2580126059411965 1.258012605941195 1.3404452996850684
1.568207540199208 1.4847086239927245 1.4847086239927216 1.5682075401992102
1.813907330708105 1.7292114136131689 1.7292114136131658 1.8139073307081084
2.0800921028529875 1.993978387271167 1.9939783872711614 2.0800921028529915
2.368262685673166 2.2805578881281 2.2805578881280906 2.3682626856731703
2.6790348296684128 2.589676807215857 2.589676807215847 2.6790348296684154
3.01215935876673 2.9212281738111407 2.9212281738111265 3.0121593587667315
3.366501080609323 3.2742324861735246 3.2742324861735064 3.3665010806093227
3.7400261256300174 3.6468123537933312 3.6468123537933077 3.7400261256300156
4.129826890944156 4.036205918581158 4.036205918581128 4.129826890944155
4.532201514046313 4.438835152721725 4.43883515272169 4.532201514046309
4.942794092427348 4.8504358416925575 4.850435841692514 4.942794092427341
5.356791156564304 5.2662459781989215 5.266245978198867 5.356791156564301
5.769159889674368 5.681239331285407 5.681239331285348 5.769159889674364
6.174905880838505 6.090382849423491 6.090382849423419 6.174905880838501
6.569324381831342 6.488892046591285 6.488892046591204 6.56932438183133
6.948219932336873 6.872458637386445 6.872458637386357 6.948219932336861
7.308074497373915 7.237429325657754 7.237429325657654 7.308074497373895
7.646152528264253 7.580922577087575 7.580922577087465 7.646152528264227
7.960540615950534 7.900879477831895 7.900879477831774 7.960540615950509
8.250127688528615 8.19605338052703 8.196053380526893 8.25012768852859
8.514537617227417 8.465949441860122 8.465949441859976 8.514537617227385
8.754029061515753 8.710728641489576 8.710728641489432 8.754029061515721
8.969377596694192 8.931091516644871 8.931091516644713 8.969377596694153
9.161753326190052 9.128155288477952 9.128155288477782 9.161753326190027
9.332604174625981 9.303335175851272 9.303335175851103 9.332604174625938
9.483551703805151 9.458237335848022 9.458237335847837 9.483551703805098
9.616303190073252 9.594567680935468 9.59456768093529 9.616303190073197
9.732581188538784 9.714058185197903 9.714058185197711 9.732581188538738
9.834070005832737 9.818410358928066 9.81841035892787 9.834070005832691
9.922377373360845 9.909254328036893 9.909254328036706 9.922377373360794
9.999009038810748 9.988121293130828 9.988121293130636 9.999009038810687
10.065353828165621 10.05642691714725 10.05642691714706 10.065353828165573
10.122676833774488 10.115463256868443 10.115463256868237 10.12267683377443
10.17211864101722 10.166397092009682 10.166397092009486 10.172118641017176
10.214698831733912 10.210272825369984 10.210272825369785 10.214698831733854
10.251322339912907 10.248018467079216 10.248018467079001 10.251322339912834
10.282787549998083 10.280453537504405 10.280453537504195 10.282787549998028
10.30979530314306 10.308298006929048 10.308298006928847 10.309795303143003
10.332958205603397 10.332181627870911 10.332181627870698 10.332958205603342
10.352809816890751 10.352653207603717 10.352653207603511 10.352809816890693
10.36981343771429 10.370189518045068 10.37018951804485 10.369813437714239
10.384370325132426 10.3852036535466 10.385203653546391 10.384370325132366
10.396827241078405 10.398052730653937 10.398052730653717 10.396827241078352
10.407483296450685 10.409044883659618 10.409044883659384 10.407483296450629
10.416596091461306 10.41844555110482 10.418445551104611 10.41659609146124
10.424387178242672 10.42648307578862 10.426483075788406 10.42438717824262
10.431046887305085 10.433353657950997 10.433353657950788 10.431046887305039
10.4367385680463 10.439225710973327 10.439225710973108 10.436738568046241
10.44160229722958 10.444243673383976 10.44424367338375 10.44160229722952
10.445758109740357 10.448531331829024 10.448531331828816 10.44575810974029
10.449308804157452 10.452194708190518 10.4521947081903 10.449308804157399
10.452342372573161 10.45532456109857 10.455324561098347 10.452342372573096
10.454934100255441 10.457998548320345 10.457998548320127 10.454934100255402
10.457148376580502 10.460283092357539 10.460283092357331 10.45714837658044
10.4590402544459 10.462234987342562 10.462234987342354 10.45904025444584
10.46065679128658 10.463902781186095 10.463902781185894 10.460656791286524
10.462038200963555 10.465327963013907 10.465327963013683 10.462038200963496
10.463218842241272 10.466545982307476 10.466545982307263 10.463218842241215
10.4642280663397 10.467587122863053 10.467587122862833 10.464228066339649
10.465090943146219 10.46847725171375 10.468477251713537 10.465090943146174
10.465828883090557 10.469238460512873 10.469238460512658 10.465828883090499
10.466460169405003 10.46988961453605 10.469889614535843 10.46646016940494
10.467000413489133 10.470446822401152 10.470446822400937 10.467000413489082
10.467462944345527 10.470923837804763 10.470923837804563 10.467462944345469
10.467859141528974 10.471332403005002 10.471332403004784 10.467859141528933
10.468198719727091 10.47168254241789 10.471682542417675 10.468198719727036
10.46848997194392 10.471982813514717 10.4719828135145 10.46848997194386
10.46873997726914 10.47224052118781 10.472240521187594 10.46873997726909
10.468954778360642 10.472461900873311 10.472461900873087 10.468954778360589
10.469139533034447 10.472652274961796 10.472652274961595 10.469139533034385
10.469298643724187 10.47281618637738 10.472816186377171 10.469298643724134
10.469435868029533 10.472957512645662 10.472957512645447 10.469435868029493
10.46955441310791 10.47307956329209 10.473079563291867 10.469554413107854
10.469657016264932 10.473185163000437 10.47318516300022 10.469657016264849
10.469746013757076 10.473276722608691 10.473276722608476 10.469746013757014
10.46982339952803 10.473356299717778 10.473356299717564 10.469823399527979
10.469890875348286 10.473425650430634 10.473425650430409 10.469890875348232
10.469949893615485 10.473486273517581 10.473486273517358 10.469949893615441
10.4700016938882 10.473539448115691 10.47353944811547 10.470001693888138
10.470047334069564 10.473586265907569 10.473586265907354 10.470047334069502
10.470087717024114 10.47362765858749 10.473627658587274 10.470087717024054
10.470123613295655 10.473664421304363 10.473664421304147 10.470123613295586
10.470155680497324 10.473697232670741 10.47369723267053 10.470155680497276
10.470184479860896 10.473726671840405 10.47372667184019 10.470184479860853
10.470210490361367 10.47375323308377 10.473753233083547 10.470210490361305
10.470234120771865 10.473777338227846 10.473777338227634 10.470234120771801
10.470255719952364 10.473799347273241 10.473799347273035 10.470255719952295
10.470275585630413 10.47381956745542 10.473819567455207 10.470275585630358
10.470293971895408 10.473838260978049 10.473838260977832 10.470293971895357
10.470311095594228 10.473855651613091 10.473855651612878 10.470311095594178
10.470327141789888 10.473871930333646 10.47387193033344 10.470327141789838
10.470342268420035 10.473887260121161 10.473887260120936 10.470342268419968
10.470356610272633 10.473901780068157 10.473901780067937 10.470356610272589
10.470370282379196 10.47391560887971 10.473915608879487 10.47037028237912
10.470383382910287 10.47392884786166 10.47392884786145 10.470383382910244
10.470395995647229 10.473941583470868 10.473941583470648 10.470395995647163
10.470408192090797 10.473953889491641 10.47395388949142 10.470408192090757
10.470420033261599 10.473965828893284 10.473965828893057 10.470420033261556
10.470431571235967 10.47397745541523 10.473977455415008 10.470431571235899
10.470442850456989 10.473988814919984 10.473988814919755 10.470442850456932
10.4704539088535 10.473999946547629 10.473999946547407 10.470453908853447
10.47046477879479 10.474010883701197 10.474010883700984 10.470464778794717
10.470475487905494 10.474021654887656 10.474021654887435 10.470475487905443
10.470486059761228 10.47403228443538 10.474032284435154 10.470486059761159
10.470496514481788 10.474042793106856 10.474042793106637 10.470496514481741
10.470506869237978 10.47405319862117 10.474053198620956 10.470506869237925
10.47051713868367 10.47406351610025 10.474063516100022 10.470517138683627
10.470527335324881 10.474073758449409 10.474073758449201 10.470527335324803
10.470537469834394 10.474083936682407 10.474083936682192 10.470537469834337
10.470547551320719 10.474094060198588 10.474094060198363 10.470547551320667
10.47055758755721 10.47410413701952 10.474104137019305 10.470557587557133
10.470567585177786 10.47411417399108 10.474114173990865 10.470567585177744
10.470577549844062 10.474124176955609 10.474124176955392 10.470577549844005
10.470587486387732 10.474134150899122 10.47413415089891 10.470587486387673
10.470597398932226 10.474144100076789 10.474144100076577 10.470597398932172
10.470607290996652 10.47415402812005 10.474154028119823 10.470607290996593
10.470617165584267 10.474163938128083 10.47416393812785 10.470617165584201
10.470627025258064 10.474173832745775 10.474173832745562 10.470627025257993
10.470636872205459 10.474183714230342 10.47418371423012 10.470636872205395
10.47064670829311 10.47419358450811 10.474193584507903 10.470646708293073
10.470656535114223 10.47420344522312 10.474203445222892 10.47065653511416
10.470666354028316 10.474213297778343 10.474213297778135 10.47066635402826
10.470676166195732 10.474223143371157 10.474223143370947 10.470676166195672
10.47068597260672 10.474232983023445 10.474232983023231 10.470685972606647
10.470695774106327 10.474242817607248 10.474242817607024 10.47069577410626
10.470705571415765 10.474252647866805 10.474252647866605 10.470705571415715
10.470715365150584 10.474262474437333 10.474262474437113 10.470715365150534
10.470725155836057 10.474272297860841 10.474272297860626 10.470725155835995
10.470734943920428 10.474282118599938 10.474282118599719 10.470734943920371
10.470744729786313 10.474291937049411 10.47429193704921 10.470744729786249
10.47075451376018 10.474301753546237 10.474301753546017 10.47075451376013
10.470764296120707 10.4743115683779 10.47431156837769 10.470764296120654
10.470774077105682 10.474321381789828 10.474321381789622 10.470774077105624
10.470783856918045 10.474331193991445 10.47433119399122 10.470783856917974
10.470793635730965 10.474341005161463 10.474341005161243 10.47079363573092
10.4708034136923 10.47435081545239 10.474350815452171 10.470803413692257
10.470813190928167 10.474360624994457 10.474360624994238 10.470813190928109
10.470822967546233 10.474370433898727 10.47437043389851 10.470822967546177
10.470832743638358 10.474380242259981 10.474380242259773 10.470832743638303
10.470842519282941 10.474390050159167 10.474390050158958 10.470842519282888
10.47085229454693 10.474399857665345 10.474399857665128 10.470852294546866
10.47086206948742 10.474409664837419 10.474409664837198 10.470862069487358
10.470871844153118 10.474419471725685 10.474419471725465 10.470871844153073
10.470881618585635 10.474429278373044 10.474429278372826 10.47088161858558
10.47089139282048 10.474439084816165 10.474439084815952 10.47089139282042
10.470901166887927 10.474448891086293 10.474448891086084 10.47090116688789
10.47091094081385 10.47445869721011 10.47445869720989 10.470910940813791
10.470920714620288 10.47446850321035 10.474468503210138 10.470920714620233
10.470930488326083 10.474478309106498 10.474478309106273 10.470930488326022
10.470940261947304 10.474488114915104 10.47448811491489 10.470940261947248
10.470950035497667 10.474497920650323 10.474497920650101 10.470950035497603
10.470959808988857 10.474507726324244 10.474507726324024 10.470959808988804
10.470969582430879 10.474517531947145 10.474517531946942 10.470969582430826
10.470979355832267 10.474527337527856 10.474527337527647 10.470979355832197
10.470989129200268 10.47453714307387 10.474537143073658 10.47098912920021
10.470998902541087 10.474546948591595 10.474546948591383 10.470998902541037
10.471008675860073 10.474556754086493 10.474556754086274 10.471008675860025
10.471018449161708 10.474566559563232 10.474566559563016 10.471018449161662
10.47102822244987 10.474576365025804 10.474576365025586 10.471028222449796
10.471037995727844 10.474586170477604 10.474586170477389 10.471037995727784
10.471047768998409 10.474595975921531 10.474595975921316 10.471047768998353
10.471057542264003 10.47460578136005 10.47460578135984 10.47105754226396
10.471067315526671 10.474615586795295 10.474615586795073 10.471067315526613
10.471077088788133 10.474625392229045 10.474625392228829 10.471077088788078
10.471086862049926 10.474635197662845 10.474635197662634 10.471086862049864
10.471096635313273 10.474645003098015 10.474645003097804 10.47109663531321
10.471106408579278 10.474654808535675 10.474654808535456 10.471106408579226
10.471116181848892 10.474664613976756 10.474664613976534 10.471116181848828
10.471125955122861 10.474674419422135 10.4746744194219 10.471125955122815
10.471135728401888 10.47468422487244 10.47468422487222 10.47113572840185
10.471145501686564 10.474694030328308 10.474694030328093 10.471145501686506
10.471155274977354 10.474703835790233 10.474703835790024 10.471155274977292
10.471165048274681 10.474713641258656 10.474713641258436 10.471165048274619
10.471174821578893 10.474723446733936 10.474723446733716 10.471174821578842
10.471184594890325 10.474733252216382 10.474733252216165 10.471184594890262
10.471194368209211 10.474743057706272 10.474743057706066 10.471194368209158
10.471204141535805 10.474752863203848 10.474752863203635 10.471204141535745
10.471213914870276 10.474762668709294 10.474762668709076 10.471213914870214
10.471223688212767 10.47477247422278 10.474772474222556 10.47122368821271
10.471233461563447 10.474782279744431 10.474782279744218 10.471233461563388
10.471243234922422 10.4747920852744 10.47479208527418 10.471243234922358
10.47125300828978 10.474801890812762 10.474801890812552 10.471253008289722
10.471262781665645 10.474811696359627 10.47481169635941 10.471262781665583
10.471272555050042 10.474821501915066 10.474821501914843 10.471272555049993
10.471282328443069 10.474831307479146 10.47483130747892 10.471282328443017
10.471292101844792 10.47484111305189 10.474841113051681 10.471292101844712
10.471301875255195 10.474850918633393 10.47485091863318 10.471301875255142
10.471311648674359 10.474860724223662 10.47486072422345 10.471311648674309
10.471321422102324 10.474870529822747 10.474870529822532 10.47132142210227
10.47133119553912 10.47488033543069 10.474880335430473 10.471331195539063
10.471340968984736 10.47489014104748 10.474890141047265 10.471340968984673
10.47135074243921 10.474899946673153 10.474899946672936 10.471350742439162
10.471360515902603 10.474909752307754 10.474909752307521 10.471360515902534
10.471370289374866 10.474919557951257 10.474919557951038 10.471370289374798
10.471380062856047 10.474929363603703 10.4749293636035 10.471380062855987
10.471389836346129 10.474939169265095 10.474939169264871 10.471389836346074
10.471399609845173 10.474948974935435 10.47494897493522 10.471399609845113
10.471409383353132 10.474958780614747 10.474958780614527 10.471409383353055
10.471419156870034 10.474968586303035 10.47496858630282 10.47141915686998
10.471428930395877 10.474978392000288 10.47497839200007 10.471428930395843
10.471438703930719 10.474988197706542 10.474988197706319 10.471438703930648
10.471448477474482 10.474998003421764 10.474998003421545 10.471448477474423
10.471458251027217 10.475007809145982 10.475007809145774 10.471458251027146
10.47146802458891 10.4750176148792 10.47501761487899 10.47146802458886
10.471477798159587 10.4750274206214 10.475027420621199 10.471477798159532
10.47148757173924 10.475037226372606 10.475037226372395 10.471487571739175
10.471497345327826 10.47504703213283 10.475047032132608 10.471497345327775
10.471507118925413 10.475056837902025 10.475056837901816 10.471507118925357
10.471516892531993 10.475066643680238 10.47506664368001 10.471516892531918
10.471526666147522 10.47507644946746 10.475076449467236 10.471526666147463
10.47153643977204 10.475086255263685 10.47508625526347 10.47153643977198
10.471546213405546 10.475096061068907 10.475096061068689 10.471546213405476
10.471555987047992 10.475105866883151 10.475105866882922 10.471555987047946
10.471565760699454 10.475115672706385 10.475115672706167 10.471565760699404
10.471575534359893 10.475125478538633 10.475125478538418 10.47157553435983
10.471585308029315 10.475135284379904 10.475135284379677 10.471585308029248
10.471595081707711 10.475145090230175 10.47514509022996 10.47159508170765
10.47160485539509 10.475154896089464 10.475154896089235 10.471604855395018
10.471614629091434 10.475164701957743 10.475164701957524 10.471614629091375
10.471624402796762 10.47517450783503 10.475174507834833 10.471624402796717
10.471634176511103 10.475184313721352 10.475184313721137 10.471634176511053
10.471643950234427 10.475194119616683 10.475194119616466 10.471643950234368
10.471653723966705 10.47520392552103 10.475203925520798 10.471653723966657
10.471663497707988 10.47521373143436 10.475213731434136 10.471663497707935
10.471673271458243 10.475223537356722 10.475223537356504 10.471673271458192
10.471683045217487 10.475233343288087 10.475233343287877 10.471683045217432
10.47169281898572 10.475243149228469 10.475243149228248 10.471692818985659
10.471702592762925 10.475252955177865 10.475252955177641 10.471702592762869
10.471712366549134 10.475262761136264 10.47526276113605 10.471712366549069
10.47172214034429 10.475272567103678 10.47527256710346 10.471722140344239
10.471731914148462 10.475282373080093 10.47528237307988 10.471731914148393
10.47174168796159 10.475292179065539 10.475292179065319 10.471741687961536
10.471751461783706 10.475301985059984 10.475301985059776 10.47175146178366
10.471761235614826 10.475311791063465 10.475311791063245 10.471761235614776
10.471771009454928 10.475321597075924 10.475321597075705 10.471771009454876
10.47178078330401 10.475331403097416 10.475331403097197 10.471780783303947
10.471790557162066 10.475341209127905 10.4753412091277 10.471790557162008
10.4718003310291 10.475351015167435 10.475351015167211 10.471800331029058
10.47181010490516 10.475360821215958 10.47536082121574 10.471810104905087
10.471819878790171 10.47537062727349 10.475370627273266 10.471819878790111
10.471829652684155 10.47538043334003 10.47538043333981 10.471829652684098
10.471839426587142 10.4753902394156 10.475390239415372 10.471839426587078
10.471849200499102 10.47540004550017 10.475400045499944 10.47184920049906
10.471858974420062 10.475409851593746 10.475409851593536 10.471858974420007
10.471868748349994 10.475419657696348 10.475419657696134 10.471868748349943
10.471878522288918 10.475429463807952 10.475429463807748 10.471878522288872
10.471888296236807 10.475439269928565 10.475439269928346 10.471888296236768
10.471898070193703 10.4754490760582 10.475449076057993 10.471898070193651
10.471907844159578 10.475458882196843 10.475458882196634 10.471907844159514
10.471917618134428 10.475468688344513 10.475468688344295 10.47191761813437
10.471927392118284 10.47547849450117 10.475478494500962 10.471927392118213
10.471937166111076 10.47548830066685 10.475488300666635 10.471937166111031
10.47194694011289 10.475498106841538 10.47549810684132 10.47194694011285
10.471956714123694 10.475507913025256 10.475507913025046 10.471956714123634
10.471966488143481 10.47551771921796 10.475517719217743 10.471966488143407
10.47197626217222 10.475527525419707 10.475527525419482 10.471976262172172
10.47198603620995 10.475537331630436 10.475537331630221 10.471986036209909
10.471995810256688 10.47554713785019 10.47554713784998 10.47199581025663
10.472005584312404 10.475556944078955 10.475556944078734 10.472005584312354
10.472015358377101 10.475566750316737 10.475566750316517 10.47201535837704
10.47202513245076 10.47557655656353 10.475576556563302 10.472025132450725
10.47203490653344 10.475586362819323 10.475586362819108 10.472034906533379
10.472044680625102 10.475596169084154 10.475596169083932 10.472044680625038
10.472054454725745 10.475605975357979 10.475605975357745 10.472054454725678
10.472064228835354 10.475615781640819 10.47561578164061 10.472064228835293
10.472074002953969 10.47562558793269 10.47562558793246 10.472074002953901
10.47208377708154 10.47563539423355 10.475635394233336 10.472083777081489
10.472093551218109 10.475645200543418 10.475645200543205 10.472093551218059
10.472103325363658 10.475655006862304 10.475655006862091 10.472103325363605
10.472113099518197 10.475664813190214 10.475664813189999 10.472113099518142
10.47212287368171 10.475674619527126 10.47567461952691 10.472122873681665
10.472132647854226 10.475684425873066 10.47568442587284 10.472132647854172
10.47214242203572 10.475694232227998 10.47569423222778 10.472142422035672
10.472152196226196 10.475704038591958 10.475704038591736 10.472152196226146
10.47216197042566 10.475713844964911 10.475713844964687 10.472161970425603
10.472171744634103 10.47572365134689 10.475723651346668 10.472171744634041
10.472181518851539 10.475733457737874 10.475733457737661 10.47218151885148
10.472191293077953 10.475743264137877 10.475743264137673 10.472191293077893
10.472201067313343 10.475753070546896 10.475753070546675 10.472201067313287
10.472210841557718 10.475762876964922 10.475762876964714 10.472210841557676
10.472220615811091 10.475772683391964 10.475772683391746 10.472220615811041
10.47223039007345 10.475782489828006 10.475782489827795 10.472230390073387
10.472240164344786 10.475792296273086 10.475792296272854 10.47224016434473
10.472249938625104 10.475802102727162 10.475802102726954 10.47224993862505
10.47225971291441 10.475811909190234 10.475811909190034 10.472259712914354
10.472269487212706 10.475821715662352 10.475821715662137 10.472269487212644
10.472279261519967 10.475831522143462 10.475831522143261 10.472279261519917
10.472289035836235 10.475841328633594 10.475841328633376 10.472289035836182
10.472298810161465 10.475851135132732 10.475851135132523 10.472298810161416
10.472308584495703 10.475860941640883 10.475860941640667 10.472308584495648
10.472318358838903 10.475870748158052 10.475870748157835 10.472318358838852
10.472328133191077 10.475880554684233 10.47588055468401 10.472328133191034
10.472337907552275 10.475890361219415 10.475890361219198 10.472337907552223
10.472347681922454 10.475900167763614 10.4759001677634 10.47234768192239
10.472357456301582 10.475909974316828 10.475909974316615 10.47235745630152
10.472367230689716 10.475919780879059 10.475919780878836 10.472367230689661
