0.5676158967918439 0.4813036127917855 0.4786233855927211 0.4786233855927215 0.48130361279178635 0.5676158967918448
0.7146035186881741 0.6061593350359534 0.6008412590049521 0.6008412590049529 0.6061593350359543 0.7146035186881752
0.8377990797001296 0.7148025137397864 0.7066162146634316 0.7066162146634324 0.7148025137397876 0.8377990797001302
0.9515037398232624 0.8185102683345318 0.8074409815046553 0.8074409815046566 0.8185102683345344 0.9515037398232633
1.061220463924176 0.9213221060516698 0.9074485910060304 0.9074485910060329 0.9213221060516722 1.0612204639241776
1.1698880789374597 1.02525831920832 1.0087001153849102 1.0087001153849133 1.0252583192083247 1.169888078937461
1.2793558371781004 1.1315388360791432 1.1124308028862935 1.1124308028862968 1.1315388360791483 1.2793558371781026
1.3909034627079615 1.2409984131556961 1.2194778771647283 1.2194778771647323 1.2409984131557021 1.3909034627079624
1.505470916573227 1.354259127028921 1.330459401188844 1.33045940118885 1.3542591270289281 1.5054709165732283
1.6237757147271514 1.471811218487755 1.4458585935859878 1.4458585935859944 1.4718112184877634 1.6237757147271548
1.7463787031139397 1.5940538806966846 1.5660666285352682 1.5660666285352738 1.5940538806966942 1.7463787031139435
1.8737230922638692 1.7213165995201383 1.6914051867608781 1.6914051867608877 1.7213165995201496 1.8737230922638723
2.0061582968448186 1.8538702650800425 1.8221382997895361 1.822138299789544 1.853870265080056 2.00615829684482
2.1439545629563215 1.9919325619623776 1.9584781665025068 1.9584781665025175 1.9919325619623918 2.143954562956325
2.2873117666640925 2.135670017155714 2.100587420422501 2.100587420422511 2.135670017155734 2.287311766664094
2.436364441784052 2.285198056954277 2.2485792610174946 2.2485792610175084 2.2851980569542967 2.4363644417840544
2.5911843698572414 2.4405799013402785 2.4025163184909735 2.4025163184909877 2.440579901340301 2.591184369857244
2.7517816456016777 2.6018248472060903 2.5624088314481646 2.5624088314481837 2.601824847206113 2.7517816456016804
2.9181048763332798 2.768886339018262 2.7282125557407757 2.728212555740794 2.7688863390182927 2.918104876333281
3.090041011763731 2.941660137163493 2.8998267289970525 2.8998267289970716 2.941660137163523 3.0900410117637334
3.267415191676803 3.1199828389337965 3.077092356608667 3.0770923566086865 3.1199828389338324 3.267415191676807
3.449990920393627 3.303630967768148 3.2597910435649453 3.259791043564969 3.303630967768185 3.449990920393628
3.6374708149179584 3.492320813259933 3.4476445623749643 3.44764456237499 3.4923208132599717 3.6374708149179615
3.8294981198066003 3.685709171974996 3.6403153144855147 3.640315314485544 3.685709171975043 3.829498119806602
4.02565913111939 3.883395104249084 3.837407807756752 3.837407807756787 3.8833951042491353 4.025659131119395
4.225486621547367 4.08492278346254 4.0384712340807845 4.038471234080823 4.084922783462596 4.225486621547368
4.428464307943513 4.2897854716906485 4.24300318878942 4.243003188789461 4.28978547169071 4.428464307943516
4.6340323511860735 4.497430609929685 4.450454527766778 4.450454527766822 4.497430609929747 4.6340323511860735
4.841593827720394 4.7072659638886645 4.660235310628574 4.660235310628616 4.707265963888734 4.841593827720393
5.050522064030332 4.91866671974882 4.871721731015333 4.871721731015381 4.918666719748888 5.050522064030331
5.260168681828058 5.130983380783695 5.084263890405483 5.084263890405536 5.130983380783771 5.260168681828058
5.469872165151544 5.343550277837618 5.297194232446408 5.297194232446463 5.343550277837706 5.469872165151547
5.678966732863459 5.555694476736575 5.509836423057706 5.5098364230577666 5.555694476736668 5.67896673286346
5.886791282865419 5.766744845695135 5.72151443953073 5.721514439530792 5.766744845695236 5.8867912828654125
6.092698168662744 5.976041037007145 5.931561620988993 5.931561620989065 5.976041037007253 6.0926981686627455
6.296061574972445 6.182942140326424 6.139329433591043 6.1393294335911115 6.1829421403265385 6.296061574972425
6.496285276301973 6.386834779390263 6.344195716626269 6.344195716626345 6.386834779390385 6.496285276301968
6.692809589529288 6.587140449041565 6.5455721992259654 6.545572199226045 6.587140449041686 6.692809589529288
6.885117366539934 6.783321923091328 6.7429111101030825 6.742911110103167 6.783321923091465 6.885117366539926
7.072738913533244 6.974888603626245 6.935710742291057 6.935710742291147 6.974888603626389 7.072738913533234
7.255255767064271 7.1614007261843 7.123519878659992 7.123519878660083 7.161400726184444 7.255255767064244
7.432303300605167 7.342472380090469 7.305941029310957 7.305941029311048 7.3424723800906175 7.432303300605166
7.603572176955531 7.517773346600761 7.482632476155624 7.4826324761557235 7.517773346600927 7.603572176955512
7.768808699142438 7.687029797116354 7.653309160756737 7.653309160756833 7.687029797116503 7.768808699142428
7.927814143966444 7.850023927841241 7.817742486970383 7.817742486970488 7.850023927841414 7.927814143966436
8.080443187052637 8.006592634663013 7.9757591387819495 7.9757591387820606 8.006592634663178 8.080443187052628
8.22660154570658 8.156625352104465 8.127239035230966 8.127239035231089 8.156625352104648 8.226601545706561
8.366242976107118 8.300061192836145 8.272112558301234 8.272112558301348 8.300061192836338 8.366242976107095
8.499365764880626 8.436885529830363 8.410357196422389 8.410357196422515 8.436885529830557 8.499365764880604
8.62600885270168 8.567126162519434 8.541993746484438 8.541993746484565 8.56712616251963 8.626008852701665
8.746247720279037 8.6908492022851 8.667082211978546 8.667082211978668 8.6908492022853 8.746247720279026
8.860190156035118 8.80815480238206 8.78571752517205 8.78571752517218 8.808154802382273 8.860190156035102
8.967972011109575 8.919172844152074 8.898025208281158 8.89802520828129 8.919172844152287 8.967972011109548
9.069753032076937 9.024058676231606 9.004157073562483 9.004157073562618 9.02405867623182 9.069753032076912
9.165712845912129 9.122988987402941 9.104287046142407 9.104287046142538 9.122988987403149 9.165712845912108
9.2560471560528 9.216157877640613 9.198607177130452 9.198607177130594 9.21615787764084 9.256047156052778
9.340964193516449 9.303773176446613 9.287323898839949 9.287323898840091 9.303773176446848 9.340964193516408
9.420681453381432 9.38605304325841 9.370654559305956 9.370654559306097 9.38605304325866 9.420681453381405
9.49542273483054 9.463222871900077 9.44882426012337 9.448824260123521 9.463222871900308 9.49542273483052
9.565415492538326 9.5355125099251 9.522063010146123 9.522063010146276 9.53551250992534 9.565415492538314
9.630888498506637 9.60315379434882 9.590603197887718 9.59060319788787 9.603153794349073 9.6308884985066
9.692069806468394 9.66637839766406 9.654677377535046 9.654677377535197 9.666378397664312 9.692069806468377
9.749185005583291 9.725415972084331 9.714516357245289 9.714516357245435 9.725415972084578 9.749185005583259
9.802455746184906 9.780492575519197 9.770347573701676 9.770347573701832 9.78049257551945 9.802455746184862
9.852098517637154 9.83182935968318 9.822393733585486 9.822393733585649 9.83182935968344 9.85209851763714
9.8983236567264 9.879641498784554 9.870871700490284 9.870871700490444 9.879641498784812 9.898323656726381
9.941334564276392 9.924137336245904 9.915991604669719 9.915991604669866 9.92413733624617 9.941334564276366
9.981327107649387 9.96551772669198 9.957956152686624 9.957956152686783 9.96551772669224 9.981327107649356
10.018489187329013 10.00397555083582 9.996960114348798 9.996960114348964 10.00397555083608 10.01848918732897
10.053000446729797 10.039695381752749 10.033189965121919 10.033189965122077 10.03969538175303 10.053000446729783
10.085032105622092 10.072853282223177 10.066823663368588 10.066823663368746 10.072853282223459 10.085032105622057
10.114746898996454 10.103616714240427 10.098030543162372 10.098030543162535 10.1036167142407 10.114746898996405
10.142299104738735 10.132144543328572 10.126971304970823 10.126971304970986 10.132144543328838 10.142299104738687
10.16783464507342 10.158587121924711 10.153798088118645 10.153798088118807 10.15858712192498 10.167834645073393
10.191491248312907 10.183086437693433 10.178654610569735 10.1786546105699 10.183086437693715 10.19149124831288
10.213398658980674 10.205776314216022 10.20167636316142 10.20167636316158 10.205776314216296 10.213398658980628
10.23367888583292 10.226782653001578 10.222990846951213 10.222990846951372 10.226782653001875 10.233678885832889
10.252446478664448 10.246223707180805 10.242717843774855 10.24271784377503 10.246223707181075 10.25244647866441
10.269808826040334 10.264210378551319 10.260969711447705 10.260969711447876 10.26421037855161 10.269808826040283
10.28586646724158 10.280846530840918 10.277851696263493 10.277851696263658 10.280846530841197 10.285866467241494
10.30071341274523 10.296229313136665 10.293462256550999 10.293462256551162 10.296229313136946 10.300713412745207
10.314437468483897 10.310449488398966 10.307893392042065 10.30789339204223 10.310449488399241 10.314437468483879
10.32712055994645 10.323591762839742 10.321230974686463 10.321230974686628 10.323591762840028 10.32712055994643
10.338839052903063 10.33573511270336 10.333555077327606 10.33355507732778 10.33573511270364 10.338839052903014
10.349664068163055 10.346953105651018 10.344940297333064 10.344940297333237 10.346953105651297 10.349664068163042
10.35966178831855 10.35731421452501 10.355456072865405 10.355456072865572 10.35731421452528 10.359661788318531
10.368893754892008 10.366882121763842 10.36516698998727 10.36516698998744 10.366882121764124 10.368893754891966
10.377417154705903 10.375716013162453 10.374133079231079 10.374133079231257 10.37571601316274 10.377417154705867
10.385285094628346 10.383870860030614 10.382410100632697 10.382410100632876 10.383870860030902 10.385285094628316
10.392546864131795 10.391397689104897 10.39004981654096 10.39004981654114 10.391397689105169 10.39254686413177
10.399248185338154 10.398343839821417 10.397100251774487 10.397100251774662 10.39834383982169 10.39924818533813
10.405431450417648 10.404753208765076 10.40360594091311 10.403605940913282 10.404753208765358 10.405431450417609
10.411135946367006 10.410666481281385 10.40960816268777 10.409608162687938 10.410666481281671 10.411135946366969
10.41639806732095 10.416121350374759 10.415145161575357 10.41514516157552 10.416121350375041 10.416398067320937
10.421251514651324 10.421152723127005 10.42025235681931 10.420252356819484 10.421152723127292 10.4212515146513
10.425727485187313 10.425792914955377 10.424962539186069 10.424962539186236 10.425792914955652 10.4257274851873
10.429854847950319 10.43007183209496 10.429306055836054 10.429306055836225 10.430071832095258 10.429854847950308
10.43366030983965 10.434017142739117 10.433310983738691 10.433310983738854 10.43401714273941 10.433660309839606
10.437168570736462 10.437654437305097 10.43700329209736 10.437003292097524 10.437654437305389 10.437168570736432
10.440402468512502 10.441007378315078 10.440406994274065 10.44040699427424 10.44100737831536 10.44040246851247
10.443383114439388 10.444097840394969 10.443544289717362 10.44354428971755 10.44409784039524 10.443383114439358
10.446130019498423 10.446946040897936 10.446435696403078 10.44643569640325 10.446946040898224 10.446130019498394
10.44866121208633 10.449570661658214 10.44910017429573 10.449100174295898 10.449570661658502 10.448661212086272
10.450993347605069 10.45198896237314 10.45155524033318 10.451555240333358 10.451988962373433 10.450993347605028
10.453141810412403 10.454216886101133 10.453817075425363 10.453817075425535 10.454216886101412 10.453141810412358
10.455120808594351 10.456269157348684 10.455900623945054 10.455900623945222 10.456269157348961 10.45512080859431
10.456943462005679 10.458159373203612 10.457819686172295 10.45781968617247 10.458159373203902 10.456943462005645
10.458621884005039 10.459900087953365 10.459587004135948 10.459587004136132 10.459900087953637 10.458621884005014
10.46016725729328 10.461502891608108 10.461214341276923 10.4612143412771 10.461502891608395 10.460167257293254
10.461589904243516 10.462978482729222 10.462712556337754 10.462712556337936 10.462978482729504 10.461589904243466
10.46289935209179 10.464336735942359 10.46409167186319 10.464091671863367 10.464336735942648 10.46289935209176
10.464104393337303 10.465586764495473 10.465360937675669 10.465360937675845 10.465586764495766 10.464104393337275
10.465213141681463 10.466736978201252 10.466528889670055 10.46652888967023 10.466736978201524 10.465213141681444
10.466233083816373 10.467795137084208 10.4676034042518 10.467603404251976 10.467795137084495 10.46623308381632
10.467171127353996 10.468768401033843 10.468591748723734 10.468591748723915 10.468768401034128 10.467171127353973
10.468033645170303 10.469663375746112 10.469500627907882 10.46950062790806 10.469663375746405 10.468033645170268
10.468826516419961 10.470486155218591 10.470336227270854 10.470336227271035 10.470486155218872 10.46882651641996
10.469555164462333 10.471242361046867 10.471104252804206 10.471104252804382 10.471242361047164 10.469555164462289
10.470224591922008 10.471937178754418 10.471809967894554 10.471809967894735 10.471937178754702 10.470224591921959
10.470839413094094 10.472575391371572 10.472458227403056 10.472458227403237 10.472575391371853 10.470839413094048
10.471403883888204 10.473161410466062 10.47305350915848 10.473053509158666 10.473161410466366 10.47140388388819
10.471921929493606 10.473699304812495 10.47359994305479 10.473599943054959 10.473699304812786 10.471921929493552
10.472397169933696 10.474192826875836 10.474101337930302 10.474101337930485 10.47419282687613 10.472397169933643
10.472832943668083 10.474645437271736 10.474561206393826 10.474561206394002 10.474645437272033 10.472832943668063
10.473232329387306 10.4750603273546 10.474982787750667 10.474982787750848 10.475060327354889 10.473232329387278
10.473598166136057 10.47544044007391 10.47536906917139 10.47536906917156 10.475440440074214 10.473598166136025
10.47393307189112 10.475788489229187 10.47572280523508 10.47572280523525 10.475788489229485 10.473933071891077
10.474239460710255 10.476106977244228 10.476046535970184 10.476046535970367 10.476106977244518 10.474239460710235
10.474519558560672 10.476398211572935 10.476342603506287 10.476342603506467 10.47639821157322 10.474519558560637
10.47477541792674 10.476664319840424 10.476613167442363 10.476613167442535 10.476664319840706 10.474775417926718
10.475008931290622 10.476907263815638 10.476860219029092 10.476860219029268 10.476907263815924 10.475008931290585
10.475221843570955 10.47712885230467 10.4770855942557 10.477085594255882 10.477128852304965 10.475221843570926
10.475415763599967 10.477330753046955 10.477290985924796 10.477290985924974 10.47733075304723 10.475415763599937
10.475592174712016 10.477514503690834 10.477477954792864 10.477477954793041 10.477514503691118 10.475592174711984
10.475752444511976 10.477681521919314 10.477647939847923 10.4776479398481 10.477681521919607 10.475752444511933
10.475897833886512 10.477833114790545 10.477802267790533 10.477802267790704 10.477833114790837 10.47589783388647
10.476029505316275 10.477970487354197 10.477942161779488 10.47794216177966 10.47797048735448 10.476029505316232
10.476148530542904 10.478094750598888 10.478068749498819 10.478068749498982 10.478094750599169 10.47614853054287
10.476255897640801 10.478206928782594 10.478183070598256 10.478183070598426 10.478206928782884 10.476255897640765
10.476352517539079 10.478307966193482 10.478286083555721 10.478286083555897 10.478307966193768 10.476352517539059
10.476439230036938 10.478398733385136 10.478378672006293 10.478378672006471 10.478398733385415 10.476439230036911
10.476516809350784 10.478480032926921 10.478461650579018 10.478461650579188 10.478480032927225 10.476516809350747
10.476585969230042 10.478552604707007 10.478535770279555 10.478535770279727 10.478552604707303 10.476585969229996
10.476647367674643 10.47861713082252 10.478601723453988 10.478601723454162 10.478617130822817 10.476647367674623
10.476701611285405 10.478674240089072 10.47866014836607 10.478660148366243 10.478674240089369 10.47670161128538
10.476749259275119 10.478724512199028 10.478711633417952 10.478711633418138 10.47872451219932 10.476749259275115
10.476790827167763 10.478768481555772 10.478756721042227 10.478756721042402 10.47876848155606 10.476790827167722
10.476826790208712 10.478806640809196 10.478795911290451 10.478795911290623 10.478806640809506 10.476826790208698
10.476857586509944 10.478839444115696 10.478829665142154 10.478829665142325 10.478839444115989 10.476857586509919
10.476883619949186 10.478867310143722 10.478858407555661 10.47885840755584 10.47886731014401 10.476883619949158
10.476905262843568 10.478890624845267 10.478882530281183 10.47888253028137 10.478890624845542 10.47690526284355
10.476922858414436 10.478909744010936 10.4789023944543 10.47890239445448 10.478909744011231 10.476922858414396
10.476936723059914 10.47892499562584 10.478918332987233 10.478918332987389 10.47892499562613 10.47693672305988
10.476947148450222 10.478936682041471 10.478930652773423 10.4789306527736 10.478936682041756 10.476947148450195
10.476954403459393 10.478945081978283 10.478939636720225 10.478939636720403 10.478945081978567 10.476954403459368
10.476958735946194 10.47895045237184 10.478945545622746 10.478945545622913 10.478950452372123 10.476958735946168
10.47696037439609 10.478953030074864 10.478948619891522 10.478948619891693 10.47895303007516 10.476960374396077
10.476959529434998 10.478953033426501 10.478949081145286 10.478949081145464 10.478953033426775 10.476959529434964
10.476956395224743 10.478950663698779 10.478947133679366 10.478947133679545 10.478950663699061 10.476956395224693
10.476951150749667 10.478946106430511 10.478942965819373 10.478942965819549 10.478946106430795 10.476951150749645
10.476943961002817 10.478939532656685 10.478936751169242 10.478936751169421 10.478939532656971 10.476943961002801
10.476934978079186 10.478931100041944 10.478928649761718 10.478928649761883 10.478931100042244 10.476934978079152
10.476924342183864 10.47892095392562 10.478918809119014 10.478918809119197 10.478920953925906 10.476924342183814
10.476912182561229 10.478909228284962 10.478907365230654 10.47890736523083 10.478909228285241 10.476912182561206
10.476898618351868 10.478896046623225 10.478894443454786 10.478894443454955 10.4788960466235 10.47689861835182
10.476883759381902 10.47888152278835 10.478880159349206 10.478880159349382 10.478881522788646 10.476883759381893
10.476867706891575 10.478865761727722 10.47886461943742 10.478864619437601 10.47886576172801 10.476867706891515
10.476850554205782 10.478848860183763 10.478847921914822 10.478847921915008 10.478848860184051 10.476850554205738
10.476832387353348 10.478830907335459 10.478830157299669 10.478830157299853 10.478830907335748 10.476832387353312
10.476813285637077 10.478811985389513 10.47881140903324 10.47881140903341 10.478811985389793 10.476813285637034
10.476793322159601 10.478792170125393 10.47879175403304 10.478791754033217 10.47879217012569 10.476793322159551
10.476772564308012 10.478771531397815 10.47877126320284 10.478771263203017 10.478771531398118 10.476772564307986
10.47675107420086 10.478750133599917 10.478750001902776 10.478750001902966 10.478750133600206 10.476751074200855
10.476728909099892 10.478728036090137 10.47872803038272 10.478728030382896 10.478728036090423 10.476728909099856
10.476706121789674 10.478705293585934 10.478705404181813 10.478705404181978 10.47870529358622 10.476706121789615
10.47668276092773 10.478681956526579 10.47868217449676 10.478682174496928 10.47868195652686 10.476682760927705
10.476658871367341 10.478658071407583 10.478658388521286 10.478658388521476 10.47865807140787 10.476658871367285
10.476634494454531 10.478633681089098 10.478634089759193 10.478634089759359 10.478633681089388 10.47663449445451
10.476609668302842 10.47860882508009 10.478609318312682 10.478609318312856 10.478608825080372 10.4766096683028
10.476584428045518 10.478583539800338 10.478584111148487 10.478584111148665 10.478583539800635 10.476584428045475
10.476558806068864 10.478557858822047 10.478558502342892 10.47855850234306 10.478557858822345 10.476558806068848
10.476532832226953 10.478531813092353 10.478532523307758 10.478532523307926 10.478531813092646 10.47653283222693
10.47650653403948 10.478505431138656 10.47850620299884 10.478506202999025 10.478505431138954 10.476506534039467
10.47647993687448 10.478478739257817 10.478479568107888 10.478479568108058 10.478478739258101 10.476479936874417
10.47645306411627 10.478451761690453 10.478452643239535 10.478452643239711 10.478451761690748 10.476453064116226
10.476425937320915 10.478424520781884 10.478425451074596 10.47842545107477 10.47842452078217 10.476425937320858
10.476398576358866 10.478397037130142 10.478398012520413 10.478398012520598 10.478397037130451 10.47639857635882
10.476370999546917 10.47836932972275 10.4783703468496 10.47837034684977 10.478369329723035 10.476370999546894
10.476343223769721 10.47834141606245 10.478342471827746 10.478342471827927 10.478341416062747 10.476343223769678
10.476315264591534 10.478313312283538 10.47831440383137 10.478314403831552 10.478313312283827 10.476315264591502
10.476287136359735 10.478285033258649 10.478286157956463 10.478286157956635 10.478285033258937 10.4762871363597
10.476258852299802 10.478256592697534 10.478257748118606 10.47825774811879 10.478256592697818 10.476258852299766
10.476230424603097 10.478228003237945 10.478229187145322 10.478229187145498 10.478228003238222 10.47623042460305
10.476201864507672 10.478199276529413 10.478200486861084 10.478200486861253 10.478199276529702 10.476201864507644
10.476173182372928 10.478170423310651 10.4781716581658 10.478171658165962 10.478170423310926 10.476173182372891
10.476144387748157 10.478141453480587 10.478142711107065 10.47814271110724 10.478141453480886 10.476144387748134
10.47611548943604 10.478112376164214 10.478113654946856 10.478113654947022 10.478112376164495 10.476115489436001
10.476086495550858 10.478083199772934 10.478084498222884 10.478084498223062 10.478083199773206 10.476086495550806
10.476057413572473 10.478053932060455 10.478055248805308 10.47805524880548 10.478053932060746 10.476057413572454
10.476028250395863 10.478024580174246 10.478025913948871 10.478025913949049 10.47802458017453 10.476028250395851
10.475999012376917 10.477995150702835 10.477996500341062 10.477996500341236 10.477995150703133 10.475999012376871
10.475969705374395 10.477965649719616 10.477967014146436 10.477967014146609 10.4779656497199 10.475969705374359
10.475940334789078 10.477936082823026 10.477937461047516 10.4779374610477 10.477936082823325 10.475940334789055
10.475910905599418 10.477906455173821 10.477907846282521 10.4779078462827 10.477906455174116 10.475910905599376
10.475881422394497 10.477876771529154 10.477878174680045 10.477878174680216 10.47787677152943 10.475881422394457
10.475851889404654 10.477847036274204 10.4778484506911 10.477848450691276 10.477847036274493 10.47585188940463
10.47582231052945 10.477817253451299 10.47781867841872 10.477818678418897 10.477817253451576 10.475822310529407
10.475792689363415 10.477787426786637 10.47778886164504 10.477788861645223 10.477787426786923 10.475792689363368
10.475763029220108 10.477757559715084 10.477759003856509 10.477759003856693 10.47775755971537 10.475763029220069
10.475733333153977 10.477727655402886 10.477729108266917 10.47772910826709 10.477727655403186 10.475733333153949
10.47570360398062 10.477697716768759 10.477699177838772 10.477699177838952 10.477697716769049 10.475703603980579
10.475673844295429 10.477667746503137 10.477669215302946 10.477669215303115 10.477667746503432 10.475673844295388
10.475644056490918 10.477637747086117 10.477639223176736 10.477639223176906 10.47763774708642 10.475644056490887
10.475614242772483 10.477607720803869 10.477609203780638 10.477609203780816 10.477607720804158 10.475614242772455
10.475584405173109 10.477577669763745 10.477579159253699 10.477579159253873 10.477577669764043 10.47558440517307
10.475554545566753 10.47754759590839 10.477549091567663 10.47754909156783 10.477547595908685 10.47555454556672
10.475524665680895 10.477517501028496 10.477519002540134 10.477519002540303 10.477517501028785 10.475524665680847
10.475494767107907 10.477487386774754 10.477488893846589 10.47748889384676 10.477487386775028 10.475494767107854
10.475464851315634 10.477457254668744 10.477458767031479 10.477458767031651 10.477457254669039 10.475464851315591
10.475434919657179 10.477427106113133 10.477428623518486 10.477428623518657 10.477427106113414 10.475434919657147
10.475404973379842 10.477396942400848 10.477398464619991 10.477398464620162 10.477396942401136 10.475404973379815
10.475375013633366 10.477366764723746 10.477368291545716 10.477368291545888 10.477366764724044 10.475375013633334
10.475345041477581 10.477336574180512 10.477338105410833 10.477338105411006 10.477336574180798 10.475345041477576
10.475315057889514 10.47730637178384 10.47730790724327 10.477307907243455 10.477306371784131 10.475315057889489
10.47528506376971 10.477276158467333 10.477277697990637 10.477277697990809 10.477276158467605 10.475285063769672
10.475255059948317 10.477245935091503 10.477247478526378 10.477247478526545 10.47724593509179 10.47525505994828
10.475225047190607 10.477215702449639 10.477217249655675 10.477217249655858 10.477215702449932 10.475225047190564
10.475195026201986 10.477185461272988 10.477187012120767 10.47718701212093 10.477185461273288 10.47519502620194
10.475164997632683 10.477155212235632 10.477156766605797 10.477156766605981 10.477155212235909 10.475164997632657
10.475134962082144 10.477124955958855 10.477126513741487 10.477126513741666 10.477124955959138 10.475134962082107
10.475104920102858 10.47709469301546 10.477096254109167 10.477096254109341 10.477094693015744 10.475104920102828
10.475074872204187 10.477064423933426 10.477065988244757 10.477065988244933 10.477064423933726 10.475074872204157
10.475044818855634 10.47703414919943 10.477035716642234 10.477035716642423 10.47703414919973 10.475044818855594
10.475014760489945 10.47700386926214 10.477005439757026 10.477005439757193 10.477003869262433 10.475014760489914
10.474984697506134 10.476973584535102 10.476975158008845 10.47697515800902 10.476973584535378 10.474984697506104
10.47495463027192 10.47694329539951 10.47694487178466 10.476944871784852 10.476943295399781 10.474954630271881
10.47492455912631 10.47691300220677 10.476914581441152 10.476914581441322 10.476913002207068 10.474924559126269
10.474894484381764 10.476882705280858 10.4768842873071 10.47688428730728 10.476882705281156 10.474894484381734
10.474864406326374 10.476852404920368 10.476853989685619 10.476853989685788 10.476852404920644 10.47486440632634
10.474834325225666 10.476822101400492 10.476823688856047 10.476823688856227 10.476822101400778 10.474834325225613
10.474804241324383 10.47679179497502 10.476793385075972 10.476793385076142 10.4767917949753 10.474804241324334
10.474774154848165 10.476761485877816 10.476763078582755 10.47676307858294 10.476761485878098 10.474774154848122
10.474744066005004 10.476731174324486 10.476732769595277 10.476732769595442 10.476731174324765 10.474744066004952
10.474713974986608 10.476700860513759 10.476702458315216 10.476702458315398 10.476700860514056 10.474713974986575
10.474683881969723 10.476670544628877 10.476672144928562 10.476672144928731 10.476670544629174 10.474683881969693
10.47465378711729 10.476640226838676 10.476641829606704 10.476641829606876 10.47664022683896 10.474653787117216
10.474623690579381 10.47660990729884 10.47661151250766 10.47661151250783 10.476609907299123 10.474623690579346
10.47459359249452 10.476579586152841 10.47658119377708 10.476581193777243 10.476579586153138 10.474593592494475
10.474563492990292 10.47654926353301 10.4765508735492 10.47655087354938 10.47654926353329 10.474563492990232
10.474533392184268 10.476518939561222 10.476520551947825 10.476520551948004 10.476518939561513 10.47453339218423
10.474503290184956 10.476488614349906 10.476490229087027 10.476490229087206 10.476488614350204 10.474503290184916
10.47447318709222 10.476458288002691 10.476459905071977 10.476459905072142 10.47645828800298 10.474473187092224
10.47444308299832 10.476427960615034 10.476429579999605 10.47642957999978 10.476427960615338 10.474443082998292
10.47441297798809 10.47639763227505 10.476399253959277 10.47639925395945 10.47639763227533 10.474412977988043
10.474382872139836 10.476367303063821 10.47636892703337 10.476368927033551 10.476367303064094 10.474382872139795
10.474352765525703 10.476336973056176 10.47633859929782 10.476338599297993 10.476336973056465 10.474352765525687
10.474322658212309 10.476306642321111 10.476308270822614 10.476308270822795 10.476306642321399 10.474322658212264
10.474292550260888 10.476276310922163 10.476277941672295 10.476277941672471 10.476276310922435 10.474292550260836
10.474262441727966 10.47624597891792 10.476247611906311 10.476247611906484 10.476245978918218 10.47426244172793
10.474232332665679 10.476215646362412 10.476217281579506 10.476217281579684 10.476215646362714 10.474232332665657
10.474202223122083 10.476185313305457 10.476186950742415 10.47618695074259 10.476185313305738 10.474202223122042
10.474172113141446 10.476154979792915 10.476156619441625 10.4761566194418 10.476154979793204 10.474172113141389
10.474142002764495 10.47612464586709 10.476126287720083 10.47612628772026 10.476124645867378 10.474142002764484
10.474111892029004 10.476094311567033 10.476095955617383 10.476095955617552 10.476094311567303 10.474111892028958
10.47408178096953 10.476063976928627 10.476065623169985 10.47606562317017 10.476063976928913 10.474081780969495
10.474051669618108 10.476033641985072 10.476035290411566 10.47603529041175 10.476033641985355 10.474051669618078
10.474021558004189 10.47600330676688 10.476004957373126 10.476004957373284 10.476003306767167 10.47402155800414
10.473991446154903 10.475972971302221 10.475974624083214 10.47597462408339 10.475972971302516 10.473991446154873
10.473961334095359 10.475942635617054 10.475944290568211 10.475944290568393 10.475942635617356 10.473961334095334
10.473931221848575 10.475912299735327 10.475913956852397 10.475913956852569 10.475912299735622 10.473931221848558
10.473901109435902 10.475881963679063 10.475883622958145 10.475883622958317 10.475881963679356 10.473901109435877
10.473870996876865 10.475851627468614 10.475853288906116 10.475853288906297 10.475851627468913 10.473870996876856
10.473840884189634 10.47582129112272 10.475822954715317 10.475822954715502 10.47582129112301 10.473840884189611
10.473810771390827 10.475790954658638 10.47579262040329 10.475792620403467 10.475790954658931 10.473810771390795
10.473780658495768 10.47576061809232 10.475762285986198 10.475762285986368 10.475760618092611 10.473780658495759
10.473750545518705 10.475730281438434 10.475731951478954 10.47573195147912 10.47573028143872 10.473750545518683
10.473720432472652 10.475699944710534 10.475701616895256 10.475701616895433 10.475699944710803 10.473720432472613
10.473690319369638 10.475669607921054 10.475671282247822 10.475671282247994 10.475669607921343 10.473690319369592
10.473660206220746 10.475639271081542 10.475640947548293 10.475640947548463 10.475639271081812 10.473660206220707
10.473630093036205 10.47560893420254 10.475610612807412 10.475610612807591 10.475608934202834 10.473630093036194
10.473599979825472 10.475578597293856 10.475580278035125 10.475580278035299 10.475578597294147 10.473599979825451
10.473569866597227 10.475548260364496 10.475549943240562 10.47554994324073 10.475548260364798 10.473569866597176
10.473539753359445 10.47551792342276 10.475519608432142 10.475519608432316 10.47551792342306 10.473539753359402
10.473509640119525 10.4754875864763 10.47548927361766 10.475489273617839 10.475487586476595 10.473509640119495
10.473479526884287 10.475457249532166 10.475458938804248 10.475458938804422 10.475457249532463 10.473479526884258
10.473449413660012 10.475426912596875 10.47542860399851 10.475428603998687 10.475426912597163 10.47344941365997
10.473419300452461 10.47539657567639 10.475398269206556 10.475398269206728 10.475396575676683 10.473419300452424
10.473389187266966 10.475366238776266 10.475367934433967 10.475367934434137 10.475366238776568 10.473389187266918
10.473359074108416 10.475335901901605 10.47533759968593 10.4753375996861 10.4753359019019 10.473359074108394
10.473328960981387 10.475305565057084 10.475307264967208 10.475307264967377 10.475305565057369 10.473328960981378
10.47329884789009 10.475275228247018 10.475276930282186 10.475276930282353 10.47527522824731 10.473298847890037
10.47326873483827 10.475244891475427 10.475246595634903 10.47524659563509 10.475244891475713 10.473268734838227
10.47323862182953 10.475214554745959 10.475216261029125 10.475216261029304 10.475214554746252 10.473238621829488
10.473208508867145 10.47518421806203 10.475185926468281 10.475185926468452 10.475184218062308 10.47320850886711
10.473178395954092 10.475153881426737 10.475155591955533 10.475155591955705 10.475153881427037 10.47317839595408
10.47314828309323 10.475123544843008 10.475125257493799 10.475125257493987 10.475123544843283 10.473148283093186
10.473118170287057 10.475093208313437 10.475094923085797 10.475094923085978 10.475093208313732 10.473118170287004
10.473088057537908 10.475062871840517 10.475064588734002 10.47506458873416 10.475062871840814 10.473088057537877
10.473057944848032 10.475032535426502 10.475034254440684 10.475034254440864 10.475032535426783 10.473057944847998
10.47302783221938 10.475002199073451 10.475003920207987 10.475003920208154 10.475002199073735 10.473027832219366
