0.8625653717249109 0.7949229024411951 0.8625653717249104
1.2338350982694335 1.1609750015355258 1.2338350982694335
1.632285604220635 1.554268244481018 1.6322856042206348
2.0819421016334414 1.9977453866041115 2.0819421016334427
2.591669430375563 2.5009263149468155 2.591669430375564
3.162478640425816 3.0656939274826036 3.162478640425816
3.788236006718117 3.686842037087452 3.7882360067181153
4.455891373639697 4.352179356291083 4.455891373639696
5.146568589375885 5.043454401232514 5.1465685893758835
5.8378230471552115 5.7384640982749815 5.83782304715521
6.5067251028880495 6.414073281523398 6.506725102888046
7.133002318821849 7.0494119725839735 7.133002318821847
7.701419242856879 7.62840796441564 7.701419242856868
8.202894024877773 8.14109203003678 8.202894024877763
8.634335213553635 8.58359368014158 8.634335213553626
8.997563132347972 8.95715437039535 8.997563132347953
9.297818489770801 9.2666585332268 9.297818489770789
9.542285704641378 9.519130375084824 9.542285704641365
9.738885516637511 9.72247698519448 9.738885516637497
9.89542493873884 9.884586051128103 9.895424938738826
10.019082270002318 10.012767080021806 10.019082270002297
10.116154083808015 10.113466755110311 10.116154083807988
10.191981783001165 10.192175327060879 10.191981783001145
10.25098715110049 10.253450953124425 10.250987151100476
10.296764910689792 10.301007218412408 10.296764910689786
10.332197946198816 10.337827166408294 10.332197946198802
10.359574640610905 10.366281592228226 10.359574640610893
10.380697372188724 10.388239525186625 10.380697372188711
10.396977336360033 10.40516538551757 10.39697733636002
10.409514458247472 10.418201201998524 10.409514458247457
10.419163090799165 10.428234398565257 10.419163090799174
10.42658508859779 10.435952667309659 10.426585088597779
10.43229214296296 10.441887804010877 10.432292142962957
10.436679237792045 10.44645038789228 10.436679237792026
10.440050905785224 10.449957020768496 10.44005090578521
10.44264172756872 10.452651606717168 10.442641727568704
10.444632273439524 10.454721908570274 10.444632273439508
10.446161464173242 10.456312389927836 10.446161464173235
10.44733613366419 10.457534152748227 10.447336133664171
10.448238414123301 10.458472613695507 10.448238414123285
10.44893143216471 10.4591934257132 10.448931432164684
10.449463697703148 10.459747041209296 10.449463697703125
10.449872483053706 10.460172225665687 10.449872483053692
10.450186423039485 10.460498761436726 10.450186423039458
10.45042751478937 10.460749527409789 10.450427514789359
10.450612655294124 10.460942098030172 10.450612655294087
10.450754823251797 10.46108997243386 10.450754823251769
10.450863987311546 10.461203519054017 10.450863987311521
10.450947803946331 10.461290701447677 10.450947803946326
10.451012153617805 10.46135763594519 10.451012153617794
10.451061552665431 10.461409020048663 10.451061552665424
10.451099469703227 10.46144846151337 10.45109946970322
10.451128568649649 10.461478731122533 10.451128568649644
10.451150895395807 10.461501956841431 10.45115089539579
10.45116802117777 10.461519772940008 10.451168021177761
10.451181152693035 10.461533434525908 10.451181152693009
10.451191216672848 10.461543905509378 10.451191216672857
10.451198924835396 10.461551926161716 10.45119892483537
10.451204823770247 10.461558065001189 10.451204823770228
10.45120933324991 10.461562758641213 10.451209333249905
10.451212775652913 10.461566342393816 10.451212775652891
10.451215398560466 10.461569073773179 10.451215398560446
10.45121739211067 10.461571150545545 10.451217392110673
10.451218902326213 10.461572724591978 10.451218902326195
10.451220041349776 10.461573912554316 10.451220041349753
10.451220895304933 10.461574804011404 10.451220895304923
10.451221530332978 10.461575467758049 10.451221530332965
10.451221997229185 10.461575956627449 10.451221997229178
10.451222335003354 10.461576311194445 10.451222335003331
10.45122257361423 10.461576562619763 10.451222573614238
10.451222736069683 10.461576734834267 10.451222736069655
10.451222840039149 10.461576846216389 10.451222840039133
10.451222899092537 10.461576910880408 10.451222899092516
10.451222923651224 10.461576939665811 10.451222923651223
10.45122292171868 10.461576940897132 10.451222921718678
10.451222899441362 10.461576920967465 10.451222899441351
10.451222861539668 10.461576884786545 10.451222861539643
10.451222811638708 10.461576836125003 10.4512228116387
10.451222752522582 10.461576777878568 10.451222752522561
10.451222686329364 10.4615767122711 10.451222686329352
10.451222614701097 10.461576641010534 10.451222614701098
10.451222538898826 10.461576565408464 10.451222538898806
10.451222459890971 10.46157648647224 10.451222459890946
10.451222378421287 10.461576404975437 10.451222378421276
10.451222295060965 10.461576321512135 10.451222295060965
10.45122221024873 10.461576236538635 10.451222210248712
10.451222124321374 10.46157615040531 10.451222124321376
10.45122203753767 10.461576063381264 10.451222037537658
10.451221950096317 10.461575975673174 10.451221950096302
10.451221862149852 10.461575887439738 10.451221862149835
10.451221773815536 10.461575798802858 10.451221773815508
10.45122168518329 10.461575709856117 10.45122168518328
10.451221596322297 10.461575620671443 10.451221596322288
10.451221507285604 10.461575531304037 10.4512215072856
10.451221418113994 10.461575441796278 10.451221418113985
10.451221328838747 10.461575352180722 10.45122132883873
10.451221239483917 10.461575262482416 10.451221239483896
10.451221150067969 10.461575172720536 10.451221150067957
10.451221060605103 10.461575082909816 10.451221060605073
10.451220971106165 10.461574993061625 10.451220971106146
10.451220881579554 10.461574903184628 10.451220881579543
10.451220792031686 10.461574813285518 10.451220792031672
10.451220702467493 10.461574723369452 10.451220702467477
10.451220612890761 10.461574633440307 10.451220612890738
10.451220523304404 10.461574543501184 10.451220523304384
10.451220433710647 10.46157445355435 10.451220433710636
10.451220344111217 10.461574363601612 10.451220344111205
10.45122025450742 10.461574273644336 10.451220254507406
10.451220164900285 10.461574183683593 10.451220164900272
10.451220075290564 10.461574093720142 10.451220075290555
10.451219985678888 10.461574003754674 10.451219985678863
10.45121989606566 10.4615739137876 10.45121989606566
10.451219806451313 10.461573823819322 10.451219806451284
10.451219716836032 10.461573733850113 10.451219716836018
10.451219627220079 10.46157364388021 10.451219627220068
10.451219537603619 10.461573553909732 10.45121953760361
10.451219447986725 10.461573463938866 10.451219447986716
10.451219358369547 10.461573373967658 10.451219358369528
10.451219268752105 10.461573283996177 10.451219268752094
10.4512191791345 10.461573194024538 10.451219179134482
10.451219089516751 10.461573104052745 10.451219089516718
10.451218999898872 10.46157301408085 10.451218999898858
10.451218910280932 10.461572924108852 10.45121891028091
10.451218820662914 10.461572834136792 10.451218820662902
10.451218731044872 10.461572744164679 10.451218731044863
10.451218641426767 10.461572654192535 10.451218641426758
10.451218551808676 10.46157256422036 10.451218551808653
10.451218462190528 10.461572474248182 10.451218462190504
10.451218372572363 10.461572384275941 10.451218372572338
10.451218282954194 10.461572294303712 10.451218282954173
10.451218193335997 10.461572204331476 10.451218193335995
10.451218103717808 10.461572114359214 10.451218103717805
10.451218014099629 10.461572024386982 10.451218014099606
10.45121792448143 10.46157193441473 10.451217924481417
10.451217834863247 10.461571844442476 10.451217834863213
10.45121774524501 10.461571754470208 10.451217745245012
10.451217655626829 10.46157166449797 10.451217655626806
10.45121756600862 10.461571574525673 10.451217566008603
10.451217476390411 10.46157148455343 10.451217476390385
10.451217386772203 10.46157139458116 10.451217386772196
10.45121729715401 10.461571304608908 10.451217297153992
10.451217207535818 10.461571214636656 10.451217207535796
10.451217117917608 10.46157112466438 10.451217117917603
10.451217028299412 10.461571034692138 10.451217028299402
10.451216938681206 10.461570944719863 10.451216938681197
10.451216849063023 10.46157085474761 10.451216849063014
10.451216759444817 10.461570764775363 10.451216759444792
10.451216669826612 10.461570674803097 10.451216669826584
10.451216580208415 10.461570584830834 10.4512165802084
10.451216490590202 10.461570494858586 10.451216490590197
10.451216400972001 10.461570404886324 10.451216400972005
10.451216311353825 10.461570314914068 10.451216311353821
10.451216221735624 10.461570224941804 10.451216221735612
10.451216132117425 10.461570134969557 10.451216132117404
10.451216042499222 10.461570044997298 10.45121604249921
10.45121595288102 10.46156995502505 10.451215952881013
10.45121586326284 10.461569865052805 10.451215863262824
10.451215773644643 10.461569775080546 10.451215773644646
10.451215684026455 10.461569685108303 10.451215684026446
10.451215594408277 10.461569595136051 10.451215594408257
10.451215504790074 10.461569505163798 10.45121550479006
10.451215415171891 10.46156941519155 10.451215415171877
10.451215325553694 10.461569325219308 10.451215325553674
10.451215235935493 10.461569235247048 10.451215235935502
10.451215146317308 10.461569145274812 10.451215146317303
10.45121505669911 10.461569055302556 10.45121505669911
10.451214967080933 10.461568965330304 10.451214967080924
10.451214877462741 10.461568875358052 10.45121487746274
10.451214787844584 10.461568785385836 10.451214787844552
10.451214698226396 10.461568695413595 10.451214698226387
10.451214608608197 10.461568605441334 10.451214608608197
10.451214518990005 10.461568515469112 10.451214518990009
10.451214429371849 10.46156842549686 10.451214429371838
10.451214339753665 10.461568335524621 10.451214339753658
10.451214250135505 10.461568245552385 10.451214250135486
10.451214160517315 10.461568155580165 10.451214160517294
10.45121407089914 10.461568065607912 10.451214070899121
10.451213981280947 10.46156797563568 10.451213981280937
10.45121389166278 10.461567885663452 10.451213891662759
10.451213802044599 10.461567795691213 10.451213802044595
10.451213712426435 10.461567705718984 10.451213712426425
10.451213622808254 10.461567615746755 10.451213622808245
10.451213533190069 10.461567525774496 10.451213533190058
10.451213443571895 10.46156743580226 10.451213443571882
10.451213353953731 10.461567345830046 10.451213353953703
10.451213264335571 10.461567255857833 10.45121326433555
10.451213174717378 10.461567165885572 10.451213174717365
10.45121308509921 10.461567075913354 10.451213085099209
10.451212995481049 10.461566985941136 10.451212995481042
10.451212905862892 10.461566895968915 10.451212905862867
10.451212816244704 10.461566805996679 10.451212816244702
10.451212726626531 10.461566716024446 10.45121272662653
10.451212637008362 10.461566626052209 10.451212637008348
10.45121254739021 10.461566536080007 10.451212547390197
10.451212457772046 10.461566446107783 10.451212457772037
10.451212368153882 10.46156635613557 10.451212368153874
10.451212278535722 10.461566266163326 10.451212278535708
10.451212188917575 10.461566176191125 10.451212188917564
10.451212099299386 10.461566086218896 10.451212099299376
10.451212009681221 10.461565996246671 10.451212009681212
10.451211920063084 10.461565906274451 10.45121192006307
10.451211830444926 10.461565816302262 10.451211830444915
10.451211740826768 10.461565726330038 10.451211740826748
10.45121165120861 10.461565636357818 10.45121165120859
10.451211561590442 10.461565546385597 10.451211561590435
10.4512114719723 10.461565456413389 10.451211471972277
10.451211382354142 10.461565366441183 10.451211382354135
10.45121129273599 10.46156527646895 10.45121129273597
10.451211203117824 10.461565186496742 10.451211203117811
10.45121111349967 10.461565096524524 10.451211113499655
10.451211023881521 10.461565006552323 10.451211023881497
10.45121093426336 10.461564916580098 10.45121093426334
10.451210844645221 10.461564826607907 10.451210844645201
10.45121075502706 10.46156473663569 10.451210755027052
10.451210665408905 10.461564646663476 10.451210665408894
10.451210575790768 10.461564556691261 10.451210575790741
10.45121048617262 10.461564466719075 10.451210486172597
10.45121039655446 10.461564376746866 10.451210396554437
10.451210306936316 10.461564286774651 10.451210306936304
10.451210217318167 10.461564196802446 10.451210217318156
10.451210127700014 10.461564106830235 10.451210127700012
10.451210038081872 10.461564016858047 10.451210038081863
10.451209948463738 10.46156392688583 10.451209948463719
10.45120985884558 10.461563836913637 10.451209858845575
10.45120976922744 10.46156374694142 10.451209769227429
10.451209679609306 10.461563656969224 10.451209679609306
10.451209589991164 10.46156356699703 10.451209589991153
10.451209500373038 10.461563477024844 10.451209500373007
10.451209410754899 10.46156338705264 10.451209410754876
10.451209321136762 10.46156329708046 10.451209321136743
10.451209231518641 10.461563207108261 10.451209231518606
10.451209141900499 10.461563117136068 10.451209141900483
10.451209052282335 10.46156302716386 10.451209052282332
10.45120896266421 10.461562937191669 10.451208962664204
10.451208873046081 10.461562847219483 10.451208873046067
10.451208783427935 10.461562757247297 10.451208783427925
10.451208693809818 10.461562667275098 10.451208693809795
10.45120860419168 10.46156257730289 10.451208604191665
10.45120851457355 10.461562487330712 10.451208514573528
10.451208424955402 10.461562397358515 10.451208424955393
10.451208335337274 10.461562307386329 10.45120833533727
10.451208245719137 10.46156221741415 10.451208245719132
10.451208156101021 10.46156212744195 10.451208156101007
10.45120806648288 10.461562037469765 10.451208066482884
10.451207976864778 10.461561947497596 10.45120797686476
10.45120788724664 10.461561857525398 10.451207887246628
10.451207797628504 10.461561767553224 10.451207797628495
10.451207708010397 10.461561677581027 10.451207708010381
10.451207618392283 10.46156158760886 10.451207618392253
10.451207528774153 10.461561497636659 10.451207528774132
10.451207439156013 10.461561407664497 10.451207439156006
10.451207349537892 10.461561317692306 10.451207349537874
10.451207259919771 10.461561227720113 10.451207259919755
10.451207170301647 10.461561137747942 10.451207170301629
10.451207080683528 10.461561047775774 10.451207080683515
10.451206991065416 10.461560957803599 10.4512069910654
10.451206901447312 10.46156086783143 10.451206901447296
10.451206811829197 10.461560777859242 10.451206811829179
10.45120672221108 10.461560687887065 10.451206722211056
10.451206632592942 10.461560597914904 10.451206632592932
10.451206542974838 10.461560507942718 10.451206542974822
10.45120645335671 10.461560417970555 10.451206453356706
10.451206363738612 10.461560327998374 10.451206363738594
10.4512062741205 10.461560238026202 10.451206274120478
10.451206184502364 10.461560148054037 10.451206184502356
10.451206094884274 10.461560058081872 10.451206094884261
10.451206005266155 10.461559968109688 10.451206005266146
10.45120591564806 10.461559878137544 10.451205915648046
10.451205826029948 10.461559788165342 10.451205826029925
10.451205736411826 10.461559698193183 10.451205736411817
10.451205646793722 10.461559608221014 10.451205646793705
10.451205557175628 10.461559518248864 10.451205557175614
10.45120546755752 10.461559428276704 10.451205467557507
10.451205377939418 10.461559338304541 10.451205377939393
10.451205288321319 10.46155924833239 10.4512052883213
10.45120519870321 10.46155915836021 10.451205198703194
10.451205109085102 10.461559068388032 10.451205109085105
10.451205019466995 10.461558978415896 10.451205019466984
10.451204929848885 10.461558888443736 10.45120492984888
10.451204840230789 10.461558798471579 10.451204840230774
10.451204750612698 10.461558708499428 10.45120475061268
10.451204660994584 10.461558618527267 10.451204660994575
10.451204571376495 10.461558528555113 10.451204571376483
10.451204481758396 10.461558438582951 10.451204481758372
10.451204392140308 10.461558348610785 10.451204392140287
10.451204302522202 10.46155825863864 10.451204302522184
10.451204212904113 10.461558168666484 10.451204212904099
10.451204123286013 10.461558078694331 10.451204123286
10.451204033667922 10.461557988722186 10.451204033667914
10.451203944049833 10.461557898750037 10.451203944049809
10.451203854431734 10.461557808777867 10.45120385443172
10.451203764813645 10.461557718805722 10.451203764813627
10.451203675195545 10.461557628833576 10.451203675195531
10.451203585577465 10.461557538861427 10.451203585577458
10.451203495959362 10.461557448889275 10.45120349595936
10.451203406341284 10.461557358917139 10.451203406341275
10.451203316723191 10.461557268944988 10.45120331672317
10.4512032271051 10.461557178972852 10.45120322710509
10.451203137487015 10.461557089000681 10.451203137487004
10.451203047868935 10.46155699902854 10.451203047868923
