0.6148940929393102 0.548152469000005 0.5420177877570758 0.5481524690000046 0.6148940929393093
0.7800682636675921 0.6970880984098835 0.6872954889734305 0.697088098409883 0.780068263667592
0.9222444016802843 0.8298372492915741 0.8175324206399674 0.8298372492915744 0.9222444016802835
1.0576703542412085 0.9592553577284607 0.9453213025913872 0.9592553577284606 1.0576703542412078
1.192742175758405 1.0901694595747229 1.075240083331252 1.090169459574722 1.1927421757584038
1.3308821710347332 1.2251552204206702 1.2096694458766541 1.2251552204206682 1.3308821710347318
1.4742273436408235 1.3658717679828976 1.3501255304171296 1.365871767982895 1.4742273436408215
1.6242417768526993 1.5135112873312526 1.4976993825147393 1.513511287331249 1.624241776852697
1.7819855125256057 1.6689827078864443 1.6532302559485097 1.6689827078864403 1.7819855125256037
1.9482444175551872 1.8329944555047724 1.8173796884753621 1.8329944555047684 1.9482444175551825
2.123594941879149 2.0060922504477627 1.9906626322180252 2.006092250447757 2.123594941879146
2.3084354468355213 2.1886745183559304 2.1734579694758005 2.188674518355923 2.308435446835517
2.502999481792395 2.3809959065388244 2.3660085297528175 2.3809959065388164 2.502999481792389
2.707359285561278 2.583164477376895 2.568415818299522 2.5831644773768874 2.7073592855612714
2.9214244187999734 2.7951359519451713 2.7806325338850946 2.7951359519451597 2.921424418799967
3.1449387189613516 3.0167073128944994 3.002454961887129 3.0167073128944852 3.1449387189613467
3.377477827086335 3.247511508495905 3.2335168239803895 3.24751150849589 3.377477827086327
3.6184489549870364 3.4870146457725175 3.4732858601793355 3.4870146457725006 3.6184489549870236
3.8670941383358004 3.7345167823746994 3.7210641764771384 3.7345167823746825 3.8670941383357857
4.1224978522921445 3.9891571550334746 3.9759931451150963 3.989157155033454 4.122497852292133
4.383599502088738 4.249924384703831 4.237063364765977 4.249924384703805 4.383599502088721
4.6492109247532385 4.515671866119731 4.503129867875844 4.5156718661197015 4.64921092475322
4.918038654757512 4.785138190645466 4.772932411791248 4.785138190645437 4.9180386547574875
5.188710335018557 5.056972086656644 5.045120330806491 5.056972086656608 5.188710335018532
5.459804322535376 5.329761019773422 5.318281087234524 5.329761019773384 5.459804322535352
5.7298812742785925 5.602062307562574 5.590971373102535 5.602062307562533 5.729881274278565
5.997516329295147 5.872435398864616 5.861749409643165 5.872435398864569 5.997516329295118
6.261330444301032 6.139473868319591 6.129206991470408 6.1394738683195405 6.261330444301004
6.520019497360694 6.401835692364317 6.3919998369949695 6.401835692364261 6.5200194973606544
6.77237993955641 6.658270501196828 6.648874933829879 6.6582705011967676 6.772379939556366
7.017330027809176 6.907642726340311 6.898693792315857 6.9076427263402405 7.017330027809139
7.253925984305701 7.148949859481451 7.140450816023382 7.148949859481379 7.2539259843056625
7.481372765890607 7.381335372846776 7.373286332877098 7.381335372846706 7.481372765890564
7.69902945714978 7.604096190588424 7.596494170449817 7.604096190588346 7.699029457149739
7.906409595100384 7.816684913563416 7.809523972978089 7.816684913563342 7.906409595100337
8.10317697036767 8.018707262199953 8.011978721308076 8.018707262199866 8.103176970367624
8.28913761743632 8.209915398257365 8.20360811453464 8.209915398257264 8.289137617436275
8.464228802005916 8.39019790983596 8.384298597030647 8.390197909835866 8.464228802005852
8.628505841310188 8.559567296953487 8.5540608687333 8.559567296953382 8.62850584131013
8.782127563746041 8.7181457858388 8.713015708341477 8.7181457858387 8.782127563745986
8.92534114080818 8.866150241427219 8.861378881076071 8.866150241427112 8.925341140808126
9.058466921674068 9.003876853842474 8.999445809332371 9.00387685384237 9.058466921674016
9.181883782604448 9.131686160239306 9.127576570263146 9.13168616023919 9.181883782604391
9.296015381405162 9.249988840979617 9.246181661845466 9.2499888409795 9.2960153814051
9.40131759069242 9.359232608984597 9.355708858618097 9.359232608984474 9.401317590692349
9.498267278967447 9.459890400698653 9.456631367541474 9.459890400698535 9.49826727896738
9.587352519287728 9.552449981146566 9.549437398104036 9.55244998114644 9.58735251928766
9.669064233176071 9.637404996409956 9.634621181263698 9.63740499640983 9.669064233175975
9.743889222210884 9.715247444948469 9.712675409556319 9.715247444948337 9.743889222210804
9.812304500206537 9.786461493638312 9.784085024833514 9.786461493638184 9.812304500206483
9.874772813030042 9.851518533416398 9.849322248842743 9.851518533416273 9.874772813029978
9.931739218602253 9.910873350762888 9.908842732993687 9.91087335076275 9.931739218602177
9.983628594138349 9.964961282549599 9.963082694788614 9.964961282549464 9.983628594138272
10.030843938981807 10.014196220729675 10.012456907225351 10.014196220729534 10.030843938981722
10.073765347524343 10.058969337870286 10.057357411931912 10.058969337870156 10.073765347524255
10.112749536036386 10.0996484128615 10.098152835077592 10.099648412861372 10.112749536036304
10.148129818431453 10.1365776468138 10.135188195765036 10.136577646813667 10.148129818431391
10.180216438033476 10.170077871045756 10.168785108495326 10.170077871045612 10.180216438033389
10.209297174549421 10.200447061302444 10.199242293548824 10.200447061302302 10.20929717454935
10.235638157144802 10.227961084320825 10.226836321120524 10.227961084320672 10.23563815714473
10.25948482542573 10.252874614157765 10.251822526373974 10.252874614157623 10.259484825425677
10.281062990050323 10.275422166063658 10.274436042972214 10.275422166063521 10.281062990050255
10.300579953522845 10.295819204986325 10.294892911975426 10.295819204986177 10.300579953522771
10.318225659453185 10.314263293981403 10.31339123121321 10.314263293981258 10.31822565945309
10.334173845221134 10.330935254903816 10.33011231736356 10.330935254903665 10.334173845221073
10.34858317864486 10.346000319816879 10.345221859057016 10.34600031981673 10.348583178644779
10.361598363998374 10.359609256667898 10.358871044456054 10.359609256667751 10.361598363998299
10.3733512066583 10.371899457033088 10.3711976510343 10.37189945703293 10.37335120665821
10.383961628879135 10.382995977235376 10.382327088794321 10.382995977235227 10.383961628879042
10.39353863180129 10.39301252698196 10.39237339102185 10.393012526981824 10.3935386318012
10.402181200873319 10.402052401948765 10.401440148964394 10.402052401948628 10.402181200873228
10.409979153503619 10.410209358543158 10.409621388636666 10.410209358543007 10.40997915350355
10.417013929020083 10.417568430480097 10.417002389366571 10.417568430479951 10.41701392902001
10.423359321972525 10.424206687879204 10.423660444774116 10.424206687879051 10.423359321972427
10.429082160519531 10.430193940390243 10.429665567681344 10.430193940390103 10.429082160519453
10.434242932143732 10.435593386433304 10.43508114103292 10.435593386433155 10.434242932143642
10.438896359279749 10.440462211039602 10.439964517311616 10.440462211039446 10.438896359279669
10.443091927650725 10.444852135037257 10.444367569192057 10.444852135037111 10.443091927650654
10.44687437021843 10.44880991847273 10.448337194325589 10.448809918472586 10.446874370218342
10.450284109684285 10.452377821217615 10.451915777208846 10.452377821217482 10.450284109684212
10.453357662451738 10.455594023704446 10.455141611083736 10.45559402370429 10.453357662451653
10.456128006888202 10.458493010678112 10.45804928276014 10.458493010677968 10.456128006888122
10.45862491862331 10.461105920757745 10.460670023161255 10.461105920757602 10.458624918623231
10.460875275494878 10.463460864484976 10.463032026272987 10.463460864484828 10.460875275494805
10.462903334615609 10.465583213400901 10.465160739044906 10.465583213400748 10.462903334615525
10.464730983886998 10.467495862548065 10.467079124644734 10.467495862547914 10.464730983886927
10.466377970137204 10.469219468644372 10.468807901318188 10.469219468644226 10.466377970137131
10.467862105909205 10.470772666024542 10.470365758955243 10.470772666024406 10.467862105909115
10.469199456778998 10.47217226229535 10.47176955531356 10.472172262295206 10.469199456778918
10.470404510941485 10.473433415506213 10.473034493705484 10.473433415506056 10.4704045109414
10.47149033266424 10.474569794496428 10.474174283814026 10.474569794496277 10.471490332664176
10.472468701081592 10.475593723948313 10.475201287171341 10.475593723948158 10.472468701081517
10.473350235677572 10.47651631554885 10.476126648705824 10.476516315548704 10.47335023567749
10.474144509693623 10.477347586545564 10.476960415647241 10.477347586545422 10.474144509693508
10.47486015258882 10.478096566871113 10.47771164496759 10.47809656687096 10.474860152588723
10.475504942582932 10.478771395909442 10.478388500433384 10.47877139590929 10.475504942582837
10.476085890219215 10.479379409880892 10.478998340249682 10.479379409880737 10.476085890219114
10.47660931380107 10.479927220736176 10.479547796187939 10.479927220736034 10.476609313800992
10.477080907478216 10.480420787368615 10.480042845009903 10.480420787368471 10.477080907478133
10.477505802686398 10.480865479879432 10.48048887292407 10.48086547987929 10.47750580268633
10.477888623580494 10.481266137563752 10.480890733744205 10.481266137563617 10.477888623580407
10.478233537039758 10.481627121222132 10.481252801356815 10.481627121221978 10.478233537039678
10.478544297771236 10.48195236034613 10.481579017047528 10.481952360345964 10.478544297771185
10.478824288986088 10.482245395674683 10.481872932184434 10.482245395674532 10.478824288986008
10.479076559079253 10.482509417570997 10.482137746709567 10.482509417570837 10.479076559079173
10.479303854702406 10.482747300626365 10.482376343846338 10.482747300626222 10.479303854702325
10.479508650581307 10.482961634859656 10.482591321392132 10.48296163485952 10.479508650581234
10.479693176396449 10.483154753844108 10.482785019929336 10.483154753843959 10.479693176396358
10.47985944101396 10.483328760062623 10.48295954825672 10.483328760062482 10.47985944101387
10.480009254326909 10.483485547763143 10.483116806312994 10.483485547762998 10.480009254326845
10.480144246941352 10.483626823558868 10.483258505838858 10.483626823558719 10.480144246941276
10.480265887918478 10.483754124995084 10.483386188999601 10.483754124994924 10.480265887918389
10.480375500764685 10.483868837282474 10.483501245168402 10.483868837282326 10.480375500764607
10.480474277841493 10.483972208377226 10.48360492605174 10.483972208377077 10.480474277841422
10.48056329335112 10.484065362570568 10.48369835931976 10.484065362570425 10.480563293351032
10.480643515037876 10.48414931273496 10.483782560889065 10.484149312734795 10.480643515037803
10.480715814732534 10.484224971358934 10.483858445990853 10.484224971358799 10.480715814732482
10.480780977853247 10.484293160490623 10.483926839144086 10.484293160490477 10.480780977853152
10.480839711966182 10.484354620696973 10.483988483141811 10.484354620696832 10.480839711966087
10.480892654499234 10.484410019136718 10.484044047148213 10.48441001913657 10.480892654499147
10.480940379691772 10.484459956833806 10.48409413399398 10.484459956833662 10.480940379691681
10.480983404856312 10.484504975231044 10.484139286749583 10.484504975230895 10.480983404856214
10.481022196020188 10.484545562094464 10.484179994647423 10.484545562094302 10.481022196020094
10.4810571730084 10.484582156833136 10.484216698417555 10.484582156832982 10.481057173008331
10.481088714023008 10.484615155292024 10.484249795094987 10.484615155291877 10.481088714022917
10.481117159768745 10.484644914069927 10.484279642350655 10.484644914069776 10.481117159768653
10.481142817170003 10.484671754409739 10.484306562393241 10.484671754409606 10.481142817169932
10.481165962719611 10.484695965703276 10.48433084548464 10.484695965703136 10.481165962719524
10.481186845495348 10.484717808648695 10.484352753106778 10.484717808648526 10.48118684549526
10.481205689878006 10.484737518094958 10.484372520814771 10.484737518094807 10.481205689877944
10.481222697999893 10.48475530560476 10.484390360807403 10.484755305604628 10.481222697999822
10.481238051950404 10.48477136176297 10.48440646424252 10.484771361762812 10.481238051950326
10.481251915763378 10.48478585825646 10.484421003323304 10.484785858256316 10.4812519157633
10.481264437207209 10.484798949747992 10.48443413317743 10.484798949747844 10.481264437207146
10.481275749397572 10.484810775563925 10.48444599355027 10.484810775563774 10.481275749397502
10.481285972250273 10.484821461214986 10.484456710329905 10.48482146121484 10.4812859722502
10.481295213790037 10.484831119766046 10.484466396921158 10.484831119765907 10.481295213789968
10.481303571329628 10.48483985307025 10.484475155483414 10.484839853070106 10.481303571329537
10.481311132531937 10.48484775288068 10.484483078045672 10.484847752880524 10.481311132531852
10.481317976366897 10.484854901851826 10.484490247510944 10.484854901851685 10.481317976366826
10.48132417397346 10.484861374441913 10.484496738561326 10.484861374441756 10.4813241739734
10.481329789436145 10.484867237725458 10.484502618473059 10.484867237725316 10.481329789436064
10.481334880484447 10.484872552125664 10.48450794785096 10.48487255212552 10.481334880484356
10.481339499123113 10.484877372073713 10.48451278128993 10.484877372073557 10.481339499123038
10.481343692199834 10.484881746603154 10.484517167970978 10.48488174660301 10.481343692199756
10.481347501916549 10.484885719885073 10.484521152197933 10.484885719884906 10.481347501916478
10.481350966290215 10.48488933171025 10.484524773881299 10.484889331710091 10.481350966290163
10.481354119567815 10.484892617923547 10.484528068973704 10.484892617923409 10.481354119567738
10.481356992600052 10.484895610815263 10.4845310698625 10.484895610815123 10.481356992599954
10.481359613178325 10.484898339473485 10.484533805723279 10.48489833947334 10.481359613178228
10.48136200633803 10.48490083010177 10.484536302838354 10.484900830101619 10.481362006337944
10.481364194631878 10.4849031063051 10.484538584883724 10.484903106304959 10.481364194631785
10.481366198376062 10.484905189347671 10.484540673187505 10.484905189347517 10.481366198375971
10.481368035872045 10.484907098384884 10.484542586962688 10.48490709838472 10.48136803587198
10.481369723606464 10.484908850672563 10.484544343517044 10.484908850672424 10.481369723606395
10.48137127643091 10.484910461755353 10.484545958441885 10.484910461755215 10.481371276430838
10.48137270772419 10.484911945636316 10.48454744578238 10.48491194563616 10.48137270772411
10.481374029538397 10.484913314929862 10.484548818190929 10.484913314929706 10.481374029538326
10.48137525273043 10.484914580999462 10.484550087065148 10.484914580999325 10.481375252730343
10.481376387080493 10.484915754081717 10.484551262672408 10.484915754081577 10.481376387080404
10.481377441398923 10.484916843398047 10.484552354261849 10.484916843397903 10.48137744139885
10.481378423622376 10.484917857255418 10.484553370165417 10.484917857255262 10.481378423622298
10.481379340900375 10.484918803136974 10.484554317888797 10.484918803136823 10.481379340900322
10.481380199673584 10.484919687783806 10.484555204193319 10.48491968778365 10.481380199673481
10.481381005743751 10.484920517268506 10.484556035169824 10.484920517268348 10.48138100574365
10.481381764337373 10.484921297061401 10.484556816305096 10.484921297061248 10.481381764337293
10.481382480162681 10.484922032090385 10.484557552541876 10.484922032090237 10.48138248016261
10.481383157460986 10.48492272679464 10.484558248332675 10.484922726794487 10.481383157460899
10.48138380005289 10.484923385173124 10.48455890768847 10.484923385172987 10.48138380005282
10.481384411380263 10.484924010828228 10.484559534222473 10.484924010828083 10.481384411380189
10.481384994543534 10.484924607005093 10.484560131189598 10.484924607004944 10.481384994543436
10.481385552335684 10.484925176627028 10.484560701521943 10.484925176626875 10.481385552335617
10.4813860872728 10.48492572232746 10.484561247860869 10.484925722327326 10.481386087272728
10.48138660162136 10.484926246478683 10.484561772585769 10.484926246478526 10.481386601621264
10.481387097423092 10.484926751217673 10.48456227784008 10.484926751217538 10.481387097423008
10.481387576517276 10.484927238469549 10.484562765554676 10.484927238469394 10.481387576517182
10.481388040560768 10.484927709968492 10.484563237468965 10.48492770996833 10.481388040560699
10.481388491046166 10.484928167276655 10.484563695149845 10.484928167276504 10.48138849104611
10.481388929318012 10.484928611801386 10.484564140008816 10.484928611801239 10.481388929317934
10.481389356587496 10.48492904481036 10.484564573317424 10.484929044810206 10.481389356587398
10.48138977394567 10.484929467445612 10.484564996221094 10.484929467445454 10.4813897739456
10.481390182375494 10.484929880735866 10.484565409751685 10.484929880735713 10.481390182375405
10.481390582762339 10.484930285607891 10.484565814838707 10.484930285607732 10.481390582762259
10.48139097590386 10.48493068289647 10.484566212319532 10.484930682896335 10.48139097590377
10.48139136251852 10.484931073353707 10.484566602948417 10.48493107335355 10.481391362518453
10.48139174325363 10.484931457656993 10.484566987404877 10.484931457656842 10.481391743253553
10.481392118692247 10.484931836416667 10.484567366301048 10.484931836416512 10.481392118692167
10.481392489359596 10.484932210182446 10.484567740188302 10.484932210182302 10.481392489359518
10.481392855728847 10.484932579449595 10.484568109563412 10.484932579449442 10.481392855728789
10.481393218226275 10.484932944664228 10.484568474873809 10.484932944664067 10.481393218226197
10.4813935772358 10.484933306228212 10.484568836522582 10.484933306228069 10.48139357723571
10.481393933103305 10.484933664503604 10.484569194872883 10.484933664503474 10.481393933103252
10.481394286140457 10.484934019816528 10.484569550251804 10.484934019816386 10.481394286140375
10.481394636627874 10.484934372460755 10.484569902953998 10.484934372460613 10.481394636627785
10.481394984818454 10.48493472270097 10.484570253244957 10.484934722700816 10.481394984818337
10.481395330939865 10.484935070775538 10.484570601363728 10.48493507077538 10.481395330939806
10.481395675197458 10.484935416899237 10.484570947525794 10.484935416899082 10.481395675197382
10.48139601777598 10.484935761265552 10.484571291925171 10.48493576126539 10.48139601777589
10.481396358841963 10.484936104048732 10.48457163473669 10.48493610404859 10.481396358841886
10.481396698545408 10.484936445405804 10.484571976117808 10.484936445405658 10.481396698545321
10.481397037021413 10.484936785478174 10.48457231621034 10.484936785478041 10.481397037021333
10.481397374391735 10.484937124393273 10.484572655142115 10.484937124393122 10.481397374391658
10.481397710766005 10.484937462265842 10.48457299302821 10.484937462265698 10.48139771076593
10.481398046242997 10.484937799199283 10.48457332997239 10.484937799199132 10.481398046242939
10.48139838091175 10.4849381352867 10.484573666068 10.48493813528655 10.481398380911667
10.481398714852316 10.484938470612036 10.484574001399205 10.484938470611885 10.481398714852252
10.481399048136987 10.484938805250836 10.484574336041849 10.484938805250694 10.481399048136927
10.481399380830789 10.484939139271198 10.484574670064166 10.484939139271049 10.481399380830725
10.48139971299233 10.484939472734458 10.484575003527693 10.484939472734304 10.481399712992253
10.481400044674364 10.484939805695825 10.484575336487884 10.48493980569567 10.481400044674295
10.48140037592447 10.484940138205115 10.484575668994598 10.484940138204982 10.481400375924396
10.481400706785475 10.484940470307158 10.484576001092828 10.484940470307016 10.481400706785399
10.48140103729595 10.48494080204235 10.484576332823094 10.484940802042187 10.481401037295887
10.48140136749071 10.484941133447016 10.484576664221876 10.484941133446865 10.481401367490621
10.481401697400994 10.484941464553977 10.484576995322055 10.48494146455384 10.481401697400914
10.481402027055053 10.484941795392752 10.484577326153238 10.484941795392606 10.48140202705498
10.481402356478315 10.484942125989953 10.484577656742113 10.48494212598981 10.481402356478227
10.481402685693627 10.48494245636952 10.484577987112683 10.48494245636938 10.481402685693539
10.481403014721646 10.484942786553043 10.484578317286635 10.484942786552889 10.481403014721563
10.48140334358091 10.484943116559954 10.484578647283445 10.484943116559808 10.48140334358085
10.4814036722882 10.484943446407778 10.484578977120695 10.48494344640763 10.481403672288128
10.48140400085856 10.48494377611229 10.484579306814195 10.484943776112143 10.48140400085849
10.481404329305587 10.484944105687704 10.484579636378202 10.484944105687555 10.481404329305514
10.481404657641484 10.484944435146808 10.484579965825569 10.484944435146664 10.481404657641406
10.481404985877306 10.484944764501167 10.484580295167847 10.484944764501018 10.481404985877223
10.48140531402299 10.484945093761162 10.484580624415498 10.484945093761004 10.481405314022885
10.481405642087395 10.484945422936129 10.484580953577844 10.48494542293598 10.481405642087314
10.481405970078654 10.484945752034532 10.48458128266342 10.48494575203438 10.481405970078585
10.481406298004016 10.484946081063928 10.484581611679785 10.484946081063786 10.48140629800394
10.481406625870015 10.484946410031192 10.484581940633815 10.484946410031059 10.481406625869928
10.481406953682505 10.484946738942476 10.484582269531707 10.484946738942341 10.481406953682432
10.48140728144684 10.484947067803343 10.484582598379028 10.484947067803196 10.481407281446756
10.481407609167771 10.484947396618773 10.484582927180778 10.48494739661863 10.48140760916768
10.481407936849594 10.484947725393303 10.484583255941486 10.484947725393145 10.481407936849509
10.481408264496201 10.48494805413095 10.484583584665227 10.4849480541308 10.481408264496121
10.481408592111105 10.484948382835396 10.484583913355658 10.484948382835254 10.481408592111018
10.481408919697405 10.484948711509954 10.484584242016089 10.484948711509798 10.481408919697333
10.481409247257991 10.484949040157572 10.484584570649497 10.48494904015741 10.481409247257915
10.481409574795379 10.484949368780889 10.484584899258573 10.484949368780736 10.481409574795299
10.48140990231187 10.48494969738234 10.484585227845713 10.484949697382202 10.4814099023118
10.481410229809567 10.484950025964121 10.48458555641309 10.484950025963972 10.481410229809487
10.481410557290308 10.484950354528156 10.484585884962687 10.484950354528012 10.48141055729022
10.481410884755775 10.48495068307621 10.484586213496268 10.484950683076075 10.481410884755698
10.481411212207528 10.484951011609882 10.484586542015398 10.484951011609736 10.481411212207437
10.481411539646828 10.484951340130587 10.484586870521523 10.484951340130436 10.481411539646759
10.481411867074996 10.484951668639615 10.484587199015932 10.48495166863945 10.481411867074932
10.481412194493117 10.4849519971381 10.48458752749979 10.484951997137959 10.481412194493053
10.481412521902188 10.484952325627143 10.484587855974153 10.484952325626981 10.481412521902126
10.481412849303135 10.48495265410763 10.484588184439952 10.484952654107474 10.481412849303052
10.481413176696702 10.484952982580413 10.484588512898036 10.484952982580275 10.481413176696613
10.481413504083672 10.484953311046306 10.484588841349188 10.484953311046157 10.481413504083587
10.481413831464646 10.48495363950595 10.484589169794061 10.484953639505806 10.481413831464595
10.481414158840327 10.48495396795997 10.484589498233339 10.48495396795984 10.481414158840233
10.481414486211149 10.484954296408949 10.484589826667511 10.484954296408795 10.48141448621104
10.481414813577565 10.48495462485336 10.48459015509713 10.484954624853206 10.481414813577487
10.481415140940111 10.484954953293672 10.484590483522615 10.484954953293524 10.481415140940033
10.48141546829911 10.484955281730299 10.484590811944413 10.484955281730151 10.481415468299035
10.481415795654923 10.484955610163588 10.484591140362863 10.48495561016344 10.481415795654854
10.481416123007879 10.48495593859386 10.484591468778314 10.484955938593721 10.481416123007813
10.48141645035826 10.484956267021465 10.484591797191042 10.48495626702131 10.481416450358187
10.481416777706347 10.484956595446619 10.48459212560135 10.484956595446464 10.481416777706253
10.4814171050523 10.48495692386959 10.484592454009459 10.484956923869433 10.481417105052225
10.481417432396409 10.484957252290597 10.484592782415579 10.484957252290446 10.481417432396318
10.481417759738774 10.484957580709823 10.484593110819938 10.484957580709665 10.48141775973871
10.481418087079648 10.484957909127452 10.484593439222683 10.484957909127298 10.481418087079584
10.481418414419146 10.484958237543635 10.484593767623991 10.484958237543493 10.481418414419078
10.48141874175742 10.484958565958543 10.484594096023999 10.484958565958392 10.481418741757333
10.481419069094567 10.484958894372271 10.484594424422852 10.484958894372133 10.481419069094482
10.481419396430718 10.484959222784966 10.484594752820641 10.484959222784818 10.481419396430628
10.481419723765987 10.484959551196717 10.484595081217485 10.484959551196573 10.48141972376589
10.481420051100411 10.484959879607619 10.484595409613492 10.484959879607471 10.481420051100326
10.481420378434137 10.484960208017748 10.484595738008704 10.484960208017604 10.481420378434036
10.481420705767157 10.484960536427188 10.48459606640323 10.484960536427046 10.481420705767087
10.481421033099632 10.484960864836035 10.484596394797167 10.484960864835882 10.481421033099561
10.481421360431565 10.484961193244304 10.484596723190533 10.484961193244155 10.481421360431492
10.481421687763017 10.484961521652087 10.484597051583401 10.48496152165193 10.481421687762937
10.481422015094028 10.484961850059396 10.484597379975796 10.48496185005926 10.481422015093965
10.481422342424684 10.484962178466331 10.484597708367817 10.484962178466178 10.481422342424612
10.481422669754995 10.484962506872883 10.484598036759456 10.484962506872733 10.481422669754911
10.481422997084984 10.484962835279141 10.48459836515078 10.484962835278974 10.481422997084906
10.481423324414688 10.48496316368506 10.484598693541797 10.48496316368492 10.48142332441461
10.481423651744157 10.484963492090742 10.484599021932569 10.484963492090602 10.481423651744066
10.481423979073373 10.48496382049621 10.484599350323096 10.484963820496052 10.48142397907331
10.481424306402443 10.484964148901437 10.484599678713419 10.48496414890129 10.481424306402344
10.481424633731294 10.48496447730649 10.484600007103532 10.48496447730634 10.481424633731205
10.481424961059977 10.48496480571137 10.484600335493493 10.48496480571122 10.481424961059897
10.481425288388532 10.48496513411609 10.484600663883306 10.484965134115939 10.481425288388445
10.481425615716931 10.484965462520682 10.484600992272979 10.484965462520528 10.48142561571686
10.481425943045231 10.484965790925132 10.484601320662502 10.484965790924992 10.481425943045158
10.48142627037343 10.484966119329506 10.48460164905195 10.484966119329368 10.481426270373367
10.481426597701562 10.484966447733754 10.484601977441288 10.484966447733628 10.481426597701478
10.48142692502957 10.484966776137961 10.484602305830554 10.484966776137806 10.481426925029506
10.481427252357525 10.484967104542054 10.484602634219733 10.484967104541909 10.481427252357467
10.481427579685443 10.484967432946103 10.484602962608834 10.484967432945947 10.48142757968536
10.48142790701328 10.48496776135006 10.484603290997896 10.484967761349923 10.481427907013193
10.48142823434105 10.484968089753998 10.484603619386876 10.484968089753842 10.481428234340976
10.481428561668784 10.484968418157878 10.484603947775843 10.484968418157726 10.481428561668718
10.481428888996504 10.484968746561712 10.484604276164761 10.484968746561563 10.481428888996426
10.481429216324162 10.484969074965507 10.484604604553635 10.48496907496537 10.481429216324086
10.481429543651819 10.48496940336929 10.48460493294247 10.484969403369131 10.48142954365174
