0.7248498387414876 0.6750318054240894 0.6750318054240908 0.7248498387414907
0.9645073421313204 0.9107098540190902 0.9107098540190921 0.9645073421313245
1.1937469641710983 1.1399204886803693 1.139920488680371 1.1937469641711034
1.4326993647950983 1.3795316842401204 1.3795316842401222 1.432699364795104
1.6895712675446268 1.636817408539157 1.6368174085391587 1.6895712675446355
1.9688726122192073 1.9160597483824677 1.9160597483824693 1.968872612219218
2.2732633950453263 2.219941482428996 2.2199414824289976 2.27326339504534
2.604062512653346 2.549900736950453 2.549900736950455 2.6040625126533596
2.9613556258243228 2.906180950238091 2.906180950238093 2.961355625824341
3.3439801568477607 3.287790877086183 3.2877908770861857 3.343980156847786
3.7495026586861484 3.692467563227004 3.692467563227007 3.749502658686176
4.174249737803082 4.116695518795884 4.116695518795888 4.174249737803115
4.613426740956717 4.555814133203391 4.555814133203395 4.61342674095676
5.061336792134618 5.004226337045683 5.004226337045685 5.06133679213467
5.511691526084103 5.455701350127563 5.455701350127567 5.511691526084156
5.9579853737358945 5.9037449671390245 5.903744967139032 5.95798537373596
6.393891213624464 6.3419961956548185 6.341996195654821 6.393891213624537
6.8136300192108035 6.76460287904743 6.76460287904743 6.813630019210884
7.212272035113411 7.166532804103565 7.166532804103566 7.212272035113504
7.585940323317494 7.543789366746035 7.543789366746041 7.5859403233175975
7.931905246675896 7.893518360429201 7.89351836042921 7.931905246676016
8.24857585399887 8.214010113038325 8.214010113038327 8.248575853998979
8.535407346036909 8.504615013128301 8.504615013128314 8.535407346037042
8.792750897907938 8.765598266589752 8.76559826658975 8.792750897908066
9.021673173457412 8.997961391755164 8.997961391755158 9.021673173457556
9.223769387164456 9.203254878184502 9.203254878184508 9.223769387164596
9.400987797475603 9.3834006308196 9.383400630819617 9.400987797475755
9.555476929018097 9.540536219699584 9.540536219699593 9.55547692901825
9.689460932569723 9.676886940249458 9.676886940249467 9.689460932569887
9.805143971569985 9.7946669985098 9.794666998509806 9.805143971570143
9.904641523320699 9.896007968749965 9.896007968749968 9.904641523320864
9.98993482769706 9.982910879699006 9.982910879699011 9.989934827697228
10.062844086347829 10.057217558867748 10.057217558867748 10.062844086348004
10.125016071424902 10.12059686011657 10.120596860116576 10.125016071425081
10.17792225434464 10.174541819705203 10.174541819705214 10.177922254344795
10.222864195803679 10.22037440571622 10.220374405716223 10.222864195803862
10.260983605299275 10.259255194340572 10.25925519434058 10.260983605299467
10.293275098470087 10.292195934925932 10.292195934925937 10.293275098470259
10.320600213398349 10.320073509632802 10.320073509632811 10.320600213398523
10.343701680181345 10.34364423815018 10.343644238150185 10.343701680181521
10.363217275344724 10.363557825615509 10.36355782561552 10.363217275344901
10.37969284581514 10.380370513865829 10.380370513865822 10.37969284581531
10.39359427085133 10.394557186947416 10.394557186947413 10.393594270851509
10.405318259120497 10.406522316113517 10.406522316113524 10.405318259120692
10.415201965000369 10.41660972057116 10.41660972057117 10.415201965000545
10.423531464046812 10.425111179113001 10.425111179113005 10.423531464046995
10.43054916106311 10.432273963402574 10.43227396340257 10.430549161063306
10.436460222024001 10.438307382969706 10.438307382969718 10.436460222024204
10.44143812826735 10.443388440107471 10.44338844010747 10.441438128267544
10.445629451538364 10.447666693654318 10.447666693654323 10.445629451538544
10.449157944289464 10.451268426830797 10.451268426830808 10.449157944289642
10.452128032944092 10.454300207798624 10.45430020779863 10.452128032944279
10.45462779388236 10.45685192373677 10.456851923736778 10.454627793882539
10.456731483536757 10.45899936086186 10.45899936086187 10.456731483536942
10.45850168572935 10.460806394516974 10.460806394516974 10.458501685729544
10.459991131559137 10.462326845560515 10.462326845560517 10.459991131559331
10.461244239939504 10.463606051992425 10.463606051992418 10.461244239939685
10.462298420370383 10.464682198151415 10.464682198151417 10.462298420370558
10.46318517372591 10.465587437926045 10.46558743792605 10.463185173726094
10.463931021726617 10.466348843227943 10.466348843227939 10.463931021726811
10.464558291300428 10.46698920443505 10.466989204435048 10.464558291300603
10.4650857761637 10.467527705571506 10.467527705571506 10.465085776163875
10.465529294613289 10.467980493588666 10.467980493588671 10.465529294613475
10.46590215964983 10.468361158188875 10.468361158188886 10.46590215965002
10.46621557509685 10.468681136129938 10.468681136129945 10.46621557509703
10.466478969284077 10.46895005181213 10.468950051812145 10.46647896928427
10.466700276078779 10.469176004129858 10.469176004129855 10.466700276078976
10.466886171532343 10.469365808023598 10.469365808023614 10.466886171532538
10.467042273123495 10.469525197856354 10.469525197856358 10.467042273123669
10.467173307489652 10.46965899862633 10.469658998626336 10.46717330748984
10.467283251615966 10.469771270088167 10.469771270088167 10.46728325161616
10.467375451671836 10.469865428058402 10.469865428058403 10.46737545167201
10.467452723026568 10.469944346509937 10.469944346509939 10.467452723026769
10.46751743442014 10.470010443492532 10.470010443492539 10.467517434420328
10.467571578795067 10.470065753437884 10.470065753437892 10.467571578795265
10.467616832901346 10.47011198800419 10.47011198800419 10.467616832901536
10.467654607451768 10.470150587274938 10.470150587274942 10.467654607451957
10.46768608932454 10.47018276283966 10.470182762839663 10.46768608932472
10.46771227707329 10.470209534042855 10.470209534042864 10.467712277073472
10.467734010805236 10.470231758484031 10.470231758484038 10.467734010805415
10.467751997320143 10.470250157679825 10.470250157679835 10.467751997320342
10.467766831261601 10.470265338655588 10.470265338655599 10.467766831261791
10.467779012912748 10.47027781211164 10.47027781211165 10.467779012912931
10.467788963168893 10.470288007707449 10.470288007707449 10.467788963169085
10.467797036134552 10.47029628692102 10.470296286921013 10.467797036134746
10.467803529721845 10.470302953867904 10.470302953867915 10.467803529722037
10.467808694567236 10.470308264403663 10.47030826440367 10.46780869456743
10.467812741533493 10.470312433781912 10.470312433781922 10.467812741533681
10.467815848021251 10.470315643097386 10.470315643097395 10.467815848021441
10.467818163279018 10.470318044706465 10.470318044706472 10.467818163279212
10.467819812870658 10.470319766787709 10.470319766787707 10.467819812870838
10.467820902433857 10.47032091717857 10.47032091717858 10.467820902434052
10.46782152084229 10.4703215866034 10.4703215866034 10.467821520842486
10.467821742865905 10.470321851389121 10.470321851389134 10.467821742866107
10.467821631409095 10.470321775750065 10.470321775750065 10.467821631409278
10.467821239393654 10.470321413710046 10.470321413710046 10.467821239393842
10.467820611342969 10.470320810719599 10.470320810719596 10.467820611343164
10.467819784714818 10.470320005016502 10.470320005016502 10.467819784715003
10.46781879102257 10.47031902877038 10.470319028770378 10.46781879102275
10.467817656778585 10.470317909045695 10.470317909045699 10.46781765677878
10.467816404287895 10.470316668611904 10.470316668611906 10.467816404288085
10.467815052315755 10.470315326625068 10.47031532662507 10.467815052315947
10.4678136166495 10.470313899201255 10.47031389920126 10.467813616649677
10.467812110571064 10.470312399899004 10.470312399899004 10.467812110571241
10.467810545254594 10.470310840125153 10.47031084012516 10.467810545254787
10.467808930101024 10.47030922947635 10.470309229476356 10.467808930101187
10.46780727301925 10.470307576026277 10.470307576026286 10.467807273019428
10.467805580663208 10.470305886567367 10.470305886567372 10.46780558066339
10.467803858630823 10.47030416681412 10.47030416681412 10.467803858631017
10.467802111631649 10.470302421574168 10.470302421574178 10.46780211163184
10.467800343627866 10.470300654892204 10.470300654892208 10.467800343628056
10.467798557952861 10.470298870171023 10.470298870171026 10.46779855795305
10.467796757411037 10.470297070273439 10.470297070273443 10.467796757411238
10.46779494436177 10.470295257607917 10.470295257607933 10.467794944361959
10.467793120789947 10.470293434200748 10.470293434200773 10.467793120790148
10.467791288365564 10.470291601756632 10.470291601756644 10.467791288365744
10.467789448493484 10.470289761709765 10.470289761709765 10.467789448493672
10.467787602355681 10.470287915266672 10.470287915266692 10.467787602355886
10.467785750946605 10.470286063442515 10.470286063442531 10.467785750946799
10.46778389510279 10.47028420709128 10.47028420709128 10.467783895102977
10.467782035528067 10.470282346931436 10.470282346931441 10.467782035528268
10.467780172814587 10.47028048356745 10.470280483567464 10.467780172814779
10.467778307460506 10.470278617507875 10.470278617507892 10.467778307460692
10.467776439884915 10.470276749180536 10.470276749180544 10.467776439885094
10.46777457044041 10.470274878945364 10.470274878945373 10.4677745704406
10.46777269942364 10.470273007105174 10.47027300710518 10.467772699423847
10.467770827084188 10.470271133914743 10.470271133914743 10.467770827084383
10.467768953631989 10.470269259588385 10.470269259588393 10.46776895363218
10.467767079243695 10.470267384306432 10.470267384306434 10.467767079243885
10.467765204067918 10.470265508220578 10.470265508220578 10.46776520406809
10.467763328229648 10.470263631458458 10.470263631458458 10.46776332822983
10.467761451834113 10.47026175412743 10.470261754127442 10.467761451834294
10.467759574969767 10.470259876317849 10.470259876317861 10.46775957496996
10.467757697711079 10.470257998105716 10.470257998105724 10.467757697711274
10.467755820120678 10.470256119554941 10.470256119554929 10.467755820120875
10.467753942251294 10.470254240719331 10.470254240719331 10.467753942251468
10.467752064147193 10.470252361644151 10.470252361644157 10.467752064147373
10.467750185845723 10.470250482367467 10.470250482367467 10.467750185845896
10.46774830737822 10.470248602921295 10.470248602921309 10.467748307378407
10.467746428771106 10.470246723332611 10.470246723332616 10.467746428771292
10.467744550046607 10.470244843624066 10.470244843624064 10.46774455004679
10.467742671223375 10.470242963814732 10.470242963814743 10.467742671223554
10.467740792317151 10.470241083920657 10.470241083920667 10.467740792317331
10.467738913341144 10.470239203955376 10.47023920395538 10.467738913341321
10.46773703430648 10.470237323930188 10.470237323930201 10.467737034306671
10.467735155222549 10.470235443854696 10.470235443854708 10.46773515522273
10.467733276097183 10.470233563736922 10.470233563736926 10.467733276097368
10.467731396937038 10.470231683583606 10.470231683583622 10.467731396937221
10.467729517747683 10.470229803400478 10.470229803400484 10.467729517747859
10.467727638533773 10.470227923192306 10.470227923192308 10.467727638533974
10.467725759299315 10.470226042963118 10.47022604296311 10.467725759299496
10.46772388004757 10.470224162716283 10.470224162716278 10.467723880047755
10.467722000781372 10.47022228245468 10.470222282454685 10.467722000781563
10.467720121503056 10.470220402180695 10.470220402180706 10.467720121503229
10.467718242214575 10.470218521896353 10.470218521896353 10.467718242214767
10.467716362917638 10.470216641603347 10.470216641603347 10.467716362917807
10.467714483613594 10.470214761303101 10.470214761303097 10.46771448361379
10.467712604303667 10.470212880996813 10.470212880996824 10.467712604303841
10.467710724988798 10.470211000685504 10.47021100068551 10.467710724988994
10.467708845669872 10.470209120370034 10.470209120370038 10.467708845670062
10.467706966347558 10.470207240051078 10.470207240051092 10.467706966347743
10.467705087022448 10.470205359729286 10.470205359729293 10.46770508702263
10.467703207695028 10.470203479405146 10.470203479405148 10.46770320769522
10.467701328365743 10.470201599079067 10.47020159907908 10.467701328365932
10.467699449034935 10.47019971875142 10.470199718751434 10.467699449035122
10.46769756970288 10.47019783842251 10.470197838422516 10.467697569703068
10.467695690369853 10.470195958092594 10.470195958092598 10.467695690370032
10.467693811036034 10.470194077761874 10.470194077761887 10.46769381103622
10.467691931701617 10.470192197430553 10.470192197430546 10.467691931701818
10.467690052366768 10.470190317098732 10.47019031709874 10.467690052366956
10.467688173031606 10.470188436766605 10.470188436766609 10.467688173031775
10.467686293696179 10.470186556434216 10.47018655643423 10.467686293696374
10.467684414360646 10.470184676101699 10.470184676101708 10.46768441436083
10.467682535025025 10.470182795769105 10.470182795769114 10.467682535025222
10.46768065568945 10.470180915436517 10.470180915436517 10.467680655689634
10.467678776353896 10.470179035103973 10.470179035103985 10.467678776354091
10.467676897018467 10.470177154771527 10.470177154771537 10.467676897018645
10.467675017683154 10.470175274439214 10.470175274439223 10.46767501768334
10.467673138348012 10.470173394107057 10.470173394107064 10.467673138348205
10.467671259013077 10.470171513775114 10.470171513775114 10.467671259013263
10.467669379678341 10.470169633443367 10.470169633443362 10.467669379678533
10.467667500343842 10.470167753111841 10.470167753111852 10.467667500344039
10.467665621009596 10.47016587278057 10.47016587278058 10.467665621009788
10.467663741675606 10.470163992449576 10.470163992449576 10.4676637416758
10.467661862341904 10.470162112118826 10.470162112118846 10.467661862342096
10.467659983008467 10.470160231788377 10.47016023178839 10.467659983008662
10.467658103675348 10.470158351458226 10.47015835145823 10.467658103675536
10.467656224342507 10.470156471128368 10.47015647112837 10.46765622434269
10.467654345009988 10.470154590798806 10.470154590798806 10.467654345010166
10.46765246567776 10.470152710469558 10.470152710469563 10.467652465677943
10.46765058634586 10.47015083014061 10.470150830140618 10.46765058634603
10.467648707014243 10.470148949811984 10.470148949812007 10.467648707014439
10.467646827682966 10.470147069483687 10.470147069483689 10.467646827683149
10.467644948352005 10.470145189155696 10.470145189155708 10.467644948352195
10.467643069021365 10.470143308828034 10.470143308828035 10.46764306902157
10.467641189691061 10.47014142850071 10.470141428500709 10.467641189691252
10.467639310361081 10.470139548173691 10.470139548173695 10.467639310361278
10.467637431031426 10.47013766784701 10.470137667847007 10.467637431031617
10.467635551702104 10.470135787520642 10.470135787520649 10.467635551702285
10.467633672373108 10.470133907194617 10.470133907194617 10.467633672373283
10.467631793044427 10.470132026868917 10.470132026868928 10.46763179304462
10.467629913716092 10.470130146543548 10.470130146543555 10.467629913716282
10.467628034388076 10.470128266218515 10.47012826621852 10.467628034388271
10.4676261550604 10.470126385893812 10.470126385893817 10.467626155060591
10.467624275733069 10.470124505569434 10.470124505569439 10.467624275733245
10.467622396406044 10.470122625245388 10.470122625245404 10.467622396406226
10.467620517079359 10.470120744921683 10.47012074492168 10.46762051707955
10.467618637753015 10.470118864598305 10.470118864598307 10.467618637753201
10.467616758426985 10.47011698427525 10.47011698427525 10.467616758427178
10.467614879101298 10.470115103952535 10.47011510395254 10.46761487910149
10.467612999775941 10.470113223630143 10.47011322363016 10.467612999776138
10.467611120450927 10.470111343308096 10.470111343308103 10.467611120451112
10.467609241126235 10.470109462986375 10.470109462986384 10.467609241126418
10.467607361801875 10.470107582664992 10.470107582664998 10.467607361802056
10.467605482477843 10.470105702343938 10.470105702343947 10.467605482478028
10.467603603154133 10.470103822023226 10.47010382202323 10.46760360315434
10.467601723830803 10.470101941702831 10.470101941702843 10.467601723830986
10.46759984450777 10.470100061382787 10.47010006138279 10.467599844507959
10.467597965185085 10.470098181063058 10.470098181063063 10.467597965185263
10.467596085862713 10.470096300743672 10.470096300743672 10.467596085862898
10.467594206540692 10.470094420424607 10.47009442042463 10.46759420654088
10.467592327218991 10.4700925401059 10.470092540105908 10.467592327219181
10.46759044789764 10.470090659787513 10.470090659787527 10.467590447897836
10.467588568576621 10.470088779469455 10.470088779469469 10.467588568576806
10.467586689255917 10.470086899151742 10.470086899151754 10.467586689256109
10.46758480993557 10.470085018834352 10.47008501883436 10.467584809935744
10.46758293061553 10.470083138517296 10.4700831385173 10.46758293061571
10.467581051295829 10.470081258200578 10.470081258200594 10.467581051296023
10.467579171976466 10.470079377884181 10.47007937788419 10.467579171976656
10.467577292657442 10.470077497568118 10.470077497568125 10.467577292657625
10.467575413338738 10.470075617252384 10.470075617252407 10.46757541333893
10.467573534020378 10.470073736937014 10.470073736937021 10.46757353402057
10.467571654702347 10.470071856621958 10.470071856621965 10.467571654702533
10.46756977538466 10.470069976307235 10.470069976307247 10.46756977538484
10.467567896067303 10.470068095992849 10.470068095992852 10.46756789606748
10.46756601675026 10.470066215678791 10.470066215678786 10.467566016750448
10.467564137433556 10.470064335365063 10.470064335365057 10.467564137433751
10.46756225811719 10.470062455051671 10.470062455051682 10.467562258117384
10.46756037880116 10.470060574738616 10.470060574738616 10.467560378801355
10.467558499485472 10.470058694425896 10.470058694425893 10.467558499485653
10.4675566201701 10.470056814113505 10.4700568141135 10.46755662017028
10.46755474085507 10.470054933801437 10.470054933801446 10.46755474085525
10.467552861540362 10.470053053489707 10.470053053489712 10.467552861540561
10.467550982225998 10.470051173178334 10.470051173178328 10.467550982226182
10.467549102911962 10.470049292867253 10.470049292867264 10.467549102912159
10.46754722359826 10.470047412556541 10.470047412556552 10.467547223598457
10.467545344284892 10.470045532246143 10.470045532246145 10.467545344285089
10.467543464971866 10.470043651936093 10.470043651936097 10.467543464972056
10.46754158565916 10.470041771626356 10.47004177162637 10.46754158565936
10.467539706346798 10.470039891316963 10.470039891316976 10.467539706346987
10.467537827034748 10.470038011007889 10.470038011007905 10.46753782703494
10.467535947723048 10.470036130699166 10.470036130699173 10.467535947723242
10.46753406841167 10.47003425039078 10.470034250390782 10.467534068411874
10.46753218910065 10.470032370082723 10.470032370082725 10.467532189100833
10.467530309789938 10.47003048977499 10.470030489774993 10.467530309790131
10.467528430479582 10.470028609467596 10.470028609467604 10.467528430479764
10.467526551169527 10.470026729160526 10.470026729160537 10.467526551169723
10.467524671859827 10.47002484885381 10.47002484885382 10.467524671860025
10.467522792550469 10.470022968547418 10.470022968547413 10.46752279255065
10.467520913241424 10.470021088241346 10.470021088241356 10.467520913241616
10.467519033932714 10.470019207935623 10.470019207935627 10.467519033932904
10.467517154624348 10.470017327630238 10.47001732763024 10.467517154624542
10.46751527531632 10.470015447325167 10.470015447325173 10.467515275316494
10.467513396008624 10.470013567020446 10.470013567020452 10.467513396008805
10.467511516701247 10.470011686716058 10.470011686716067 10.467511516701439
10.467509637394212 10.470009806411996 10.470009806411998 10.4675096373944
10.467507758087503 10.47000792610827 10.470007926108265 10.467507758087699
10.46750587878115 10.470006045804878 10.470006045804885 10.467505878781326
10.467503999475113 10.470004165501818 10.470004165501816 10.467503999475294
10.467502120169396 10.470002285199085 10.470002285199099 10.46750212016959
10.467500240864034 10.470000404896693 10.470000404896693 10.467500240864215
10.467498361558997 10.469998524594624 10.469998524594638 10.467498361559175
10.467496482254285 10.469996644292902 10.4699966442929 10.467496482254477
10.46749460294991 10.469994763991503 10.469994763991515 10.467494602950097
10.467492723645876 10.469992883690445 10.469992883690447 10.467492723646064
10.467490844342166 10.469991003389703 10.469991003389712 10.467490844342354
10.46748896503879 10.469989123089304 10.46998912308931 10.467488965038976
10.46748708573576 10.469987242789246 10.469987242789255 10.467487085735938
10.46748520643306 10.469985362489533 10.46998536248954 10.467485206433237
10.46748332713067 10.469983482190125 10.469983482190122 10.467483327130862
10.467481447828627 10.469981601891064 10.469981601891059 10.467481447828815
10.467479568526914 10.469979721592324 10.46997972159233 10.467479568527105
10.467477689225541 10.469977841293924 10.46997784129394 10.467477689225728
10.467475809924487 10.469975960995853 10.469975960995864 10.467475809924682
10.467473930623772 10.469974080698124 10.46997408069813 10.46747393062398
10.467472051323412 10.469972200400724 10.469972200400735 10.467472051323599
10.467470172023383 10.469970320103661 10.469970320103668 10.467470172023562
10.467468292723662 10.469968439806937 10.469968439806939 10.467468292723854
10.467466413424287 10.469966559510539 10.469966559510544 10.467466413424477
10.467464534125233 10.469964679214478 10.469964679214488 10.467464534125432
10.467462654826537 10.469962798918747 10.469962798918747 10.467462654826722
10.46746077552815 10.469960918623343 10.469960918623343 10.467460775528332
10.467458896230092 10.469959038328264 10.469959038328279 10.467458896230301
10.467457016932396 10.469957158033537 10.469957158033546 10.467457016932585
10.467455137635008 10.469955277739148 10.469955277739153 10.467455137635206
10.467453258337983 10.46995339744507 10.469953397445085 10.467453258338164
10.46745137904127 10.469951517151328 10.469951517151342 10.467451379041455
10.467449499744877 10.469949636857935 10.469949636857944 10.467449499745067
10.46744762044884 10.46994775656488 10.469947756564888 10.467447620449034
10.467445741153131 10.469945876272147 10.46994587627215 10.467445741153318
