0.7217517864151141 0.6481608533171667 0.648160853317168 0.7217517864151163
0.9587782729443112 0.876072637088112 0.8760726370881126 0.9587782729443144
1.185296808404571 1.0995004908219972 1.0995004908219965 1.185296808404574
1.4216458039071933 1.3342593252018158 1.3342593252018142 1.4216458039071975
1.6761432486742882 1.5873168960576547 1.5873168960576516 1.6761432486742927
1.9534422312847393 1.862926724574012 1.8629267245740078 1.953442231284743
2.256424517005903 2.1639220955383522 2.1639220955383447 2.256424517005905
2.586728170422088 2.4920407535917843 2.4920407535917732 2.5867281704220884
2.944858385850905 2.8479574932018963 2.8479574932018816 2.944858385850906
3.3301602090703932 3.2312214362329827 3.2312214362329645 3.330160209070395
3.7407668555779914 3.64018299326104 3.640182993261015 3.740766855577991
4.173584742363373 4.071961036438482 4.07196103643845 4.173584742363373
4.624352662468847 4.522484452231701 4.522484452231665 4.624352662468844
5.087794831617613 4.986628009786326 4.986628009786276 5.087794831617613
5.5578694973392935 5.458446142915576 5.458446142915517 5.557869497339287
6.028096416741696 5.93149038889434 5.93149038889427 6.028096416741681
6.491930639362264 6.399179919805187 6.399179919805107 6.491930639362247
6.943140250395232 6.855183657998185 6.8551836579980945 6.943140250395211
7.3761445117563476 7.293769758296044 7.293769758295937 7.376144511756324
7.786276361727104 7.7100844229082774 7.710084422908163 7.78627636172708
8.169947209130157 8.100335198615468 8.100335198615342 8.169947209130124
8.524708498469288 8.461870377351426 8.461870377351284 8.524708498469261
8.849219570632432 8.79316173822622 8.79316173822607 8.849219570632394
9.143141958787737 9.093709422646327 9.093709422646162 9.143141958787703
9.406985255633733 9.363893722700828 9.363893722700652 9.406985255633682
9.641929525848576 9.604799199390808 9.60479919939062 9.641929525848527
9.849645414228434 9.818033209438218 9.818033209438026 9.849645414228391
10.032127425591135 10.00555541717386 10.00555541717366 10.032127425591069
10.19154989316072 10.169528842938014 10.16952884293781 10.191549893160675
10.33014995637688 10.312197600822104 10.312197600821905 10.330149956376836
10.450137941953653 10.435792301184865 10.435792301184653 10.450137941953601
10.553632965229394 10.542461280571658 10.542461280571437 10.553632965229335
10.642620166690364 10.634224229923754 10.634224229923525 10.642620166690302
10.718925484807865 10.712944144435289 10.712944144435074 10.71892548480781
10.784203945279407 10.780313514802787 10.780313514802568 10.784203945279343
10.839937867569061 10.837851058165166 10.83785105816494 10.839937867568997
10.887441965768604 10.886905849074608 10.886905849074367 10.887441965768529
10.927872928333837 10.92866632180913 10.928666321808896 10.927872928333763
10.962241627358281 10.964172194286935 10.964172194286693 10.962241627358216
10.991426596902205 10.994327869376638 10.994327869376411 10.991426596902121
11.016187819912393 11.01991628648951 11.019916286489263 11.016187819912307
11.037180177134717 11.041612525792278 11.041612525792031 11.037180177134646
11.054966149093088 11.059996718316926 11.059996718316677 11.05496614909301
11.070027536409865 11.07556600018965 11.075566000189403 11.070027536409818
11.082776087318477 11.088745381159468 11.088745381159239 11.082776087318406
11.09356300577853 11.099897488502917 11.099897488502666 11.09356300577845
11.10268736896037 11.1093312073934 11.109331207393152 11.10268736896031
11.11040351693332 11.117309276223056 11.117309276222805 11.110403516933255
11.116927496349225 11.1240549166363 11.124054916636059 11.116927496349144
11.122442648442092 11.12975758811965 11.129757588119405 11.122442648442025
11.127104433235056 11.13457795956522 11.13457795956498 11.127104433234981
11.131044578971538 11.138652187959638 11.13865218795939 11.131044578971482
11.1343746402557 11.142095589147752 11.14209558914751 11.13437464025565
11.137189041428933 11.145005778809058 11.145005778808816 11.137189041428861
11.139567674165857 11.147465354260866 11.147465354260612 11.13956767416579
11.14157811068597 11.149544180059538 11.149544180059298 11.141578110685916
11.1432774866889 11.151301332980594 11.151301332980351 11.143277486688827
11.144714101328475 11.152786755040054 11.152786755039816 11.14471410132841
11.145928775346249 11.154042656888898 11.154042656888652 11.145928775346192
11.146956002920582 11.155104708214338 11.155104708214104 11.146956002920527
11.14782492785351 11.156003046717357 11.156003046717121 11.147824927853433
11.148560170378914 11.15676313277765 11.156763132777405 11.14856017037885
11.149182527090206 11.157406473023332 11.157406473023089 11.14918252709013
11.149709563201869 11.157951232640386 11.157951232640135 11.1497095632018
11.150156113524165 11.158412753335536 11.158412753335288 11.150156113524103
11.150534706090959 11.158803991351226 11.158803991350975 11.150534706090891
11.15085592029003 11.159135887774086 11.159135887773838 11.150855920289963
11.1511286895564 11.159417681532172 11.159417681531925 11.151128689556343
11.151360557163152 11.159657173901127 11.159657173900873 11.15136055716308
11.15155789234367 11.159860951995585 11.15986095199534 11.151557892343586
11.151726072873434 11.160034577580744 11.160034577580507 11.151726072873352
11.151869639299573 11.160182746566829 11.160182746566576 11.151869639299541
11.151992425208924 11.160309423726142 11.160309423725908 11.151992425208846
11.152097667247888 11.160417956472426 11.16041795647219 11.152097667247826
11.152188098036628 11.160511170950087 11.160511170949844 11.152188098036554
11.152266024631329 11.160591453179132 11.160591453178897 11.152266024631258
11.1523333947802 11.160660817576787 11.160660817576531 11.152333394780124
11.152391852869494 11.160720964816884 11.160720964816635 11.152391852869437
11.15244278716247 11.160773330684764 11.160773330684515 11.15244278716241
11.152487369685092 11.160819127327553 11.160819127327308 11.152487369685025
11.152526589902413 11.16085937808287 11.160859378082618 11.152526589902333
11.152561283151769 11.160894946884836 11.160894946884591 11.152561283151691
11.152592154648449 11.160926563091467 11.160926563091216 11.152592154648381
11.152619799753344 11.160954842445753 11.160954842445504 11.152619799753285
11.152644721084117 11.160980304772734 11.160980304772474 11.152644721084052
11.152667342961506 11.161003388920022 11.161003388919783 11.15266734296146
11.152688023605684 11.16102446537188 11.161024465371629 11.152688023605606
11.152707065432784 11.161043846898112 11.161043846897863 11.152707065432732
11.152724723748046 11.161061797544631 11.161061797544392 11.152724723747955
11.152741214084333 11.161078540223519 11.161078540223283 11.15274121408425
11.152756718398026 11.161094263120754 11.161094263120496 11.152756718397962
11.15277139029952 11.16110912510588 11.16110912510563 11.152771390299469
11.152785359469007 11.161123260298956 11.161123260298712 11.152785359468936
11.152798735384362 11.161136781926075 11.161136781925833 11.152798735384287
11.15281161046833 11.161149785574313 11.161149785574061 11.15281161046825
11.15282406274548 11.161162351939579 11.161162351939335 11.152824062745408
11.152836158085206 11.161174549146477 11.161174549146228 11.15283615808514
11.152847952095314 11.161186434706657 11.161186434706408 11.152847952095257
11.15285949172063 11.161198057172253 11.161198057172008 11.15285949172059
11.152870816592626 11.161209457531566 11.161209457531308 11.15287081659256
11.152881960168632 11.16122067038746 11.161220670387202 11.152881960168552
11.152892950693726 11.16123172495208 11.161231724951847 11.152892950693662
11.152903812012845 11.161242645886734 11.161242645886485 11.152903812012791
11.152914564256164 11.161253454010772 11.161253454010533 11.15291456425609
11.152925224417725 11.161264166900137 11.161264166899887 11.152925224417661
11.152935806844209 11.161274799392666 11.16127479939242 11.15293580684413
11.152946323647244 11.161285364014642 11.161285364014384 11.152946323647164
11.15295678505154 11.16129587134092 11.16129587134067 11.15295678505148
11.152967199689046 11.161306330298896 11.161306330298652 11.15296719968898
11.152977574846869 11.161316748425229 11.161316748424976 11.152977574846794
11.15298791667686 11.16132713208239 11.161327132082148 11.152987916676794
11.152998230372544 11.161337486641717 11.16133748664147 11.152998230372486
11.15300852031834 11.1613478166377 11.161347816637452 11.15300852031828
11.153018790215603 11.161358125898465 11.161358125898213 11.153018790215537
11.153029043189083 11.161368417655737 11.161368417655499 11.153029043189028
11.153039281876747 11.16137869463779 11.16137869463754 11.153039281876687
11.153049508505543 11.161388959147828 11.161388959147585 11.153049508505466
11.153059724955543 11.161399213130284 11.161399213130041 11.153059724955453
11.153069932813862 11.16140945822665 11.16140945822641 11.153069932813805
11.153080133420467 11.161419695822708 11.16141969582246 11.153080133420403
11.153090327906485 11.161429927088337 11.161429927088092 11.15309032790641
11.15310051722686 11.161440153011174 11.161440153010943 11.15310051722679
11.153110702187718 11.161450374424993 11.161450374424751 11.15311070218765
11.153120883469704 11.161460592033665 11.161460592033423 11.153120883469622
11.15313106164732 11.161470806431415 11.161470806431167 11.153131061647235
11.153141237205622 11.161481018119918 11.161481018119659 11.153141237205562
11.153151410554113 11.161491227522623 11.16149122752238 11.15315141055405
11.153161582038468 11.161501434997094 11.16150143499684 11.153161582038397
11.153171751950495 11.161511640845147 11.161511640844905 11.153171751950428
11.153181920536609 11.161521845321577 11.161521845321339 11.153181920536538
11.153192088004749 11.161532048641488 11.161532048641249 11.153192088004673
11.153202254530537 11.161542250986503 11.161542250986264 11.153202254530461
11.153212420262186 11.161552452509921 11.161552452509682 11.153212420262124
11.153222585324855 11.161562653341159 11.161562653340898 11.15322258532478
11.15323274982417 11.16157285358945 11.16157285358921 11.15323274982409
11.153242913849335 11.161583053347096 11.161583053346849 11.153242913849246
11.153253077475576 11.161593252691912 11.161593252691667 11.15325307747551
11.153263240766563 11.161603451689647 11.16160345168941 11.153263240766488
11.153273403775865 11.161613650395838 11.161613650395589 11.15327340377579
11.15328356654883 11.161623848857284 11.161623848857028 11.153283566548764
11.153293729123702 11.161634047113575 11.161634047113324 11.153293729123629
11.153303891532728 11.161644245198055 11.161644245197806 11.15330389153267
11.153314053803209 11.16165444313897 11.161654443138726 11.153314053803147
11.153324215958124 11.161664640960087 11.161664640959835 11.153324215958063
11.15333437801691 11.161674838681494 11.16167483868124 11.153334378016845
11.153344539995961 11.16168503632015 11.161685036319904 11.15334453999591
11.153354701909146 11.161695233890395 11.161695233890146 11.153354701909072
11.15336486376813 11.161705431404306 11.161705431404073 11.153364863768047
11.153375025582745 11.16171562887208 11.161715628871832 11.153375025582678
11.153385187361378 11.161725826302332 11.161725826302089 11.1533851873613
11.153395349111024 11.161736023702323 11.161736023702089 11.15339534911096
11.153405510837654 11.161746221078221 11.161746221077962 11.153405510837583
11.153415672546254 11.161756418435179 11.161756418434932 11.15341567254617
11.153425834241034 11.161766615777603 11.16176661577736 11.15342583424097
11.153435995925609 11.161776813109176 11.16177681310893 11.153435995925541
11.153446157602993 11.161787010432999 11.161787010432748 11.153446157602916
11.15345631927571 11.161797207751734 11.161797207751478 11.153456319275632
11.153466480945907 11.161807405067584 11.161807405067343 11.153466480945823
11.153476642615372 11.161817602382428 11.161817602382184 11.153476642615326
11.153486804285697 11.161827799697848 11.161827799697605 11.153486804285663
11.153496965958205 11.161837997015207 11.161837997014961 11.15349696595813
11.153507127633874 11.161848194335589 11.161848194335349 11.15350712763379
11.153517289313676 11.161858391659974 11.161858391659724 11.153517289313617
11.153527450998427 11.161868588989167 11.161868588988924 11.153527450998343
11.153537612688714 11.161878786323834 11.161878786323602 11.153537612688654
11.153547774385157 11.161888983664568 11.161888983664314 11.153547774385085
11.153557936088188 11.161899181011833 11.161899181011586 11.153557936088113
11.153568097798198 11.161909378366035 11.161909378365799 11.153568097798125
11.15357825951554 11.16191957572757 11.161919575727314 11.153578259515474
11.15358842124048 11.161929773096643 11.161929773096405 11.153588421240427
11.153598582973288 11.161939970473583 11.161939970473343 11.153598582973222
11.15360874471414 11.161950167858544 11.161950167858285 11.15360874471407
11.15361890646318 11.161960365251728 11.16196036525148 11.153618906463118
11.153629068220589 11.161970562653272 11.161970562653034 11.15362906822055
11.153639229986522 11.161980760063328 11.161980760063074 11.153639229986453
11.153649391760968 11.161990957481928 11.161990957481684 11.153649391760899
11.153659553544102 11.162001154909222 11.162001154908983 11.153659553544054
11.153669715335976 11.16201135234527 11.16201135234503 11.153669715335923
11.153679877136675 11.162021549790145 11.162021549789893 11.153679877136609
11.15369003894617 11.162031747243903 11.16203174724365 11.153690038946126
11.153700200764622 11.162041944706573 11.162041944706324 11.153700200764556
11.153710362591967 11.162052142178197 11.162052142177947 11.153710362591912
11.153720524428298 11.16206233965881 11.162062339658563 11.15372052442822
11.153730686273617 11.162072537148443 11.162072537148191 11.153730686273544
11.153740848127926 11.16208273464711 11.162082734646855 11.153740848127857
11.15375100999131 11.162092932154835 11.16209293215458 11.15375100999122
11.153761171863698 11.162103129671642 11.162103129671387 11.153761171863625
11.153771333745153 11.16211332719752 11.162113327197273 11.153771333745077
11.153781495635668 11.16212352473251 11.16212352473225 11.153781495635608
11.153791657535274 11.162133722276605 11.162133722276355 11.153791657535221
11.153801819444002 11.162143919829816 11.162143919829568 11.153801819443919
11.153811981361773 11.162154117392163 11.162154117391923 11.153811981361727
11.153822143288714 11.162164314963652 11.162164314963405 11.153822143288636
11.153832305224721 11.162174512544254 11.162174512544007 11.153832305224638
11.153842467169822 11.162184710134008 11.162184710133761 11.15384246716976
11.153852629124065 11.162194907732909 11.162194907732665 11.153852629123989
11.153862791087427 11.162205105340952 11.162205105340703 11.153862791087358
11.153872953059873 11.162215302958161 11.162215302957916 11.153872953059818
11.15388311504149 11.162225500584505 11.162225500584256 11.153883115041419
11.15389327703222 11.162235698220007 11.162235698219758 11.153893277032141
11.15390343903205 11.162245895864663 11.162245895864427 11.15390343903198
11.153913601041022 11.162256093518472 11.162256093518225 11.15391360104095
11.153923763059092 11.162266291181432 11.162266291181183 11.15392376305903
11.153933925086328 11.162276488853554 11.162276488853314 11.153933925086248
11.153944087122676 11.162286686534848 11.1622866865346 11.153944087122607
11.153954249168155 11.162296884225299 11.162296884225057 11.153954249168079
11.153964411222775 11.162307081924915 11.162307081924657 11.153964411222693
11.153974573286503 11.162317279633672 11.16231727963343 11.153974573286431
11.153984735359355 11.1623274773516 11.162327477351372 11.153984735359302
11.153994897441383 11.162337675078712 11.16233767507846 11.1539948974413
11.15400505953252 11.162347872814959 11.162347872814705 11.154005059532443
11.154015221632784 11.162358070560366 11.16235807056013 11.154015221632712
11.154025383742178 11.162368268314957 11.162368268314708 11.154025383742107
11.154035545860692 11.162378466078703 11.162378466078456 11.154035545860635
11.154045707988358 11.162388663851605 11.162388663851353 11.154045707988292
11.154055870125145 11.162398861633681 11.162398861633436 11.15405587012509
11.154066032271059 11.162409059424919 11.16240905942467 11.154066032271022
11.154076194426157 11.162419257225316 11.162419257225062 11.154076194426086
11.154086356590346 11.162429455034871 11.162429455034623 11.15408635659028
11.154096518763666 11.162439652853587 11.162439652853335 11.154096518763591
11.15410668094612 11.162449850681476 11.16244985068123 11.15410668094605
11.154116843137707 11.162460048518529 11.16246004851829 11.154116843137647
11.154127005338447 11.162470246364752 11.162470246364512 11.154127005338374
11.154137167548308 11.16248044422013 11.162480444219886 11.154137167548246
11.154147329767282 11.162490642084661 11.162490642084416 11.154147329767218
11.154157491995393 11.162500839958371 11.162500839958115 11.154157491995342
11.154167654232673 11.162511037841238 11.162511037840996 11.154167654232596
11.154177816479082 11.16252123573327 11.16252123573302 11.154177816479002
11.154187978734571 11.162531433634472 11.162531433634221 11.154187978734507
11.15419814099923 11.162541631544837 11.162541631544581 11.154198140999164
11.154208303273002 11.162551829464352 11.162551829464114 11.154208303272942
11.154218465555923 11.16256202739304 11.162562027392797 11.154218465555871
11.15422862784798 11.162572225330882 11.162572225330642 11.154228627847937
11.154238790149165 11.162582423277902 11.162582423277655 11.154238790149106
11.154248952459502 11.162592621234078 11.16259262123383 11.154248952459426
11.154259114778931 11.162602819199403 11.162602819199165 11.154259114778865
11.154269277107508 11.162613017173916 11.162613017173681 11.154269277107455
11.154279439445249 11.162623215157597 11.162623215157355 11.154279439445176
11.15428960179211 11.162633413150434 11.162633413150182 11.154289601792026
11.154299764148082 11.162643611152422 11.162643611152172 11.15429976414802
11.154309926513195 11.162653809163581 11.16265380916333 11.154309926513125
11.154320088887447 11.16266400718392 11.16266400718367 11.154320088887394
11.154330251270835 11.162674205213404 11.162674205213147 11.154330251270773
11.154340413663341 11.162684403252053 11.162684403251808 11.154340413663286
11.154350576064992 11.162694601299869 11.162694601299611 11.154350576064942
11.15436073847577 11.162704799356856 11.162704799356607 11.154360738475715
11.15437090089571 11.162714997423011 11.162714997422745 11.154370900895643
11.154381063324761 11.162725195498297 11.162725195498062 11.154381063324681
11.154391225762938 11.162735393582775 11.162735393582533 11.154391225762867
11.154401388210239 11.16274559167641 11.162745591676172 11.154401388210184
11.154411550666707 11.162755789779203 11.162755789778956 11.15441155066663
11.154421713132296 11.162765987891174 11.162765987890936 11.154421713132217
11.154431875607013 11.162776186012312 11.162776186012048 11.154431875606933
11.154442038090853 11.162786384142592 11.162786384142345 11.154442038090773
11.15445220058383 11.162796582282047 11.16279658228181 11.15445220058377
11.154462363085935 11.162806780430667 11.162806780430422 11.154462363085882
11.15447252559719 11.162816978588458 11.162816978588213 11.15447252559714
11.15448268811758 11.162827176755412 11.162827176755169 11.154482688117517
11.154492850647095 11.162837374931536 11.16283737493129 11.154492850647033
11.154503013185755 11.162847573116807 11.162847573116567 11.154503013185689
11.154513175733568 11.162857771311273 11.162857771311028 11.154513175733479
11.154523338290472 11.162867969514858 11.162867969514613 11.15452333829039
11.15453350085651 11.162878167727623 11.16287816772739 11.15453350085644
11.15454366343168 11.162888365949563 11.162888365949314 11.154543663431625
11.154553826016004 11.16289856418066 11.162898564180427 11.154553826015931
11.154563988609436 11.162908762420924 11.16290876242068 11.154563988609382
11.154574151212048 11.162918960670366 11.162918960670119 11.154574151211984
11.154584313823761 11.16292915892896 11.162929158928703 11.154584313823708
11.15459447644463 11.1629393571967 11.162939357196459 11.154594476444553
11.154604639074588 11.162949555473629 11.162949555473391 11.154604639074533
11.154614801713716 11.162959753759699 11.16295975375946 11.15461480171365
11.154624964361973 11.16296995205496 11.162969952054718 11.154624964361906
11.154635127019347 11.162980150359376 11.162980150359115 11.154635127019288
11.15464528968587 11.162990348672958 11.162990348672698 11.154645289685797
11.15465545236153 11.163000546995702 11.163000546995445 11.15465545236146
11.154665615046325 11.163010745327606 11.163010745327353 11.154665615046246
11.154675777740241 11.163020943668672 11.163020943668421 11.154675777740161
11.154685940443288 11.163031142018912 11.163031142018655 11.15468594044321
11.15469610315548 11.163041340378317 11.16304134037806 11.154696103155407
11.154706265876781 11.163051538746863 11.163051538746624 11.15470626587673
11.154716428607259 11.163061737124586 11.163061737124346 11.154716428607188
11.15472659134683 11.163071935511473 11.163071935511216 11.154726591346753
11.15473675409555 11.163082133907531 11.163082133907263 11.154736754095468
11.154746916853394 11.16309233231273 11.16309233231248 11.154746916853316
11.154757079620369 11.163102530727109 11.163102530726865 11.154757079620303
11.154767242396478 11.163112729150658 11.163112729150422 11.154767242396419
11.154777405181749 11.163122927583382 11.163122927583132 11.154777405181669
11.154787567976118 11.16313312602525 11.163133126024997 11.15478756797606
11.154797730779645 11.163143324476284 11.163143324476046 11.154797730779583
11.154807893592311 11.163153522936499 11.163153522936241 11.154807893592233
11.154818056414102 11.163163721405857 11.163163721405612 11.154818056414026
11.154828219245015 11.163173919884395 11.163173919884146 11.154828219244946
11.154838382085066 11.163184118372099 11.163184118371845 11.154838382084984
11.154848544934238 11.163194316868946 11.163194316868708 11.154848544934186
11.154858707792592 11.163204515374971 11.163204515374737 11.154858707792513
11.154868870660037 11.163214713890182 11.163214713889921 11.154868870659968
11.15487903353664 11.163224912414536 11.163224912414286 11.154879033536561
11.154889196422342 11.163235110948053 11.163235110947799 11.154889196422285
11.154899359317204 11.163245309490742 11.163245309490488 11.154899359317131
11.154909522221185 11.163255508042589 11.163255508042337 11.154909522221136
