0.6376471021661517 0.5664853591030969 0.5602288752895929 0.566485359103096 0.6376471021661514
0.8157833250899958 0.7268786427977207 0.7167009193860977 0.7268786427977199 0.8157833250899954
0.9711415372024935 0.8719583981506606 0.859180285899395 0.8719583981506591 0.9711415372024922
1.1208847314973713 1.015120010823573 1.0007417671535777 1.0151200108235718 1.1208847314973684
1.271901266943971 1.1614967050672809 1.1462178193256827 1.1614967050672786 1.2719012669439698
1.4279469313313555 1.3139057676826222 1.29819695595065 1.3139057676826194 1.427946931331355
1.5914100563441658 1.4742162159565657 1.4583851338712364 1.4742162159565624 1.5914100563441633
1.763953209116844 1.6438047387367336 1.6280468655258633 1.6438047387367318 1.7639532091168406
1.946792011163026 1.8237374691066386 1.8081731277089752 1.823737469106633 1.9467920111630226
2.1408254928065897 2.0148471813308677 1.9995475629343151 2.0148471813308637 2.140825492806584
2.3466964805255075 2.217763591177872 2.2027686554599883 2.217763591177865 2.346696480525502
2.5648161848399655 2.4329202869723248 2.4182508886940006 2.432920286972317 2.56481618483996
2.7953699439977773 2.6605495628116747 2.6462155649774273 2.6605495628116653 2.79536994399777
3.038313581330784 2.9006714883912625 2.88667711633641 2.900671488391251 3.0383135813307747
3.2933662880520593 3.1530813769108255 3.139428681144251 3.1530813769108135 3.2933662880520522
3.5600041250784855 3.417338761050711 3.4040297788998024 3.4173387610506967 3.5600041250784757
3.837457183453648 3.6927603846346426 3.679798398537837 3.6927603846346226 3.837457183453634
4.124712697905995 3.9784192567910956 3.9658094176624723 3.978419256791073 4.124712697905981
4.42052574820647 4.2731513460144726 4.260900844997968 4.2731513460144495 4.420525748206455
4.7234385050681365 4.575570944981609 4.563688862314715 4.575570944981579 4.723438505068116
5.031808250897927 4.884095097180564 4.872592022812971 4.884095097180529 5.03180825089791
5.343843649117666 5.196976766275409 5.185864266165456 5.196976766275373 5.343843649117642
5.6576479999551985 5.512345700906269 5.501635690377407 5.5123457009062315 5.657647999955171
5.9712675740746946 5.828255271988728 5.817959349441984 5.828255271988683 5.971267574074663
6.282742628713628 6.142733012451975 6.13286180047083 6.142733012451926 6.282742628713602
6.590158441648166 6.453832237544385 6.444394772268757 6.453832237544329 6.5901584416481445
6.891693678501432 6.75968201194272 6.750685214573806 6.759682011942661 6.891693678501399
7.1856636382945265 7.058532871277404 7.049981127405805 7.0585328712773325 7.185663638294479
7.47055636726378 7.348796079454024 7.340690942799288 7.348796079453949 7.470556367263737
7.745060231258281 7.629074757970378 7.621414785653083 7.6290747579702956 7.745060231258227
8.008082215729079 7.898185886965572 7.890966604344381 7.8981858869654875 8.008082215729026
8.258756899663199 8.155172869470507 8.148386854599412 8.155172869470421 8.258756899663146
8.496446655385006 8.399308994661757 8.392946066143375 8.39930899466166 8.496446655384958
8.720734108068086 8.63009267287227 8.624140160648297 8.630092672872168 8.720734108068031
8.931408218266759 8.84723570673568 8.841678783250412 8.847235706735567 8.931408218266709
9.128445521995369 9.050646094859289 9.045468143896468 9.050646094859172 9.128445521995314
9.31198808927375 9.240406943664913 9.235589945654873 9.240406943664805 9.311988089273685
9.482319670293856 9.416753012084246 9.412277927363755 9.41675301208413 9.482319670293801
9.639841321828008 9.58004626443762 9.575893399353049 9.580046264437499 9.639841321827923
9.785047579433172 9.730751593795867 9.726900938235998 9.730751593795741 9.785047579433105
9.918503994145187 9.86941363408636 9.86584516265972 9.869413634086234 9.918503994145102
10.04082661028669 9.996635331437203 9.993329263809256 9.99663533143707 10.040826610286613
10.152663741173967 10.113058714054093 10.109995732770116 10.11305871405396 10.152663741173903
10.25468021239282 10.219348098409016 10.216509524773812 10.219348098408869 10.254680212392751
10.347544092507768 10.316175804398519 10.313543734657033 10.316175804398371 10.34754409250772
10.431915818625102 10.404210325007684 10.401767730213935 10.404210325007549 10.431915818625034
10.508439546126493 10.484106804862774 10.48183759850835 10.484106804862632 10.508439546126393
10.577736503323125 10.55649962257903 10.554388700362608 10.55649962257889 10.577736503323049
10.640400107188498 10.621996838603263 10.620030094744422 10.621996838603115 10.640400107188421
10.696992590149529 10.681176257648891 10.679340581964238 10.681176257648733 10.696992590149446
10.74804289505076 10.734582857477086 10.732866117113625 10.734582857476925 10.748042895050682
10.794045611484178 10.782727348999694 10.78111835831591 10.782727348999531 10.79404561148406
10.835460748147495 10.826085652581327 10.824574134225358 10.826085652581185 10.835460748147423
10.872714160018836 10.86509909894068 10.863675638729461 10.865099098940522 10.872714160018749
10.906198473895007 10.900175187904209 10.898831185681065 10.90017518790405 10.90619847389492
10.936274379850326 10.931688762826994 10.93041638107975 10.931688762826836 10.936274379850222
10.96327217852374 10.959983481683055 10.958775593351916 10.959983481682896 10.963272178523646
10.98749349433067 10.985373486995623 10.98422362358986 10.985373486995467 10.987493494330574
11.009213082483573 11.008145195594356 11.00704749647167 11.008145195594192 11.00921308248347
11.028680673065114 11.02855914555245 11.027508308991367 11.028559145552292 11.028680673065033
11.04612280842394 11.04685185162844 11.045843088138978 11.046851851628263 11.04612280842385
11.061744641037654 11.06323763226924 11.062266620437073 11.063237632269074 11.061744641037555
11.075731667932853 11.077910380934878 11.076973225973251 11.077910380934705 11.075731667932775
11.088251385002767 11.091045262413756 11.090138457503391 11.091045262413596 11.088251385002684
11.099454850358876 11.102800321154948 11.101920711578803 11.10280032115478 11.099454850358763
11.109478150414988 11.113317993675219 11.112462743700405 11.113317993675047 11.109478150414914
11.118443765934138 11.1227265210218 11.121893083440378 11.122726521021631 11.118443765934039
11.126461837950343 11.131141260272296 11.130327348485048 11.13114126027213 11.126461837950275
11.133631335469724 11.138665896302468 11.137869458810654 11.138665896302301 11.13363133546965
11.14004112828649 11.145393556691294 11.144612753850403 11.145393556691122 11.140041128286379
11.145770969240981 11.15140783378542 11.150641016669404 11.15140783378526 11.145770969240878
11.150892390887233 11.156783718711988 11.156029409935618 11.156783718711823 11.150892390887131
11.155469521907225 11.161588452596408 11.160845328945447 11.16158845259624 11.15546952190714
11.159559828774189 11.165882300478208 11.165149177202137 11.165882300478026 11.159559828774096
11.16321478817448 11.16971925348024 11.168995070107995 11.16971925348009 11.163214788174372
11.166480495593076 11.173147664719915 11.17243147226694 11.173147664719746 11.16648049559297
11.169398215280925 11.176210824289951 11.17550177373293 11.176210824289791 11.169398215280816
11.172004876580887 11.178947478413559 11.17824481031698 11.178947478413402 11.17200487658078
11.174333521311679 11.18139229760905 11.180695332796802 11.181392297608893 11.174333521311608
11.176413706612792 11.183576298408312 11.182884429581373 11.18357629840814 11.176413706612692
11.178271867346622 11.185527222866709 11.184839907076189 11.185527222866538 11.178271867346536
11.179931641850722 11.187269879795416 11.186586631687614 11.187269879795249 11.17993164185064
11.181414164531958 11.188826451341749 11.188146837099463 11.188826451341578 11.181414164531894
11.182738328508329 11.190216768250556 11.189540400161492 11.190216768250382 11.182738328508252
11.183921021228642 11.191458556857212 11.190785088446576 11.191458556857041 11.183921021228555
11.18497733574272 11.1925676605969 11.191896782267296 11.192567660596733 11.184977335742627
11.18592076005231 11.193558238565462 11.192889673692616 11.1935582385653 11.18592076005221
11.186763346748267 11.194442943433964 11.193776444871455 11.194442943433792 11.18676334674816
11.187515864932024 11.195233080803987 11.194568427755346 11.195233080803828 11.187515864931942
11.188187936227983 11.195938751892205 11.195275747112067 11.19593875189204 11.188187936227887
11.188788156517955 11.196568981249822 11.19590744854034 11.196568981249635 11.18878815651786
11.189324204869155 11.197131831056568 11.196471613028294 11.197131831056398 11.189324204869054
11.189802940980675 11.197634503376293 11.19697545944573 11.197634503376124 11.189802940980607
11.190230492341586 11.198083431622647 11.197425436222082 11.198083431622482 11.190230492341492
11.190612332172071 11.198484362358354 11.197827303335464 11.198484362358185 11.190612332171968
11.190953349112243 11.198842428437386 11.198186205624708 11.198842428437231 11.190953349112162
11.191257909522728 11.199162214396464 11.198506738332782 11.19916221439628 11.19125790952262
11.19152991317322 11.199447814909243 11.198793005697139 11.199447814909067 11.191529913173119
11.191772843015782 11.199702887033567 11.199048673318304 11.1997028870334 11.191772843015668
11.191989809665861 11.19993069690516 11.199277014962487 11.199930696905001 11.191989809665767
11.19218359115084 11.200134161464863 11.199480954385775 11.200134161464685 11.192183591150755
11.192356668426267 11.200315885743732 11.199663102706518 11.200315885743565 11.19235666842617
11.192511257108448 11.200478196177446 11.199825791796966 11.200478196177269 11.192511257108363
11.19264933582459 11.200623170369761 11.199971104116345 11.200623170369607 11.192649335824504
11.192772671539467 11.200752663682783 11.200100899363193 11.200752663682616 11.192772671539368
11.192882842180108 11.20086833299058 11.200216838284318 11.200868332990426 11.192882842180033
11.19298125684569 11.200971657898037 11.200320403943133 11.20097165789788 11.192981256845583
11.193069173859541 11.201063959694507 11.200412920717648 11.201063959694345 11.193069173859435
11.193147716893533 11.201146418283356 11.200495571269508 11.20114641828319 11.193147716893465
11.19321788936972 11.201220087303318 11.200569411700652 11.201220087303145 11.19321788936964
11.193280587323054 11.201285907634011 11.20063538509037 11.20128590763384 11.193280587322965
11.193336610889457 11.201344719458373 11.20069433358591 11.20134471945821 11.193336610889384
11.193386674566035 11.201397273035544 11.200747009200489 11.201397273035374 11.193386674565954
11.193431416373892 11.201444238322114 11.200794083457145 11.201444238321935 11.193431416373825
11.193471406041583 11.201486213564635 11.20083615600122 11.201486213564467 11.193471406041494
11.193507152313021 11.201523732973213 11.200873762291856 11.201523732973044 11.193507152312923
11.193539109473987 11.201557273574327 11.200907380470978 11.201557273574155 11.193539109473885
11.193567683180344 11.201587261330681 11.20093743749728 11.201587261330536 11.19356768318025
11.19359323566285 11.20161407660644 11.200964314624263 11.201614076606255 11.193593235662743
11.193616090374915 11.20163805904742 11.200988352292075 11.201638059047262 11.193616090374823
11.193636536143265 11.20165951193969 11.201009854495862 11.201659511939512 11.193636536143195
11.193654830874404 11.201678706101122 11.201029092686802 11.201678706100953 11.193654830874305
11.193671204864206 11.20169588335705 11.201046309255748 11.20169588335689 11.193671204864103
11.193685863753714 11.201711259643728 11.201061720643855 11.201711259643567 11.193685863753613
11.193698991168242 11.201725027779561 11.201075520120451 11.2017250277794 11.193698991168164
11.193710751074326 11.201737359939978 11.201087880263584 11.20173735993981 11.193710751074223
11.193721289883944 11.20174840986725 11.20109895517501 11.201748409867081 11.193721289883863
11.193730738334152 11.201758314843744 11.20110888245818 11.201758314843572 11.193730738334054
11.193739213164891 11.201767197454153 11.201117784984437 11.201767197453984 11.193739213164783
11.193746818617575 11.201775167158909 11.201125772470148 11.201775167158742 11.193746818617477
11.193753647773242 11.20178232169924 11.201132942885124 11.20178232169906 11.19375364777314
11.19375978374721 11.201788748351797 11.20113938371017 11.201788748351625 11.193759783747131
11.19376530075615 11.201794525049056 11.20114517305992 11.201794525048888 11.19376530075605
11.193770265070697 11.201799721379615 11.201150380685776 11.201799721379441 11.193770265070592
11.193774735866144 11.201804399481592 11.201155068871127 11.201804399481416 11.193774735866057
11.1937787659823 11.201808614840193 11.201159293230992 11.20180861484004 11.193778765982191
11.193782402601414 11.20181241700016 11.201163103425877 11.201812416999982 11.193782402601306
11.19378568785424 11.201815850201536 11.201166543799376 11.201815850201374 11.19378568785417
11.193788659360767 11.201818953947853 11.201169653947353 11.20181895394768 11.193788659360681
11.193791350713065 11.201821763513061 11.201172469226236 11.201821763512887 11.19379135071296
11.193793791906538 11.20182431039446 11.20117502120704 11.201824310394295 11.19379379190648
11.193796009725288 11.201826622717057 11.20117733808049 11.201826622716895 11.193796009725194
11.193798028085485 11.20182872559456 11.201179445019031 11.201828725594384 11.193798028085391
11.19379986834279 11.201830641451807 11.201181364499984 11.201830641451624 11.193799868342678
11.19380154956626 11.201832390312692 11.20118311659405 11.201832390312536 11.193801549566187
11.193803088783469 11.201833990057219 11.201184719222988 11.20183399005704 11.193803088783378
11.193804501198667 11.201835456650958 11.201186188389803 11.201835456650787 11.193804501198574
11.19380580038833 11.201836804350144 11.20118753838399 11.201836804349977 11.193805800388263
11.193806998475385 11.201838045884601 11.20118878196519 11.201838045884427 11.19380699847528
11.193808106284603 11.201839192621213 11.201189930526834 11.201839192621035 11.19380810628452
11.193809133481942 11.201840254709778 11.201190994242513 11.201840254709602 11.193809133481867
11.193810088698399 11.20184124121345 11.201191982196509 11.201841241213275 11.19381008869829
11.19381097964079 11.201842160224976 11.201192902500518 11.201842160224812 11.193810979640695
11.193811813190853 11.201843018970623 11.201193762397738 11.201843018970456 11.193811813190756
11.193812595493508 11.201843823902983 11.201194568355788 11.201843823902802 11.193812595493407
11.193813332035711 11.201844580783703 11.201195326149875 11.201844580783542 11.193813332035637
11.193814027716986 11.201845294757652 11.201196040936814 11.20184529475749 11.193814027716897
11.193814686912216 11.201845970418779 11.20119671732132 11.201845970418596 11.193814686912132
11.193815313527947 11.201846611869142 11.201197359415083 11.201846611868971 11.193815313527859
11.193815911052369 11.201847222771663 11.201197970889575 11.201847222771496 11.193815911052281
11.193816482600273 11.201847806397067 11.20119855502313 11.2018478063969 11.193816482600203
11.193817030952928 11.201848365665832 11.201199114743114 11.20184836566567 11.193817030952845
11.193817558593802 11.201848903185827 11.20119965266342 11.201848903185649 11.19381755859371
11.193818067740482 11.201849421285633 11.201200171118185 11.20184942128546 11.193818067740398
11.193818560373103 11.201849922044559 11.201200672191476 11.201849922044387 11.193818560373018
11.193819038259813 11.20185040731925 11.201201157744348 11.201850407319087 11.193819038259736
11.193819502979451 11.201850878767592 11.201201629438525 11.20185087876743 11.19381950297935
11.193819955941754 11.201851337869954 11.201202088757826 11.201851337869797 11.193819955941654
11.19382039840557 11.201851785948218 11.201202537027273 11.201851785948051 11.193820398405487
11.193820831495009 11.201852224182668 11.20120297542989 11.201852224182517 11.19382083149492
11.193821256213697 11.201852653627329 11.201203405022143 11.201852653627157 11.193821256213626
11.193821673457967 11.201853075223255 11.201203826747324 11.20185307522308 11.193821673457869
11.193822084028014 11.201853489810842 11.201204241447758 11.201853489810668 11.193822084027921
11.19382248863849 11.201853898140449 11.201204649875605 11.201853898140278 11.193822488638391
11.193822887927459 11.201854300882108 11.201205052702406 11.20185430088194 11.193822887927357
11.193823282464631 11.20185469863409 11.201205450527876 11.201854698633932 11.193823282464567
11.193823672758898 11.201855091930693 11.201205843887543 11.201855091930517 11.193823672758809
11.193824059264466 11.201855481248897 11.201206233259512 11.20185548124873 11.193824059264376
11.193824442386996 11.201855867014688 11.201206619070756 11.201855867014514 11.193824442386898
11.193824822488702 11.201856249608394 11.20120700170252 11.201856249608232 11.193824822488603
11.19382519989301 11.20185662936967 11.201207381495205 11.201856629369514 11.193825199892913
11.193825574888756 11.2018570066018 11.201207758752814 11.201857006601628 11.193825574888665
11.193825947733792 11.201857381575532 11.201208133746757 11.201857381575344 11.193825947733714
11.193826318658417 11.201857754532686 11.20120850671942 11.201857754532513 11.193826318658346
11.193826687868256 11.201858125689174 11.201208877887204 11.20185812568901 11.193826687868178
11.193827055546887 11.201858495237804 11.201209247443382 11.201858495237635 11.193827055546809
11.193827421858257 11.201858863350736 11.201209615560487 11.201858863350566 11.19382742185818
11.193827786948795 11.201859230181666 11.201209982392593 11.201859230181505 11.193827786948697
11.19382815094915 11.201859595867866 11.201210348077286 11.201859595867703 11.193828150949063
11.193828513976102 11.201859960531891 11.201210712737419 11.201859960531733 11.193828513975998
11.19382887613381 11.201860324283212 11.201211076482696 11.201860324283043 11.193828876133734
11.193829237515425 11.201860687219519 11.201211439411086 11.201860687219359 11.193829237515335
11.193829598203992 11.201861049428109 11.20121180161003 11.201861049427942 11.19382959820391
11.193829958273744 11.201861410986886 11.201212163157654 11.201861410986714 11.19382995827364
11.19383031779088 11.201861771965422 11.201212524123674 11.20186177196525 11.1938303177908
11.193830676814661 11.201862132425822 11.201212884570369 11.201862132425656 11.193830676814558
11.193831035397832 11.201862492423592 11.201213244553324 11.201862492423428 11.193831035397732
11.193831393587582 11.20186285200826 11.20121360412222 11.201862852008098 11.193831393587493
11.193831751426083 11.20186321122407 11.20121396332139 11.201863211223905 11.193831751425991
11.193832108950888 11.20186357011049 11.201214322190417 11.201863570110325 11.193832108950799
11.193832466195628 11.201863928702814 11.201214680764636 11.20186392870263 11.193832466195524
11.193832823190238 11.201864287032487 11.201215039075626 11.201864287032333 11.193832823190164
11.193833179961574 11.201864645127696 11.201215397151557 11.201864645127527 11.19383317996147
11.193833536533477 11.2018650030135 11.201215755017612 11.20186500301333 11.193833536533386
11.193833892927348 11.201865360712347 11.20121611269629 11.201865360712178 11.193833892927241
11.19383424916221 11.20186571824423 11.201216470207601 11.20186571824407 11.193834249162121
11.193834605255125 11.201866075627054 11.201216827569498 11.20186607562687 11.193834605255017
11.193834961221249 11.201866432876763 11.20121718479796 11.201866432876587 11.193834961221167
11.193835317074182 11.201866790007589 11.201217541907308 11.201866790007433 11.193835317074114
11.193835672826081 11.201867147032313 11.201217898910247 11.201867147032143 11.193835672825985
11.193836028487729 11.201867503962259 11.20121825581823 11.201867503962095 11.193836028487633
11.193836384068776 11.201867860807596 11.201218612641393 11.201867860807443 11.193836384068682
11.193836739577897 11.20186821757737 11.201218969388803 11.201868217577214 11.193836739577781
11.193837095022737 11.201868574279668 11.201219326068587 11.201868574279503 11.193837095022625
11.19383745041021 11.20186893092174 11.201219682687999 11.201868930921567 11.193837450410102
11.19383780574644 11.201869287510009 11.201220039253501 11.201869287509842 11.193837805746359
11.193838161036965 11.201869644050248 11.201220395770848 11.201869644050083 11.193838161036872
11.193838516286629 11.201870000547604 11.20122075224521 11.201870000547428 11.19383851628654
11.193838871499848 11.201870357006666 11.201221108681182 11.201870357006486 11.19383887149974
11.193839226680458 11.201870713431536 11.201221465082906 11.201870713431369 11.19383922668038
11.19383958183204 11.20187106982588 11.201221821454007 11.2018710698257 11.193839581831948
11.19383993695767 11.201871426192955 11.201222177797785 11.201871426192785 11.193839936957554
11.193840292060056 11.201871782535694 11.201222534117171 11.201871782535532 11.193840292059981
11.193840647141819 11.201872138856697 11.201222890414769 11.20187213885653 11.193840647141718
11.19384100220507 11.201872495158291 11.201223246692926 11.201872495158131 11.193841002204968
11.193841357251806 11.201872851442564 11.201223602953716 11.201872851442412 11.193841357251728
11.193841712283822 11.201873207711389 11.201223959198991 11.201873207711222 11.193841712283737
11.193842067302683 11.20187356396637 11.201224315430416 11.201873563966203 11.193842067302608
11.193842422309793 11.201873920209026 11.201224671649475 11.201873920208861 11.193842422309723
11.193842777306482 11.201874276440687 11.20122502785753 11.20187427644051 11.19384277730638
11.19384313229374 11.20187463266251 11.2012253840557 11.201874632662328 11.193843132293653
11.19384348727268 11.201874988875538 11.201225740245105 11.201874988875382 11.193843487272572
11.193843842244128 11.201875345080746 11.201226096426623 11.20187534508058 11.19384384224403
11.193844197208895 11.201875701278965 11.20122645260114 11.201875701278786 11.193844197208824
11.193844552167768 11.201876057470928 11.201226808769393 11.201876057470754 11.19384455216768
11.193844907121305 11.20187641365731 11.201227164932073 11.201876413657148 11.19384490712122
11.193845262070113 11.201876769838735 11.201227521089747 11.201876769838565 11.19384526207003
11.193845617014693 11.201877126015697 11.201227877242982 11.20187712601553 11.19384561701459
11.19384597195547 11.201877482188685 11.201228233392237 11.201877482188527 11.19384597195539
11.19384632689289 11.20187783835816 11.201228589537935 11.201877838357987 11.19384632689281
11.1938466818273 11.201878194524467 11.201228945680478 11.201878194524292 11.193846681827223
11.193847036759054 11.201878550687946 11.201229301820183 11.201878550687775 11.193847036758953
11.193847391688395 11.20187890684891 11.201229657957366 11.201878906848739 11.193847391688285
11.19384774661555 11.201879263007626 11.201230014092308 11.201879263007461 11.193847746615472
11.193848101540858 11.201879619164341 11.201230370225218 11.201879619164169 11.193848101540762
11.19384845646441 11.201879975319263 11.20123072635635 11.201879975319097 11.19384845646433
11.193848811386468 11.201880331472601 11.201231082485881 11.201880331472417 11.19384881138639
11.19384916630717 11.20188068762448 11.20123143861398 11.201880687624323 11.193849166307091
11.193849521226669 11.20188104377512 11.201231794740798 11.201881043774947 11.193849521226593
11.193849876145107 11.201881399924607 11.201232150866497 11.20188139992444 11.193849876144991
11.19385023106253 11.201881756073087 11.201232506991158 11.201881756072927 11.193850231062436
11.193850585979112 11.201882112220686 11.201232863114926 11.20188211222052 11.193850585979039
11.193850940894942 11.201882468367462 11.201233219237915 11.201882468367284 11.193850940894865
11.193851295810099 11.201882824513527 11.201233575360163 11.20188282451336 11.193851295810028
11.193851650724683 11.201883180658958 11.201233931481772 11.201883180658792 11.193851650724577
11.193852005638636 11.201883536803827 11.201234287602817 11.201883536803654 11.193852005638563
11.193852360552176 11.201883892948187 11.201234643723364 11.201883892948004 11.193852360552082
11.193852715465265 11.201884249092071 11.201234999843429 11.201884249091904 11.193852715465177
11.193853070377967 11.201884605235579 11.201235355963105 11.201884605235408 11.193853070377884
11.193853425290332 11.201884961378715 11.20123571208243 11.201884961378548 11.19385342529025
11.19385378020239 11.20188531752154 11.201236068201442 11.201885317521363 11.193853780202316
11.19385413511422 11.201885673664087 11.20123642432015 11.201885673663911 11.193854135114112
11.19385449002575 11.201886029806385 11.20123678043863 11.201886029806207 11.193854490025677
11.193854844937096 11.201886385948454 11.201237136556871 11.201886385948269 11.193854844937022
11.193855199848244 11.201886742090318 11.201237492674913 11.201886742090153 11.193855199848167
11.193855554759269 11.201887098232012 11.201237848792774 11.201887098231836 11.193855554759159
11.193855909670075 11.201887454373539 11.201238204910494 11.201887454373367 11.193855909670003
11.193856264580788 11.201887810514942 11.201238561028063 11.201887810514766 11.19385626458071
11.193856619491394 11.2018881666562 11.201238917145497 11.201888166656047 11.193856619491298
11.193856974401877 11.201888522797361 11.201239273262843 11.201888522797203 11.193856974401792
11.193857329312298 11.201888878938444 11.201239629380082 11.201888878938265 11.193857329312198
11.193857684222586 11.201889235079442 11.201239985497246 11.201889235079262 11.193857684222507
11.193858039132834 11.20188959122034 11.201240341614328 11.201889591220187 11.193858039132763
11.19385839404305 11.201889947361199 11.201240697731363 11.201889947361028 11.193858394042966
11.193858748953188 11.201890303501985 11.201241053848328 11.201890303501818 11.193858748953094
11.193859103863264 11.20189065964273 11.201241409965242 11.201890659642551 11.193859103863183
11.193859458773346 11.20189101578341 11.20124176608211 11.201891015783252 11.193859458773225
11.19385981368335 11.201891371924077 11.201242122198945 11.201891371923924 11.193859813683245
11.193860168593321 11.20189172806473 11.201242478315748 11.201891728064552 11.193860168593234
11.193860523503282 11.201892084205342 11.201242834432534 11.201892084205165 11.193860523503195
11.193860878413235 11.201892440345901 11.201243190549286 11.201892440345754 11.193860878413144
11.193861233323176 11.201892796486485 11.201243546666023 11.201892796486327 11.193861233323062
11.193861588233071 11.201893152627044 11.201243902782748 11.20189315262686 11.193861588232986
11.193861943142968 11.201893508767578 11.201244258899466 11.201893508767398 11.19386194314288
11.193862298052855 11.2018938649081 11.201244615016154 11.201893864907927 11.193862298052764
11.19386265296275 11.201894221048622 11.201244971132851 11.201894221048459 11.193862652962643
11.193863007872622 11.201894577189137 11.201245327249532 11.20189457718897 11.19386300787252
11.1938633627825 11.201894933329632 11.201245683366201 11.201894933329468 11.193863362782396
11.193863717692352 11.20189528947014 11.201246039482882 11.201895289469977 11.19386371769226
11.19386407260224 11.201895645610636 11.201246395599563 11.201895645610476 11.193864072602128
11.193864427512093 11.201896001751143 11.201246751716244 11.201896001750985 11.193864427511997
11.193864782421949 11.201896357891645 11.201247107832915 11.201896357891489 11.193864782421869
11.19386513733185 11.20189671403216 11.201247463949587 11.20189671403199 11.193865137331754
11.19386549224169 11.201897070172658 11.201247820066268 11.201897070172492 11.193865492241615
11.19386584715158 11.201897426313167 11.201248176182949 11.201897426313009 11.193865847151496
11.193866202061468 11.20189778245368 11.20124853229964 11.201897782453523 11.193866202061379
11.19386655697137 11.201898138594222 11.201248888416334 11.20189813859405 11.193866556971274
11.193866911881287 11.201898494734733 11.201249244533036 11.201898494734575 11.193866911881175
11.193867266791187 11.201898850875285 11.201249600649746 11.201898850875109 11.193867266791083
11.193867621701086 11.201899207015831 11.201249956766475 11.201899207015673 11.193867621700996
