0.6597758255563037 0.6044527440586994 0.5908907247360523 0.6044527440586936 0.659775825556302
0.8517993312429014 0.7814601033985541 0.7630761372919515 0.7814601033985474 0.8517993312428973
1.022966994657652 0.9427180759348276 0.9219133460475893 0.942718075934821 1.022966994657647
1.191054606256217 1.1033398942088066 1.0815115865639775 1.1033398942087986 1.191054606256211
1.363264325616748 1.2692848613660617 1.2472398960108066 1.2692848613660526 1.3632643256167414
1.543603796071464 1.443888159265073 1.4220808363019348 1.4438881592650632 1.5436037960714581
1.734674437801656 1.6293838538676604 1.6080585750455265 1.6293838538676502 1.734674437801649
1.9383011933197456 1.8274116126808249 1.8066878851443007 1.827411612680812 1.9383011933197374
2.1557919040910036 2.039210061789317 2.0191329845845045 2.0392100617893045 2.155791904090992
2.3880465231566324 2.2656882395095 2.2462585469142438 2.2656882395094864 2.3880465231566212
2.63559674503531 2.507442459601806 2.488634468153517 2.5074424596017924 2.6355967450352957
2.898611929092631 2.7647473796593927 2.746519759989867 2.7647473796593744 2.8986119290926173
3.1768901828893674 3.0375361263799836 3.0198384119933674 3.0375361263799654 3.1768901828893523
3.469846143364541 3.3253787089850655 3.308155279545462 3.3253787089850415 3.4698461433645225
3.7765034035823812 3.62746540447247 3.6106579895611994 3.6274654044724466 3.776503403582365
4.095497378938458 3.9426003424974496 3.9261496785841756 3.9426003424974203 4.095497378938435
4.425092694335647 4.269209310657749 4.253056331848673 4.26920931065772 4.425092694335627
4.7632174704763015 4.605364472770519 4.589451257888886 4.605364472770482 4.763217470476273
5.107515056637678 4.948827120662952 4.933097717562034 4.948827120662913 5.107515056637648
5.455411846422816 5.297107803048146 5.281508984609148 5.297107803048101 5.4554118464227805
5.804197985789035 5.647541346546987 5.632023309911047 5.647541346546938 5.8041979857889965
6.151116258968676 5.9973726256748225 5.981889620429336 5.99737262567477 6.1511162589686394
6.493453431576678 6.343847687075698 6.328358545484203 6.343847687075644 6.493453431576643
6.828627991745805 6.684304182350036 6.668772722444884 6.684304182349979 6.828627991745756
7.1542686056524225 7.016255116470784 7.000650394301438 7.016255116470716 7.154268605652376
7.468278620611053 7.337460660294959 7.321757058140286 7.337460660294889 7.468278620610999
7.768883431063334 7.6459840758378 7.630161226027623 7.645984075837726 7.7688834310632755
8.054659230885619 7.940229446212236 7.924272002872355 7.940229446212153 8.05465923088556
8.324543358302268 8.218960635799114 8.202857917367893 8.218960635799032 8.324543358302208
8.577827882913402 8.481302492707854 8.465048025229668 8.481302492707762 8.577827882913352
8.814139143844283 8.726726564349232 8.710317558868722 8.726726564349146 8.814139143844208
9.033406562889043 8.95502442742156 8.938461224508103 8.955024427421474 9.03340656288901
9.235824242290516 9.166272117263286 9.149557628498295 9.16627211726319 9.235824242290452
9.421808685239945 9.36078912696058 9.343928298079545 9.360789126960476 9.421808685239883
9.591955550595523 9.539095125386464 9.5220944396708 9.539095125386357 9.591955550595445
9.746997780343165 9.70186702429145 9.684734058605812 9.701867024291335 9.74699778034308
9.887766815859775 9.849898412289498 9.83264145249151 9.849898412289381 9.887766815859711
10.0151580218177 9.98406275441748 9.966690472118682 9.984062754417357 10.015158021817617
10.130100913833735 10.10528119142158 10.087802380420744 10.105281191421454 10.130100913833648
10.233534363282809 10.21449529943833 10.196918667580885 10.214495299438202 10.233534363282736
10.32638663672198 10.312644803221835 10.294978813850534 10.312644803221714 10.32638663672191
10.4095599116247 10.400649973505978 10.38290272988559 10.400649973505866 10.40955991162461
10.483918780434532 10.479398270268415 10.461577436200699 10.479398270268293 10.483918780434461
10.550282193847398 10.54973470213838 10.531847452250648 10.549734702138254 10.550282193847314
10.609418284077686 10.612455340028436 10.594508333762192 10.612455340028314 10.609418284077593
10.662041533754412 10.668303433312584 10.65030280733357 10.668303433312445 10.662041533754326
10.708811802798603 10.717967614907217 10.69991898940971 10.717967614907094 10.708811802798518
10.750334783874594 10.762081735725218 10.743990230846864 10.762081735725083 10.750334783874502
10.787163519277556 10.801225930354898 10.783096189613612 10.801225930354754 10.787163519277454
10.819800673295262 10.83592857825588 10.817764796541805 10.835928578255762 10.819800673295152
10.848701310953249 10.866668884192066 10.848474838387014 10.866668884191938 10.848701310953153
10.874275984852042 10.893879855638241 10.875658936391048 10.893879855638101 10.874275984851943
10.89689397579552 10.917951502322547 10.899706745884469 10.917951502322413 10.896893975795436
10.91688657005144 10.939234123565083 10.920968242894647 10.939234123564953 10.91688657005134
10.934550286766513 10.958041582863805 10.939756997452607 10.958041582863663 10.93455028676643
10.95014999391504 10.974654496799383 10.956353360859667 10.974654496799245 10.950149993914948
10.96392187092795 10.989323287488373 10.971007516288246 10.98932328748823 10.963921870927845
10.976076191590332 11.002271065268518 10.983942359510003 11.002271065268388 10.976076191590245
10.986799912629525 11.013696321800726 10.995356190015809 11.013696321800582 10.98679991262944
10.996259062299377 11.023775424008178 11.005425203005903 11.023775424008042 10.996259062299279
11.004600929776368 11.0326649068659 11.014305780302609 11.032664906865765 11.004600929776279
11.011956060808698 11.040503568530855 11.02213658370234 11.040503568530719 11.011956060808599
11.018440068214069 11.047414375120015 11.02904045808919 11.047414375119867 11.018440068213975
11.02415526784505 11.05350618497028 11.035126154152922 11.053506184970137 11.024155267844975
11.029192151804063 11.058875303758612 11.040489882091164 11.058875303758484 11.029192151803947
11.033630711217484 11.063606882665537 11.045216708478078 11.063606882665406 11.033630711217384
11.037541620939908 11.067776172027472 11.049381808740591 11.067776172027331 11.037541620939813
11.04098729829143 11.071449642795912 11.053051587553782 11.071449642795768 11.040987298291343
11.044022847440457 11.074685987721132 11.056284679066266 11.074685987720985 11.044022847440369
11.046696900406447 11.077537013599125 11.059132838286722 11.077537013598974 11.046696900406378
11.049052364935768 11.080048435228658 11.06164173427017 11.080048435228509 11.049052364935678
11.05112708873964 11.082260580973275 11.063851654991401 11.082260580973136 11.051127088739547
11.052954448811983 11.084209019048782 11.065798133018456 11.084209019048638 11.0529544488119
11.054563873784495 11.085925112884794 11.067512500327439 11.085925112884656 11.054563873784394
11.055981306546924 11.087436513161146 11.069022379853147 11.08743651316102 11.055981306546826
11.057229613668687 11.088767593405361 11.070352120654993 11.088767593405215 11.05722961366857
11.058328947510697 11.089939835366152 11.07152318290817 11.089939835366026 11.05832894751059
11.05929706631778 11.0909721697539 11.072554478304939 11.090972169753766 11.059297066317706
11.060149617030097 11.091881277361379 11.073462670875466 11.091881277361253 11.06014961703003
11.060900385049958 11.092681855052282 11.074262442710843 11.092681855052163 11.060900385049877
11.0615615147428 11.093386850622737 11.0749667285899 11.093386850622606 11.061561514742703
11.062143704037899 11.094007670106704 11.075586923077308 11.09400767010654 11.062143704037792
11.06265637612162 11.094554360702176 11.076133063266628 11.094554360702032 11.06265637612154
11.063107830881796 11.095035772142541 11.076613989989825 11.095035772142403 11.063107830881716
11.063505378461329 11.095459699018683 11.077037489996892 11.09545969901855 11.063505378461254
11.063855457012158 11.09583300627505 11.07741042132583 11.095833006274916 11.063855457012055
11.064163736500271 11.096161739848766 11.07773882383085 11.096161739848624 11.064163736500179
11.064435210201108 11.096451224194825 11.078028016609524 11.096451224194686 11.064435210201022
11.064674275333731 11.09670614823995 11.078282683870322 11.096706148239814 11.06467427533364
11.064884804115223 11.096930641128452 11.078506950602371 11.096930641128306 11.064884804115135
11.065070206366872 11.09712833896517 11.078704449251404 11.097128338965025 11.065070206366784
11.065233484671774 11.097302443620167 11.078878378465172 11.097302443620034 11.065233484671676
11.065377282965926 11.097455774534668 11.079031554847353 11.097455774534529 11.065377282965839
11.065503929342066 11.097590814357986 11.079166458548679 11.097590814357845 11.065503929341979
11.0656154737526 11.09770974914746 11.079285273426285 11.097709749147324 11.065615473752501
11.065713721218172 11.097814503777002 11.07938992241676 11.097814503776847 11.065713721218081
11.065800261076141 11.09790677312381 11.079482098691436 11.097906773123666 11.065800261076035
11.065876492739811 11.097988049535507 11.079563293095887 11.097988049535369 11.065876492739752
11.065943648384565 11.09805964702024 11.07963481831566 11.098059647020094 11.065943648384458
11.066002812925577 11.09812272254989 11.079697830158137 11.098122722549748 11.066002812925484
11.066054941611847 11.098178294820846 11.079753346294362 11.098178294820702 11.066054941611732
11.066100875518517 11.098227260774621 11.079802262763057 11.098227260774484 11.06610087551841
11.066141355189934 11.098270410146093 11.079845368504147 11.098270410145954 11.066141355189847
11.066177032652837 11.098308438274126 11.079883358156637 11.098308438273977 11.066177032652758
11.066208481994812 11.098341957382184 11.079916843327785 11.098341957382045 11.06620848199471
11.066236208678909 11.098371506511493 11.079946362516209 11.098371506511358 11.066236208678822
11.06626065774565 11.098397560267374 11.079972389849509 11.09839756026724 11.066260657745572
11.066282221034758 11.098420536520603 11.079995342777867 11.098420536520477 11.066282221034665
11.066301243544093 11.098440803188714 11.080015588848475 11.098440803188586 11.066301243544006
11.066318029028777 11.098458684206806 11.08003345167036 11.098458684206658 11.06631802902867
11.066332844930937 11.098474464784761 11.08004921616637 11.098474464784632 11.066332844930837
11.066345926720592 11.098488396036492 11.08006313319759 11.098488396036355 11.066345926720498
11.06635748171753 11.09850069905551 11.080075423635039 11.098500699055366 11.066357481717434
11.066367692456366 11.098511568503666 11.08008628194462 11.098511568503536 11.066367692456291
11.066376719649554 11.09852117577089 11.080095879343721 11.098521175770756 11.066376719649462
11.066384704796013 11.098529671757126 11.080104366580397 11.098529671756987 11.066384704795896
11.06639177247807 11.098537189321908 11.080111876380492 11.098537189321773 11.066391772477974
11.066398032383887 11.098543845440984 11.080118525601975 11.098543845440854 11.066398032383807
11.066403581088005 11.098549743105291 11.080124417132112 11.098549743105156 11.066403581087892
11.066408503618929 11.098554972992709 11.080129641557535 11.098554972992575 11.06640850361884
11.06641287483974 11.098559614940212 11.080134278634832 11.098559614940076 11.06641287483966
11.066416760663238 11.09856373923985 11.080138398585325 11.098563739239712 11.066416760663136
11.066420219121884 11.098567407779887 11.08014206323495 11.098567407779742 11.066420219121776
11.066423301310095 11.098570675049478 11.080145327018059 11.098570675049352 11.066423301310016
11.06642605221373 11.098573589023356 11.080148237861032 11.098573589023209 11.066426052213618
11.066428511440117 11.098576191940454 11.080150837960359 11.09857619194031 11.066428511440009
11.066430713861427 11.098578520989879 11.08015316446768 11.098578520989754 11.066430713861328
11.066432690180568 11.0985806089145 11.080155250092885 11.09858060891437 11.06643269018047
11.06643446742973 11.098582484542558 11.080157123635198 11.098582484542417 11.066434467429639
11.066436069409201 11.098584173255654 11.08015881045074 11.098584173255514 11.066436069409114
11.066437517073794 11.098585697400875 11.080160332864052 11.098585697400743 11.06643751707371
11.06643882887304 11.09858707665359 11.080161710530664 11.098587076653452 11.066438828872936
11.066440021050616 11.098588328336763 11.080162960756148 11.098588328336605 11.066440021050525
11.066441107908242 11.098589467702293 11.080164098777054 11.098589467702139 11.066441107908151
11.066442102037737 11.09859050817861 11.080165138008297 11.098590508178473 11.066442102037628
11.066443014525412 11.098591461588729 11.080166090260962 11.098591461588567 11.06644301452532
11.066443855132198 11.098592338342007 11.08016696593398 11.09859233834188 11.066443855132134
11.06644463245207 11.098593147603422 11.080167774183035 11.098593147603296 11.066444632451994
11.066445354051407 11.09859389744214 11.080168523069219 11.098593897442008 11.066445354051321
11.066446026592038 11.098594594962593 11.080169219689807 11.098594594962465 11.066446026591962
11.066446655939359 11.098595246419862 11.080169870293547 11.098595246419718 11.066446655939256
11.066447247257415 11.098595857321126 11.080170480382131 11.098595857320994 11.066447247257313
11.06644780509292 11.098596432515212 11.080171054799468 11.09859643251507 11.06644780509282
11.066448333448971 11.098596976271155 11.08017159781029 11.098596976271002 11.06644833344888
11.066448835850093 11.098597492347638 11.080172113169553 11.098597492347494 11.06644883584998
11.066449315399357 11.098597984053967 11.080172604183174 11.098597984053836 11.06644931539927
11.066449774828921 11.098598454303815 11.080173073761882 11.098598454303666 11.06644977482884
11.066450216544249 11.09859890566242 11.080173524468405 11.098598905662275 11.066450216544164
11.066450642663254 11.098599340388414 11.080173958559039 11.09859934038827 11.066450642663133
11.066451055050498 11.098599760470353 11.080174378020368 11.098599760470206 11.066451055050411
11.066451455347815 11.098600167659022 11.080174784601413 11.098600167658903 11.06645145534772
11.066451845000634 11.098600563495964 11.080175179842149 11.098600563495832 11.066451845000516
11.066452225281555 11.098600949338335 11.080175565098358 11.098600949338213 11.06645222528144
11.066452597311075 11.098601326381088 11.080175941563805 11.09860132638095 11.066452597310967
11.066452962075736 11.098601695676264 11.080176310289481 11.098601695676114 11.06645296207564
11.066453320444083 11.098602058150147 11.08017667220075 11.098602058150012 11.066453320444001
11.066453673180888 11.098602414618295 11.0801770281123 11.098602414618151 11.066453673180787
11.066454020959407 11.098602765798729 11.080177378741489 11.09860276579859 11.066454020959316
11.066454364372452 11.098603112323648 11.080177724719826 11.098603112323511 11.066454364372369
11.066454703941986 11.098603454749663 11.080178066603375 11.098603454749513 11.066454703941881
11.066455040127494 11.098603793566793 11.080178404881696 11.09860379356666 11.06645504012738
11.066455373333557 11.098604129206562 11.080178739985842 11.098604129206421 11.066455373333458
11.066455703916413 11.098604462048812 11.0801790722953 11.098604462048677 11.066455703916317
11.066456032189697 11.098604792428038 11.080179402144195 11.098604792427905 11.066456032189599
11.066456358429509 11.098605120638695 11.0801797298267 11.098605120638545 11.06645635842942
11.06645668287901 11.098605446940045 11.080180055601838 11.098605446939908 11.066456682878906
11.066457005752207 11.098605771560383 11.080180379697651 11.098605771560244 11.066457005752092
11.066457327237554 11.098606094700678 11.080180702314905 11.098606094700544 11.066457327237462
11.06645764750101 11.098606416537878 11.080181023630377 11.098606416537745 11.066457647500917
11.066457966688645 11.098606737227799 11.080181343799726 11.098606737227662 11.066457966688557
11.066458284929091 11.098607056907593 11.080181662959962 11.098607056907447 11.066458284929007
11.066458602335588 11.098607375698009 11.08018198123173 11.098607375697874 11.066458602335521
11.066458919007879 11.098607693705407 11.080182298721265 11.09860769370528 11.066458919007784
11.066459235033696 11.098608011023405 11.080182615522082 11.09860801102327 11.066459235033602
11.066459550490347 11.098608327734423 11.080182931716536 11.098608327734304 11.06645955049025
11.066459865445866 11.098608643911046 11.080183247377112 11.098608643910897 11.066459865445783
11.06646017996019 11.098608959617138 11.080183562567651 11.098608959616994 11.066460179960114
11.066460494086078 11.098609274908965 11.080183877344341 11.09860927490882 11.066460494085993
11.066460807869968 11.098609589836054 11.080184191756665 11.09860958983592 11.066460807869857
11.066461121352688 11.098609904442027 11.08018450584819 11.09860990444189 11.066461121352617
11.06646143457033 11.09861021876527 11.080184819657259 11.098610218765135 11.066461434570268
11.066461747554573 11.098610532839578 11.080185133217663 11.098610532839446 11.066461747554472
11.066462060333286 11.098610846694724 11.080185446559119 11.098610846694589 11.06646206033318
11.066462372931067 11.098611160356933 11.080185759707817 11.098611160356779 11.066462372930971
11.066462685369514 11.0986114738492 11.08018607268678 11.098611473849068 11.066462685369423
11.066462997667722 11.09861178719193 11.080186385516324 11.0986117871918 11.066462997667637
11.066463309842472 11.09861210040296 11.08018669821431 11.098612100402823 11.066463309842366
11.066463621908445 11.098612413498033 11.08018701079647 11.0986124134979 11.066463621908369
11.06646393387874 11.098612726491039 11.08018732327663 11.098612726490899 11.066463933878643
11.066464245764742 11.098613039394143 11.08018763566702 11.098613039394012 11.066464245764642
11.066464557576563 11.098613352218136 11.080187947978347 11.098613352218 11.066464557576431
11.06646486932302 11.098613664972452 11.080188260220085 11.098613664972326 11.066464869322896
11.066465181011958 11.098613977665423 11.080188572400543 11.098613977665295 11.066465181011862
11.066465492650247 11.098614290304411 11.080188884527038 11.098614290304269 11.066465492650172
11.066465804244011 11.098614602895836 11.080189196606048 11.098614602895696 11.066465804243903
11.066466115798484 11.098614915445392 11.080189508643233 11.098614915445273 11.066466115798377
11.06646642731837 11.098615227958105 11.080189820643612 11.098615227957959 11.066466427318295
11.066466738807854 11.09861554043836 11.080190132611557 11.098615540438233 11.066466738807794
11.06646705027057 11.098615852890063 11.080190444550974 11.098615852889937 11.066467050270486
11.066467361709687 11.098616165316603 11.080190756465269 11.098616165316466 11.066467361709615
11.066467673128061 11.098616477721015 11.080191068357438 11.09861647772087 11.066467673127974
11.066467984528126 11.098616790105927 11.080191380230138 11.098616790105787 11.066467984528064
11.066468295912133 11.098617102473668 11.080191692085677 11.098617102473526 11.066468295912038
11.06646860728195 11.098617414826291 11.080192003926145 11.098617414826172 11.066468607281871
11.066468918639309 11.098617727165633 11.080192315753305 11.098617727165493 11.066468918639211
11.066469229985675 11.098618039493264 11.08019262756878 11.098618039493127 11.06646922998558
11.066469541322377 11.098618351810574 11.080192939373944 11.098618351810433 11.06646954132228
11.066469852650583 11.098618664118824 11.080193251170048 11.098618664118677 11.066469852650485
11.06647016397127 11.098618976419067 11.08019356295817 11.098618976418924 11.066470163971172
11.066470475285374 11.098619288712277 11.080193874739273 11.098619288712147 11.066470475285275
11.066470786593678 11.098619600999308 11.080194186514186 11.098619600999173 11.066470786593586
11.066471097896875 11.098619913280885 11.080194498283651 11.098619913280736 11.066471097896773
11.066471409195541 11.09862022555764 11.080194810048315 11.098620225557509 11.066471409195453
11.06647172049029 11.098620537830206 11.080195121808774 11.098620537830067 11.066471720490195
11.066472031781531 11.09862085009904 11.080195433565502 11.098620850098902 11.066472031781439
11.066472343069705 11.098621162364601 11.080195745318974 11.098621162364463 11.066472343069618
11.06647265435518 11.098621474627294 11.08019605706957 11.098621474627155 11.066472654355094
11.066472965638305 11.098621786887442 11.080196368817637 11.098621786887307 11.066472965638203
11.066473276919321 11.098622099145361 11.080196680563475 11.098622099145217 11.06647327691922
11.066473588198486 11.098622411401331 11.080196992307346 11.098622411401195 11.066473588198395
11.066473899476026 11.098622723655561 11.080197304049499 11.098622723655415 11.066473899475955
11.06647421075217 11.098623035908263 11.080197615790135 11.098623035908126 11.066474210752075
11.066474522027054 11.098623348159636 11.080197927529433 11.098623348159498 11.066474522026958
11.066474833300838 11.098623660409835 11.080198239267546 11.098623660409698 11.06647483330073
11.066475144573628 11.098623972658995 11.080198551004635 11.098623972658862 11.066475144573545
11.066475455845595 11.098624284907244 11.080198862740813 11.098624284907117 11.066475455845495
11.066475767116803 11.098624597154686 11.080199174476203 11.09862459715456 11.06647576711669
11.066476078387321 11.098624909401462 11.080199486210867 11.09862490940131 11.066476078387238
11.066476389657286 11.098625221647591 11.080199797944937 11.09862522164747 11.066476389657216
11.066476700926755 11.098625533893186 11.080200109678453 11.09862553389304 11.066476700926671
11.066477012195792 11.098625846138306 11.080200421411492 11.098625846138154 11.066477012195675
11.06647732346437 11.098626158382988 11.080200733144125 11.098626158382851 11.066477323464294
11.06647763473266 11.098626470627313 11.08020104487637 11.09862647062718 11.066477634732554
11.066477946000623 11.09862678287133 11.08020135660831 11.098626782871188 11.06647794600054
11.066478257268354 11.098627095115047 11.080201668339958 11.09862709511489 11.06647825726824
11.066478568535826 11.098627407358535 11.08020198007136 11.098627407358377 11.066478568535718
11.066478879803077 11.09862771960177 11.080202291802555 11.09862771960164 11.06647887980299
11.066479191070187 11.098628031844841 11.08020260353355 11.098628031844699 11.066479191070089
11.066479502337105 11.098628344087723 11.080202915264373 11.0986283440876 11.066479502337023
11.066479813603918 11.098628656330485 11.080203226995062 11.098628656330346 11.06647981360383
11.066480124870585 11.098628968573118 11.080203538725613 11.098628968572976 11.066480124870514
11.066480436137168 11.09862928081563 11.08020385045606 11.098629280815496 11.066480436137091
11.066480747403658 11.098629593058048 11.0802041621864 11.098629593057904 11.066480747403583
11.066481058670082 11.098629905300387 11.080204473916666 11.09862990530024 11.066481058669995
11.066481369936426 11.098630217542645 11.080204785646862 11.098630217542494 11.06648136993634
11.06648168120272 11.098630529784822 11.080205097376993 11.098630529784687 11.06648168120262
11.066481992468946 11.098630842026978 11.080205409107062 11.098630842026838 11.066481992468848
11.06648230373512 11.098631154269063 11.08020572083708 11.098631154268926 11.066482303735045
11.066482615001286 11.09863146651112 11.080206032567085 11.098631466511003 11.066482615001199
11.066482926267417 11.098631778753148 11.080206344297025 11.098631778753008 11.066482926267321
11.066483237533495 11.098632090995151 11.080206656026954 11.098632090995006 11.066483237533411
11.066483548799548 11.098632403237096 11.080206967756842 11.098632403236966 11.066483548799477
11.06648386006561 11.098632715479047 11.080207279486716 11.09863271547891 11.066483860065532
11.06648417133167 11.098633027720972 11.080207591216576 11.09863302772083 11.066484171331552
11.06648448259767 11.098633339962891 11.08020790294643 11.098633339962744 11.066484482597591
11.066484793863708 11.098633652204802 11.08020821467625 11.09863365220466 11.066484793863596
11.06648510512971 11.098633964446686 11.080208526406071 11.098633964446542 11.066485105129606
11.066485416395698 11.09863427668857 11.080208838135885 11.09863427668843 11.066485416395608
11.066485727661684 11.098634588930457 11.080209149865713 11.09863458893031 11.066485727661593
11.066486038927675 11.098634901172327 11.080209461595521 11.09863490117218 11.06648603892758
11.066486350193669 11.098635213414198 11.080209773325326 11.098635213414054 11.066486350193566
11.066486661459676 11.098635525656073 11.080210085055135 11.09863552565593 11.066486661459562
11.066486972725672 11.098635837897962 11.08021039678494 11.098635837897818 11.06648697272556
11.066487283991652 11.098636150139829 11.080210708514745 11.098636150139688 11.066487283991544
11.06648759525766 11.098636462381698 11.080211020244555 11.098636462381563 11.066487595257545
11.066487906523605 11.098636774623573 11.080211331974363 11.098636774623444 11.066487906523532
11.066488217789614 11.098637086865477 11.080211643704187 11.098637086865333 11.066488217789544
11.066488529055622 11.098637399107362 11.080211955434017 11.098637399107224 11.066488529055546
11.066488840321671 11.09863771134926 11.080212267163835 11.09863771134911 11.066488840321565
11.066489151587664 11.098638023591164 11.08021257889367 11.098638023591018 11.066489151587586
11.066489462853715 11.098638335833062 11.080212890623507 11.098638335832927 11.06648946285361
11.06648977411974 11.098638648074989 11.080213202353352 11.098638648074841 11.066489774119646
11.066490085385773 11.098638960316919 11.080213514083203 11.098638960316768 11.066490085385684
11.066490396651817 11.098639272558836 11.080213825813072 11.098639272558692 11.066490396651721
11.06649070791787 11.098639584800766 11.080214137542926 11.09863958480063 11.06649070791779
11.066491019183895 11.098639897042702 11.080214449272795 11.098639897042567 11.066491019183832
11.06649133044999 11.09864020928465 11.08021476100267 11.098640209284504 11.066491330449908
11.066491641716068 11.098640521526614 11.080215072732567 11.09864052152646 11.066491641715977
11.066491952982144 11.098640833768558 11.080215384462456 11.098640833768432 11.066491952982059
11.066492264248241 11.098641146010529 11.080215696192358 11.098641146010397 11.06649226424814
11.06649257551433 11.098641458252517 11.080216007922251 11.098641458252377 11.066492575514246
11.066492886780436 11.098641770494499 11.08021631965218 11.09864177049436 11.066492886780338
11.066493198046535 11.098642082736491 11.080216631382099 11.098642082736355 11.06649319804646
11.066493509312666 11.098642394978507 11.080216943112033 11.098642394978354 11.06649350931257
11.066493820578769 11.0986427072205 11.080217254841983 11.09864270722036 11.066493820578703
11.066494131844921 11.098643019462521 11.080217566571925 11.098643019462385 11.06649413184484
11.066494443111088 11.098643331704551 11.080217878301877 11.09864333170441 11.06649444311098
11.066494754377217 11.098643643946568 11.080218190031836 11.098643643946431 11.066494754377125
11.066495065643387 11.098643956188617 11.080218501761816 11.098643956188477 11.066495065643293
11.06649537690956 11.09864426843068 11.080218813491797 11.09864426843053 11.066495376909469
11.066495688175738 11.098644580672733 11.080219125221786 11.098644580672588 11.066495688175639
11.06649599944191 11.098644892914798 11.08021943695178 11.098644892914649 11.066495999441827
11.066496310708123 11.098645205156862 11.080219748681788 11.098645205156728 11.06649631070802
11.066496621974315 11.098645517398955 11.080220060411808 11.09864551739881 11.066496621974224
11.066496933240522 11.098645829641038 11.080220372141827 11.098645829640903 11.066496933240435
11.066497244506728 11.098646141883151 11.08022068387186 11.09864614188301 11.06649724450666
11.066497555772976 11.098646454125248 11.080220995601904 11.098646454125124 11.066497555772889
11.066497867039217 11.098646766367375 11.080221307331964 11.098646766367242 11.066497867039129
11.066498178305464 11.09864707860951 11.080221619062016 11.09864707860937 11.066498178305384
11.066498489571716 11.098647390851648 11.080221930792094 11.098647390851509 11.066498489571629
