0.7501843738741376 0.6946778348592566 0.6946778348592575 0.7501843738741375
1.0082544761719654 0.9456757690694713 0.9456757690694718 1.0082544761719656
1.2585035732911987 1.1937662861705132 1.1937662861705143 1.2585035732911993
1.5225252481235672 1.4565632314253143 1.4565632314253143 1.5225252481235672
1.80941156666094 1.7419834115887953 1.7419834115887955 1.8094115666609392
2.124265111410886 2.054847787623452 2.054847787623453 2.124265111410884
2.47007459444493 2.3981955823185475 2.398195582318548 2.470074594444929
2.8481776961052807 2.7735539256178927 2.773553925617893 2.848177696105279
3.258306250175661 3.180908047546712 3.180908047546712 3.2583062501756554
3.6985226890806118 3.618600967497353 3.6186009674973545 3.6985226890806087
4.165185539265737 4.083272506141784 4.083272506141786 4.165185539265732
4.6530213507114135 4.569905958409703 4.569905958409704 4.653021350711407
5.155343911388864 5.072022355231205 5.072022355231205 5.155343911388857
5.664426903398408 5.582031323147646 5.582031323147651 5.664426903398399
6.172001115142674 6.0917137383041124 6.091713738304116 6.172001115142663
6.669817696108747 6.592780995152516 6.5927809951525145 6.66981769610873
7.150202362603378 7.077436967799243 7.077436967799248 7.1502023626033635
7.606526732186923 7.538867312367487 7.538867312367489 7.606526732186901
8.033541254216257 7.9715968213886805 7.971596821388676 8.033541254216239
8.427543206917665 8.371683524398463 8.371683524398469 8.42754320691765
8.78638392624292 8.736749291726358 8.736749291726355 8.786383926242891
9.109343758610452 9.06587241970913 9.065872419709132 9.10934375861042
9.396916721732905 9.35938294864637 9.359382948646374 9.396916721732872
9.65054923176469 9.618605411344458 9.618605411344465 9.650549231764657
9.872371262521524 9.845588737526635 9.845588737526631 9.87237126252148
10.064947884718123 10.04285302818282 10.042853028182819 10.064947884718094
10.231067859743677 10.213171567194946 10.213171567194948 10.231067859743641
10.373576218158345 10.359396345323708 10.359396345323722 10.373576218158298
10.495250629936237 10.484327811267038 10.484327811267036 10.495250629936189
10.598716978131128 10.590624765934873 10.590624765934871 10.598716978131092
10.686397426643156 10.680747884760377 10.680747884760383 10.686397426643113
10.760483771824893 10.756929646231942 10.75692964623195 10.760483771824854
10.822929359348908 10.821163821054293 10.821163821054299 10.822929359348878
10.875453837426381 10.875208616763894 10.875208616763892 10.875453837426342
10.919556166541275 10.920598714937675 10.920598714937679 10.919556166541241
10.956532411806712 10.958662560843766 10.958662560843788 10.956532411806666
10.987495805086143 10.990542253521083 10.990542253521093 10.987495805086109
11.0133973443822 11.01721419390824 11.017214193908265 11.013397344382163
11.035045800199638 11.039509277879183 11.039509277879192 11.035045800199606
11.053126444127914 11.058131889433522 11.05813188943353 11.053126444127859
11.06821813209735 11.073677284710186 11.073677284710195 11.068218132097304
11.08080859200585 11.08664718862041 11.086647188620413 11.080808592005813
11.091307907783419 11.097463578478044 11.097463578478044 11.09130790778338
11.100060280096729 11.106480724409364 11.106480724409368 11.100060280096695
11.107354193945332 11.113995611389026 11.113995611389036 11.107354193945298
11.113431147540407 11.120256895228929 11.120256895228934 11.113431147540357
11.118493103994059 11.125472554120313 11.12547255412033 11.118493103993996
11.122708823826429 11.129816395096446 11.129816395096457 11.122708823826375
11.126219226526702 11.133433565720537 11.133433565720544 11.126219226526647
11.129141916363377 11.13644520858654 11.136445208586553 11.129141916363341
11.131574993288792 11.13895238194402 11.138952381944017 11.131574993288744
11.133600255356736 11.14103935525677 11.141039355256785 11.133600255356681
11.13528588531603 11.142776374584907 11.142776374584916 11.135285885315989
11.136688701359896 11.144221979790512 11.14422197979051 11.136688701359818
11.137856040590965 11.145424943926233 11.145424943926244 11.137856040590933
11.138827333653161 11.146425894836021 11.14642589483602 11.138827333653126
11.139635420142392 11.147258669952164 11.147258669952176 11.139635420142351
11.140307646760808 11.147951447433869 11.14795144743387 11.140307646760771
11.140866783605476 11.148527690049319 11.148527690049331 11.140866783605423
11.141331788370293 11.149006932440749 11.149006932440757 11.141331788370252
11.141718443469635 11.149405437510023 11.149405437510033 11.14171844346959
11.142039887052297 11.149736743510857 11.149736743510871 11.142039887052247
11.142307055465318 11.150012119925767 11.15001211992577 11.142307055465272
11.14252905185586 11.150240947253602 11.1502409472536 11.142529051855808
11.14271345318717 11.150431033350145 11.150431033350149 11.142713453187136
11.142866565920981 11.150588876881528 11.150588876881535 11.142866565920924
11.14299363892351 11.150719886704861 11.150719886704865 11.142993638923455
11.143099040733764 11.1508285645301 11.150828564530114 11.143099040733725
11.143186407147171 11.150918656995824 11.150918656995822 11.143186407147121
11.143258764076402 11.150993282270994 11.150993282271008 11.143258764076371
11.14331862982555 11.151055035444056 11.151055035444074 11.14331862982551
11.143368100222428 11.151106076248798 11.151106076248794 11.143368100222382
11.143408919479768 11.151148202084547 11.151148202084535 11.143408919479732
11.143442539175332 11.151182908793746 11.15118290879376 11.143442539175291
11.143470167341718 11.151211441248057 11.151211441248064 11.143470167341686
11.143492809323558 11.151234835450829 11.151234835450836 11.14349280932352
11.143511301781793 11.151253953578122 11.151253953578125 11.143511301781764
11.143526340994383 11.151269513142132 11.151269513142143 11.143526340994347
11.14353850640946 11.151282111262603 11.151282111262617 11.143538506409408
11.143548280247323 11.151292244866367 11.151292244866374 11.143548280247295
11.143556063813971 11.151300327498381 11.151300327498378 11.143556063813932
11.143562191077537 11.151306703312146 11.151306703312171 11.143562191077487
11.143566939967037 11.151311658713105 11.151311658713096 11.143566939966998
11.143570541775357 11.151315432048154 11.151315432048158 11.143570541775304
11.143573188984574 11.151318221669799 11.151318221669808 11.1435731889845
11.143575041778158 11.151320192646986 11.151320192647004 11.143575041778114
11.143576233460832 11.15132148234998 11.15132148234999 11.143576233460793
11.143576874968565 11.151322205098175 11.151322205098193 11.14357687496852
11.143577058622087 11.151322456028042 11.151322456028028 11.143577058622036
11.143576861250605 11.151322314311914 11.151322314311932 11.14357686125056
11.143576346791171 11.151321845836938 11.15132184583695 11.143576346791134
11.143575568452114 11.151321105434208 11.151321105434224 11.143575568452066
11.143574570513238 11.151320138734052 11.151320138734066 11.143574570513204
11.143573389824146 11.151318983709903 11.151318983709901 11.143573389824088
11.143572057050845 11.151317671963119 11.151317671963133 11.143572057050795
11.143570597713655 11.151316229792329 11.15131622979234 11.143570597713609
11.14356903305043 11.151314679083146 11.151314679083145 11.1435690330504
11.143567380735275 11.151313038048686 11.151313038048693 11.143567380735252
11.143565655476563 11.151311321845895 11.151311321845903 11.143565655476504
11.143563869514415 11.151309543088306 11.151309543088313 11.143563869514372
11.14356203303522 11.151307712272919 11.151307712272919 11.143562033035174
11.143560154515917 11.151305838135197 11.151305838135208 11.143560154515876
11.143558241011055 11.15130392794487 11.151303927944884 11.143558241011002
11.143556298391378 11.151301987751756 11.151301987751765 11.14355629839134
11.143554331542502 11.151300022590483 11.151300022590489 11.143554331542473
11.143552344530233 11.15129803665082 11.15129803665083 11.143552344530212
11.143550340738145 11.151296033419523 11.151296033419532 11.143550340738107
11.143548322981992 11.151294015798273 11.15129401579827 11.143548322981944
11.143546293605043 11.151291986201787 11.1512919862018 11.143546293604993
11.143544254557378 11.151289946639642 11.151289946639645 11.143544254557323
11.143542207461833 11.151287898784146 11.151287898784142 11.143542207461785
11.143540153668956 11.15128584402703 11.151285844027027 11.143540153668905
11.143538094302615 11.15128378352646 11.151283783526468 11.143538094302574
11.143536030298169 11.151281718246294 11.151281718246299 11.143536030298106
11.143533962433914 11.151279648988616 11.151279648988618 11.143533962433859
11.143531891357606 11.151277576420908 11.15127757642092 11.143531891357567
11.143529817608366 11.151275501098699 11.151275501098713 11.143529817608307
11.143527741634696 11.151273423484282 11.15127342348428 11.143527741634662
11.14352566381003 11.15127134396231 11.15127134396232 11.143525663809967
11.14352358444494 11.151269262852985 11.151269262852992 11.143523584444896
11.143521503798045 11.151267180422712 11.15126718042273 11.143521503797992
11.143519422084463 11.151265096893225 11.151265096893237 11.143519422084408
11.143517339483266 11.151263012449052 11.15126301244905 11.143517339483214
11.143515256143434 11.151260927243717 11.151260927243728 11.14351525614342
11.14351317218904 11.151258841405037 11.151258841405028 11.143513172189007
11.143511087723247 11.151256755039327 11.151256755039336 11.143511087723208
11.143509002831928 11.151254668235113 11.151254668235131 11.143509002831877
11.14350691758654 11.15125258106605 11.15125258106605 11.143506917586501
11.143504832046586 11.151250493593393 11.151250493593409 11.143504832046542
11.143502746261543 11.151248405868188 11.151248405868184 11.143502746261506
11.143500660272595 11.151246317932825 11.151246317932838 11.143500660272563
11.143498574114055 11.1512442298227 11.151244229822703 11.143498574114018
11.143496487814433 11.151242141567158 11.15124214156716 11.143496487814373
11.143494401397422 11.151240053190678 11.151240053190682 11.143494401397394
11.14349231488287 11.151237964713623 11.151237964713628 11.143492314882819
11.14349022828712 11.151235876152922 11.151235876152924 11.143490228287094
11.14348814162395 11.151233787522692 11.151233787522703 11.1434881416239
11.14348605490465 11.15123169883465 11.15123169883467 11.14348605490463
11.143483968138804 11.15122961009859 11.1512296100986 11.14348396813875
11.143481881334182 11.151227521322596 11.151227521322598 11.143481881334152
11.143479794497443 11.151225432513463 11.151225432513474 11.1434797944974
11.14347770763398 11.151223343676806 11.151223343676808 11.143477707633952
11.14347562074838 11.1512212548173 11.151221254817301 11.143475620748331
11.143473533844382 11.151219165938858 11.151219165938876 11.143473533844354
11.14347144692518 11.151217077044707 11.151217077044722 11.143471446925151
11.143469359993386 11.151214988137566 11.151214988137577 11.143469359993336
11.143467273051156 11.151212899219678 11.151212899219688 11.143467273051119
11.14346518610033 11.151210810292904 11.151210810292916 11.14346518610028
11.143463099142386 11.151208721358795 11.151208721358808 11.143463099142345
11.143461012178596 11.151206632418656 11.151206632418662 11.143461012178557
11.14345892521002 11.151204543473563 11.151204543473574 11.143458925209973
11.143456838237524 11.151202454524405 11.151202454524412 11.143456838237464
11.143454751261784 11.151200365571933 11.151200365571938 11.143454751261746
11.143452664283469 11.151198276616771 11.151198276616775 11.143452664283434
11.143450577303065 11.151196187659433 11.151196187659444 11.143450577303021
11.143448490320957 11.151194098700346 11.151194098700355 11.143448490320925
11.143446403337514 11.151192009739866 11.151192009739882 11.143446403337485
11.14344431635303 11.151189920778311 11.151189920778329 11.143444316352992
11.143442229367746 11.151187831815905 11.15118783181591 11.143442229367704
11.143440142381849 11.151185742852862 11.15118574285287 11.143440142381808
11.143438055395515 11.151183653889358 11.151183653889362 11.143438055395473
11.143435968408884 11.151181564925526 11.151181564925531 11.143435968408838
11.143433881422066 11.151179475961492 11.151179475961515 11.143433881422025
11.14343179443516 11.15117738699736 11.151177386997377 11.143431794435113
11.143429707448238 11.151175298033216 11.151175298033227 11.14342970744819
11.14342762046139 11.151173209069116 11.151173209069123 11.143427620461326
11.143425533474607 11.1511711201051 11.151171120105118 11.143425533474575
11.143423446488018 11.151169031141238 11.15116903114125 11.14342344648798
11.143421359501628 11.151166942177598 11.151166942177602 11.143421359501588
11.143419272515466 11.151164853214159 11.151164853214151 11.143419272515413
11.143417185529568 11.15116276425095 11.151162764250964 11.143417185529508
11.143415098543906 11.15116067528805 11.151160675288056 11.143415098543866
11.143413011558565 11.151158586325426 11.151158586325435 11.143413011558513
11.143410924573537 11.151156497363118 11.151156497363127 11.143410924573491
11.143408837588847 11.15115440840113 11.151154408401135 11.143408837588785
11.143406750604441 11.151152319439467 11.151152319439472 11.143406750604418
11.143404663620434 11.151150230478152 11.151150230478162 11.14340466362039
11.143402576636742 11.151148141517183 11.151148141517194 11.143402576636696
11.143400489653418 11.151146052556582 11.151146052556573 11.143400489653374
11.143398402670478 11.151143963596333 11.151143963596343 11.143398402670417
11.143396315687854 11.151141874636446 11.151141874636448 11.143396315687824
11.143394228705636 11.151139785676918 11.151139785676934 11.143394228705592
11.143392141723773 11.151137696717779 11.151137696717788 11.143392141723732
11.143390054742287 11.151135607759002 11.151135607759004 11.143390054742252
11.14338796776118 11.151133518800602 11.151133518800611 11.143387967761148
11.143385880780452 11.151131429842584 11.151131429842604 11.143385880780409
11.143383793800112 11.151129340884962 11.151129340884955 11.14338379380006
11.143381706820131 11.151127251927697 11.151127251927702 11.143381706820088
11.143379619840555 11.151125162970821 11.151125162970818 11.143379619840504
11.14337753286137 11.151123074014327 11.151123074014338 11.143377532861297
11.143375445882501 11.151120985058226 11.151120985058231 11.143375445882485
11.14337335890408 11.15111889610249 11.1511188961025 11.14337335890403
11.143371271926014 11.151116807147153 11.151116807147151 11.143371271925986
11.143369184948376 11.151114718192197 11.151114718192208 11.143369184948323
11.14336709797108 11.151112629237637 11.15111262923764 11.143367097971034
11.143365010994204 11.151110540283454 11.151110540283451 11.143365010994144
11.143362924017675 11.151108451329659 11.151108451329655 11.143362924017637
11.14336083704156 11.151106362376245 11.151106362376236 11.143360837041502
11.1433587500658 11.151104273423208 11.15110427342321 11.143358750065753
11.143356663090458 11.151102184470572 11.151102184470583 11.143356663090403
11.143354576115474 11.151100095518311 11.151100095518318 11.143354576115442
11.143352489140895 11.151098006566437 11.151098006566452 11.143352489140861
11.143350402166709 11.151095917614978 11.15109591761496 11.143350402166654
11.14334831519288 11.151093828663853 11.151093828663873 11.143348315192847
11.143346228219473 11.151091739713157 11.151091739713165 11.143346228219425
11.143344141246416 11.151089650762815 11.151089650762827 11.143344141246375
11.143342054273774 11.151087561812892 11.151087561812892 11.143342054273724
11.143339967301497 11.15108547286334 11.15108547286335 11.143339967301458
11.143337880329618 11.151083383914173 11.151083383914182 11.143337880329577
11.143335793358133 11.151081294965405 11.151081294965406 11.143335793358085
11.143333706387011 11.151079206017007 11.151079206017014 11.143333706386985
11.143331619416287 11.151077117069013 11.15107711706901 11.143331619416257
11.143329532445952 11.151075028121378 11.15107502812139 11.143329532445918
11.143327445476016 11.151072939174155 11.151072939174169 11.143327445475968
11.143325358506445 11.151070850227317 11.151070850227317 11.143325358506404
11.143323271537263 11.151068761280852 11.151068761280857 11.143323271537234
11.143321184568471 11.151066672334768 11.15106667233478 11.143321184568435
11.14331909760007 11.151064583389099 11.151064583389092 11.14331909760004
11.143317010632066 11.15106249444379 11.151062494443792 11.14331701063202
11.143314923664438 11.151060405498894 11.151060405498898 11.14331492366439
11.14331283669717 11.15105831655437 11.151058316554376 11.143312836697152
11.143310749730317 11.15105622761023 11.151056227610232 11.14331074973029
11.14330866276386 11.151054138666469 11.151054138666485 11.143308662763815
11.143306575797777 11.151052049723107 11.151052049723125 11.143306575797732
11.143304488832086 11.151049960780133 11.151049960780142 11.14330448883203
11.143302401866778 11.151047871837537 11.151047871837545 11.143302401866716
11.143300314901845 11.151045782895341 11.15104578289535 11.143300314901797
11.143298227937331 11.151043693953529 11.15104369395354 11.143298227937258
11.14329614097316 11.151041605012106 11.151041605012118 11.14329614097312
11.143294054009383 11.15103951607107 11.151039516071064 11.143294054009353
11.14329196704601 11.151037427130413 11.151037427130417 11.143291967045975
11.143289880083033 11.151035338190132 11.151035338190145 11.143289880082984
11.143287793120424 11.151033249250252 11.151033249250261 11.143287793120374
11.143285706158181 11.151031160310758 11.151031160310758 11.143285706158157
11.143283619196364 11.15102907137165 11.151029071371648 11.14328361919632
11.143281532234923 11.151026982432924 11.151026982432946 11.143281532234878
11.143279445273867 11.15102489349459 11.151024893494604 11.143279445273821
11.143277358313199 11.151022804556652 11.151022804556657 11.143277358313158
11.1432752713529 11.151020715619085 11.1510207156191 11.143275271352861
11.143273184393005 11.151018626681902 11.15101862668191 11.143273184392958
11.143271097433493 11.151016537745113 11.151016537745129 11.143271097433443
11.143269010474341 11.151014448808702 11.151014448808722 11.14326901047431
11.143266923515622 11.151012359872698 11.151012359872711 11.143266923515581
11.143264836557275 11.151010270937066 11.151010270937075 11.14326483655722
11.14326274959931 11.15100818200184 11.15100818200185 11.143262749599264
11.143260662641717 11.151006093066972 11.151006093066984 11.143260662641685
11.143258575684518 11.151004004132501 11.151004004132506 11.143258575684483
11.143256488727712 11.151001915198425 11.151001915198433 11.143256488727673
11.143254401771298 11.150999826264746 11.150999826264748 11.143254401771248
11.14325231481526 11.150997737331428 11.150997737331437 11.143252314815216
11.14325022785961 11.15099564839851 11.150995648398517 11.143250227859571
11.143248140904367 11.150993559465961 11.150993559465977 11.143248140904303
11.143246053949467 11.150991470533812 11.150991470533823 11.143246053949433
11.143243966994985 11.150989381602063 11.150989381602074 11.143243966994936
11.143241880040907 11.150987292670681 11.150987292670692 11.143241880040831
11.143239793087174 11.150985203739694 11.150985203739712 11.143239793087117
11.143237706133831 11.15098311480909 11.150983114809089 11.143237706133778
11.143235619180878 11.150981025878878 11.150981025878878 11.14323561918083
11.143233532228312 11.150978936949047 11.150978936949057 11.143233532228274
11.14323144527616 11.150976848019615 11.150976848019615 11.143231445276102
11.14322935832437 11.150974759090557 11.150974759090563 11.14322935832432
11.143227271372961 11.150972670161883 11.15097267016189 11.14322727137293
11.143225184421969 11.150970581233613 11.150970581233615 11.143225184421917
11.143223097471324 11.150968492305706 11.150968492305717 11.14322309747128
11.143221010521097 11.150966403378199 11.150966403378218 11.14322101052105
11.14321892357124 11.150964314451086 11.150964314451084 11.143218923571196
11.143216836621786 11.150962225524363 11.150962225524365 11.143216836621745
11.1432147496727 11.150960136598007 11.15096013659802 11.143214749672651
11.14321266272399 11.150958047672049 11.15095804767205 11.143212662723958
11.143210575775706 11.150955958746477 11.150955958746481 11.14321057577565
11.143208488827772 11.150953869821295 11.150953869821302 11.143208488827728
11.143206401880237 11.15095178089647 11.15095178089648 11.143206401880189
11.143204314933074 11.150949691972068 11.15094969197206 11.143204314933056
11.143202227986341 11.15094760304804 11.150947603048046 11.143202227986286
11.143200141039971 11.1509455141244 11.150945514124405 11.14320014103991
11.143198054093988 11.150943425201142 11.150943425201149 11.143198054093927
11.143195967148381 11.150941336278283 11.150941336278292 11.143195967148332
11.143193880203155 11.150939247355799 11.15093924735581 11.143193880203103
11.143191793258334 11.1509371584337 11.1509371584337 11.143191793258287
11.143189706313896 11.150935069512 11.150935069512004 11.14318970631383
11.143187619369836 11.150932980590683 11.150932980590687 11.143187619369787
11.143185532426166 11.15093089166975 11.150930891669763 11.143185532426115
11.143183445482874 11.150928802749197 11.150928802749192 11.143183445482823
11.143181358539975 11.150926713829037 11.150926713829046 11.14318135853993
11.143179271597482 11.150924624909267 11.150924624909266 11.14317927159742
11.143177184655352 11.15092253598988 11.150922535989883 11.1431771846553
11.143175097713605 11.150920447070877 11.150920447070886 11.143175097713561
11.143173010772239 11.150918358152271 11.150918358152277 11.143173010772214
11.143170923831272 11.150916269234035 11.150916269234058 11.143170923831242
11.143168836890693 11.150914180316198 11.150914180316201 11.143168836890666
11.143166749950504 11.150912091398741 11.150912091398752 11.143166749950472
11.143164663010701 11.150910002481673 11.150910002481684 11.143164663010676
11.143162576071314 11.150907913565 11.150907913565007 11.143162576071253
11.143160489132274 11.1509058246487 11.150905824648715 11.14316048913222
11.143158402193636 11.150903735732806 11.150903735732813 11.14315840219357
11.143156315255366 11.150901646817283 11.150901646817294 11.143156315255311
11.143154228317476 11.150899557902145 11.15089955790215 11.143154228317446
11.143152141379993 11.1508974689874 11.150897468987408 11.143152141379952
11.143150054442895 11.15089538007304 11.150895380073052 11.143150054442865
11.143147967506213 11.150893291159068 11.15089329115908 11.143147967506147
