0.9291904442404841 0.9085898809969154 0.9291904442404847
1.370908853794502 1.3611380558162258 1.370908853794502
1.865644510804341 1.863389096702901 1.865644510804341
2.441281073322881 2.444538048097455 2.441281073322882
3.1065905431350997 3.1140345795419164 3.1065905431351015
3.85669998353252 3.8671184715223554 3.8566999835325193
4.673070435438217 4.6851331832071645 4.673070435438219
5.525088437418682 5.537343793708019 5.525088437418685
6.374792538152872 6.3858110045282395 6.374792538152869
7.183907540725453 7.192481033519867 7.183907540725456
7.920824897040326 7.926125126863673 7.9208248970403305
8.565120692399066 8.566756053543829 8.565120692399075
9.108560355994838 9.106529162969968 9.108560355994834
9.5531900999833 9.547770849389035 9.553190099983306
9.907994963353904 9.899623177735053 9.907994963353913
10.185512959726541 10.174678586229346 10.185512959726548
10.399200700777826 10.38637889632437 10.399200700777826
10.561760140622525 10.547373448624919 10.561760140622543
10.684289711871187 10.668693313393657 10.684289711871187
10.7760064744819 10.759487651167294 10.776006474481889
10.84430223834078 10.827087151236935 10.844302238340772
10.89496084052052 10.877224129840403 10.894960840520524
10.932428977691185 10.914303637592939 10.932428977691174
10.960082223216913 10.941668518111882 10.960082223216922
10.98045957266898 10.961832540450947 10.980459572668988
10.995458034237645 10.976673534303437 10.995458034237652
11.00648805320432 10.9875875064264 11.0064880532043
11.01459457692299 10.995608610337943 11.014594576922999
11.020549752059496 11.001500964475834 11.02054975205949
11.024923055431293 11.005828096437801 11.024923055431305
11.028133903095378 11.009005025517041 11.028133903095378
11.030490876019403 11.011337089621545 11.030490876019408
11.032220839012341 11.013048764896629 11.03222083901234
11.03349048842225 11.01430499016963 11.033490488422249
11.034422260428958 11.015226909469233 11.034422260428967
11.035106056117872 11.015903474407798 11.035106056117861
11.035607872740377 11.01639998485008 11.035607872740371
11.035976151802727 11.016764370226912 11.035976151802718
11.036246444870526 11.017031806181304 11.036246444870523
11.036444841256392 11.017228106099642 11.036444841256403
11.036590485250501 11.017372211767118 11.0365904852505
11.036697424251008 11.017478021974272 11.03669742425102
11.036775965389946 11.017555734804944 11.036775965389962
11.036833671230681 11.017612832806632 11.03683367123069
11.036876090486816 11.017654805982124 11.036876090486818
11.036907294239915 11.01768568233555 11.036907294239922
11.036930269406296 11.017708417176934 11.036930269406303
11.036947207444085 11.017725178774903 11.03694720744408
11.036959716186539 11.017737557948863 11.036959716186544
11.036968975267447 11.017746721849644 11.036968975267447
11.036975850156972 11.017753526789003 11.036975850156981
11.036980975829422 11.017758601021884 11.036980975829424
11.036984818149184 11.01776240548276 11.036984818149184
11.036987718908655 11.017765278347158 11.03698771890866
11.036989928871701 11.017767467725296 11.03698992887169
11.036991632016836 11.017769155648796 11.036991632016829
11.03699296332402 11.017770475669272 11.036992963324032
11.036994021824297 11.017771525769696 11.036994021824299
11.036994880173882 11.017772377837506 11.036994880173877
11.03699559167862 11.017773084614397 11.036995591678611
11.036996195447491 11.01777368479554 11.036996195447495
11.036996720173647 11.017774206770396 11.036996720173642
11.036997186908419 11.017774671367562 11.03699718690842
11.036997611096572 11.017775093868348 11.036997611096576
11.036998004069524 11.017775485484224 11.036998004069511
11.03699837414072 11.017775854440758 11.036998374140735
11.03699872740963 11.017776206772778 11.03699872740962
11.036999068351117 11.01777654690783 11.036999068351122
11.036999400248378 11.017776878094342 11.036999400248375
11.036999725510121 11.017777202715598 11.036999725510128
11.03700004590361 11.017777522520099 11.037000045903598
11.03700036272536 11.017777838790652 11.037000362725362
11.037000676926663 11.017778152468491 11.037000676926661
11.0370009892054 11.017778464244115 11.0370009892054
11.037001300073632 11.017778774624158 11.037001300073637
11.037001609906993 11.017779083980285 11.037001609907003
11.037001918981113 11.017779392585194 11.03700191898112
11.037002227498219 11.017779700638972 11.037002227498206
11.037002535606627 11.01778000828841 11.037002535606632
11.037002843415221 11.017780315641199 11.03700284341523
11.037003151003837 11.017780622776316 11.037003151003843
11.037003458431075 11.017780929751787 11.037003458431053
11.037003765739875 11.01778123661007 11.037003765739888
11.037004072961839 11.017781543382409 11.037004072961826
11.037004380120058 11.017781850091714 11.037004380120065
11.037004687231537 11.017782156754738 11.037004687231532
11.037004994308706 11.01778246338383 11.037004994308706
11.037005301360713 11.017782769988033 11.037005301360715
11.037005608394262 11.017783076573984 11.037005608394264
11.037005915414273 11.017783383146522 11.037005915414277
11.037006222424356 11.017783689709237 11.03700622242435
11.037006529427133 11.017783996264747 11.037006529427133
11.03700683642459 11.017784302814958 11.037006836424586
11.037007143418121 11.017784609361314 11.037007143418133
11.03700745040878 11.017784915904809 11.037007450408781
11.037007757397323 11.017785222446236 11.03700775739733
11.03700806438435 11.017785528986133 11.037008064384331
11.037008371370218 11.017785835524913 11.03700837137022
11.037008678355274 11.01778614206287 11.037008678355269
11.037008985339723 11.017786448600225 11.037008985339737
11.037009292323756 11.017786755137166 11.037009292323754
11.037009599307458 11.017787061673797 11.037009599307453
11.037009906290903 11.017787368210156 11.037009906290901
11.037010213274206 11.017787674746375 11.0370102132742
11.037010520257352 11.017787981282467 11.03701052025736
11.03701082724045 11.017788287818469 11.037010827240449
11.037011134223476 11.017788594354421 11.037011134223459
11.037011441206458 11.017788900890302 11.037011441206445
11.037011748189382 11.017789207426192 11.037011748189396
11.037012055172312 11.017789513962056 11.03701205517232
11.037012362155235 11.017789820497901 11.037012362155242
11.03701266913814 11.017790127033747 11.037012669138155
11.037012976121055 11.01779043356956 11.037012976121071
11.037013283103981 11.01779074010542 11.037013283103985
11.037013590086891 11.017791046641264 11.037013590086891
11.037013897069805 11.017791353177094 11.03701389706981
11.037014204052712 11.01779165971296 11.037014204052731
11.037014511035652 11.017791966248797 11.037014511035649
11.03701481801859 11.017792272784655 11.03701481801859
11.037015125001533 11.017792579320535 11.037015125001531
11.037015431984468 11.017792885856396 11.037015431984479
11.037015738967428 11.01779319239229 11.037015738967433
11.037016045950384 11.01779349892819 11.037016045950384
11.03701635293336 11.01779380546408 11.037016352933366
11.037016659916342 11.017794111999983 11.03701665991634
11.037016966899332 11.017794418535876 11.03701696689933
11.03701727388233 11.017794725071818 11.03701727388232
11.037017580865339 11.017795031607765 11.037017580865344
11.037017887848325 11.017795338143683 11.037017887848338
11.037018194831358 11.017795644679643 11.037018194831363
11.03701850181441 11.01779595121561 11.037018501814403
11.03701880879744 11.017796257751591 11.037018808797443
11.037019115780476 11.017796564287565 11.037019115780488
11.03701942276356 11.01779687082353 11.037019422763548
11.037019729746609 11.017797177359528 11.037019729746614
11.037020036729686 11.01779748389554 11.037020036729679
11.037020343712765 11.01779779043153 11.037020343712772
11.037020650695853 11.017798096967557 11.037020650695851
11.037020957678964 11.017798403503585 11.037020957678964
11.037021264662064 11.017798710039614 11.037021264662059
11.037021571645182 11.017799016575648 11.037021571645186
11.037021878628297 11.017799323111683 11.0370218786283
11.037022185611425 11.017799629647755 11.037022185611429
11.037022492594566 11.017799936183824 11.037022492594561
11.037022799577713 11.017800242719888 11.037022799577718
11.037023106560861 11.01780054925597 11.037023106560863
11.03702341354403 11.017800855792078 11.037023413544043
11.037023720527198 11.017801162328162 11.037023720527209
11.037024027510379 11.017801468864276 11.037024027510379
11.037024334493564 11.017801775400388 11.03702433449357
11.037024641476775 11.017802081936525 11.037024641476775
11.037024948459994 11.017802388472662 11.037024948459985
11.0370252554432 11.017802695008811 11.037025255443202
11.037025562426425 11.017803001544976 11.037025562426424
11.037025869409659 11.017803308081113 11.037025869409653
11.037026176392889 11.017803614617284 11.037026176392889
11.03702648337613 11.017803921153458 11.037026483376147
11.03702679035941 11.01780422768965 11.0370267903594
11.03702709734267 11.017804534225851 11.037027097342675
11.037027404325956 11.017804840762043 11.037027404325947
11.037027711309234 11.017805147298251 11.037027711309229
11.03702801829251 11.017805453834475 11.03702801829253
11.037028325275823 11.017805760370706 11.037028325275827
11.037028632259116 11.017806066906944 11.037028632259126
11.037028939242463 11.017806373443166 11.037028939242445
11.03702924622577 11.017806679979424 11.037029246225774
11.0370295532091 11.017806986515696 11.037029553209104
11.03702986019246 11.017807293051966 11.03702986019246
11.037030167175809 11.017807599588235 11.037030167175804
11.037030474159174 11.017807906124528 11.037030474159167
11.037030781142532 11.01780821266083 11.037030781142537
11.037031088125907 11.017808519197118 11.037031088125907
11.037031395109295 11.017808825733438 11.03703139510929
11.037031702092674 11.017809132269742 11.03703170209268
11.037032009076077 11.017809438806065 11.037032009076075
11.037032316059479 11.017809745342404 11.03703231605948
11.037032623042903 11.017810051878756 11.037032623042906
11.037032930026328 11.017810358415105 11.037032930026331
11.037033237009753 11.017810664951458 11.037033237009766
11.037033543993207 11.017810971487846 11.037033543993207
11.037033850976659 11.01781127802423 11.03703385097666
11.037034157960138 11.017811584560627 11.037034157960132
11.037034464943607 11.01781189109702 11.037034464943602
11.037034771927084 11.017812197633415 11.037034771927067
11.037035078910552 11.017812504169823 11.037035078910556
11.03703538589406 11.017812810706245 11.037035385894058
11.037035692877566 11.01781311724267 11.037035692877561
11.037035999861082 11.017813423779133 11.037035999861072
11.03703630684461 11.017813730315563 11.037036306844596
11.037036613828123 11.017814036852016 11.037036613828121
11.037036920811666 11.01781434338849 11.03703692081166
11.037037227795215 11.01781464992496 11.037037227795214
11.037037534778754 11.017814956461443 11.037037534778745
11.03703784176233 11.017815262997928 11.037037841762322
11.037038148745888 11.017815569534417 11.037038148745873
11.037038455729455 11.017815876070916 11.03703845572947
11.037038762713047 11.017816182607433 11.037038762713062
11.037039069696648 11.017816489143962 11.037039069696645
11.037039376680248 11.017816795680481 11.037039376680251
11.037039683663865 11.01781710221703 11.037039683663869
11.037039990647491 11.017817408753578 11.037039990647486
11.037040297631126 11.017817715290152 11.037040297631117
11.037040604614756 11.017818021826697 11.037040604614754
11.0370409115984 11.01781832836326 11.03704091159839
11.03704121858205 11.017818634899843 11.037041218582058
11.037041525565728 11.017818941436449 11.03704152556573
11.037041832549383 11.01781924797304 11.037041832549395
11.03704213953307 11.017819554509643 11.037042139533071
11.03704244651678 11.017819861046284 11.037042446516768
11.037042753500454 11.01782016758288 11.037042753500458
11.037043060484162 11.017820474119528 11.037043060484175
11.037043367467884 11.017820780656175 11.037043367467886
11.037043674451597 11.017821087192813 11.037043674451597
11.037043981435342 11.017821393729461 11.037043981435348
11.037044288419088 11.017821700266142 11.037044288419084
11.037044595402826 11.017822006802797 11.037044595402824
11.037044902386574 11.01782231333949 11.037044902386585
11.03704520937035 11.017822619876183 11.03704520937034
11.037045516354112 11.01782292641287 11.037045516354118
11.037045823337898 11.017823232949592 11.037045823337904
11.037046130321674 11.0178235394863 11.037046130321686
11.037046437305484 11.017823846023028 11.037046437305483
11.037046744289283 11.017824152559756 11.037046744289292
11.037047051273104 11.017824459096499 11.03704705127311
11.03704735825692 11.01782476563326 11.037047358256931
11.037047665240756 11.017825072170012 11.037047665240758
11.03704797222462 11.017825378706782 11.037047972224617
11.037048279208465 11.017825685243551 11.037048279208458
11.037048586192295 11.017825991780335 11.037048586192299
11.03704889317617 11.017826298317141 11.037048893176186
11.037049200160041 11.017826604853932 11.037049200160055
11.037049507143943 11.017826911390742 11.037049507143943
11.037049814127831 11.017827217927536 11.037049814127828
11.03705012111173 11.01782752446438 11.037050121111733
11.037050428095636 11.017827831001222 11.03705042809563
11.037050735079559 11.017828137538062 11.037050735079555
11.037051042063473 11.017828444074915 11.037051042063474
11.0370513490474 11.01782875061177 11.037051349047413
11.03705165603136 11.01782905714864 11.037051656031354
11.0370519630153 11.017829363685504 11.037051963015296
11.03705226999926 11.017829670222385 11.037052269999247
11.03705257698323 11.017829976759282 11.037052576983223
11.037052883967185 11.017830283296188 11.037052883967203
11.037053190951191 11.017830589833096 11.037053190951184
11.037053497935183 11.01783089637002 11.037053497935181
11.037053804919166 11.017831202906937 11.037053804919172
11.037054111903181 11.017831509443878 11.037054111903192
11.037054418887218 11.017831815980811 11.03705441888721
11.037054725871236 11.01783212251777 11.037054725871236
11.037055032855278 11.017832429054724 11.037055032855282
11.037055339839302 11.017832735591687 11.03705533983931
11.03705564682336 11.01783304212867 11.037055646823358
11.037055953807418 11.017833348665667 11.037055953807426
11.037056260791497 11.017833655202644 11.037056260791491
11.037056567775569 11.01783396173964 11.03705656777557
11.037056874759642 11.017834268276662 11.037056874759642
11.037057181743746 11.01783457481369 11.03705718174374
11.037057488727838 11.017834881350716 11.037057488727834
11.037057795711938 11.017835187887732 11.037057795711934
11.03705810269606 11.017835494424768 11.037058102696065
11.037058409680181 11.017835800961835 11.037058409680194
11.037058716664346 11.017836107498908 11.037058716664335
11.03705902364849 11.017836414035994 11.037059023648487
11.037059330632653 11.017836720573063 11.037059330632628
11.037059637616794 11.01783702711014 11.0370596376168
11.037059944600962 11.017837333647236 11.037059944600967
11.037060251585133 11.017837640184352 11.037060251585137
11.03706055856932 11.017837946721452 11.037060558569324
11.037060865553512 11.017838253258589 11.037060865553526
11.037061172537742 11.017838559795717 11.03706117253774
11.037061479521947 11.017838866332854 11.037061479521949
11.037061786506161 11.017839172869992 11.037061786506172
11.0370620934904 11.017839479407158 11.037062093490396
11.037062400474628 11.0178397859443 11.03706240047463
11.03706270745888 11.017840092481482 11.03706270745887
11.037063014443122 11.01784039901864 11.037063014443133
11.037063321427395 11.017840705555843 11.037063321427398
11.037063628411666 11.01784101209304 11.03706362841166
11.037063935395945 11.017841318630255 11.037063935395944
11.03706424238023 11.017841625167472 11.037064242380225
11.037064549364537 11.017841931704691 11.037064549364525
11.037064856348843 11.01784223824192 11.037064856348836
11.037065163333134 11.017842544779153 11.03706516333314
11.037065470317456 11.017842851316395 11.037065470317476
11.037065777301795 11.017843157853648 11.037065777301798
11.037066084286128 11.017843464390902 11.037066084286133
11.037066391270464 11.01784377092819 11.037066391270473
11.037066698254819 11.017844077465476 11.037066698254833
11.037067005239187 11.017844384002757 11.037067005239187
11.037067312223556 11.017844690540052 11.037067312223568
11.037067619207944 11.017844997077367 11.037067619207956
11.03706792619233 11.017845303614656 11.037067926192341
11.037068233176726 11.017845610151982 11.037068233176731
11.037068540161146 11.01784591668931 11.037068540161147
11.037068847145571 11.017846223226675 11.037068847145566
11.037069154129998 11.017846529764018 11.037069154129988
11.037069461114411 11.017846836301384 11.037069461114418
11.03706976809887 11.01784714283875 11.037069768098862
11.037070075083308 11.01784744937611 11.037070075083305
11.037070382067757 11.017847755913499 11.03707038206776
