0.5901017853856543 0.5220388052971742 0.5175693652561396 0.51756936525614 0.5220388052971737 0.5901017853856536
0.7401054196170009 0.6534600119565052 0.6432369303533501 0.6432369303533493 0.653460011956504 0.7401054196170002
0.8650536108398296 0.7664357889236761 0.7507882134848244 0.7507882134848255 0.7664357889236733 0.8650536108398288
0.9799223104312017 0.8731452157205996 0.8527820667763016 0.8527820667763024 0.8731452157205967 0.9799223104311998
1.0905178405676534 0.978073872829879 0.9537448412855659 0.9537448412855665 0.9780738728298753 1.0905178405676514
1.1999669341439068 1.0835450446892914 1.055927084455543 1.0559270844555437 1.083545044689287 1.1999669341439048
1.3102552600420065 1.1910076267549472 1.1606734240657988 1.1606734240657997 1.191007626754943 1.3102552600420037
1.4227705074808008 1.3014775529526923 1.2688956484932699 1.2688956484932716 1.3014775529526883 1.422770507480799
1.5385427685699165 1.41572443252145 1.3812708416645003 1.3812708416645012 1.4157244325214435 1.5385427685699142
1.6583677796369827 1.5343616103099635 1.4983345702539952 1.4983345702539952 1.5343616103099555 1.6583677796369793
1.7828764209195276 1.6578934624401982 1.620527894963963 1.6205278949639643 1.65789346244019 1.7828764209195245
1.9125762005858866 1.7867414413130864 1.7482218724863403 1.7482218724863414 1.7867414413130767 1.9125762005858828
2.0478766738656407 1.921258568667791 1.8817301804255715 1.8817301804255717 1.9212585686677814 2.047876673865636
2.189104999671263 2.0617371914916074 2.021315068395875 2.021315068395877 2.0617371914915967 2.189104999671259
2.3365151620400053 2.208412599244314 2.1671893758533356 2.1671893758533365 2.208412599244301 2.3365151620400026
2.490293020818263 2.3614640188587184 2.3195161652853 2.3195161652853025 2.361464018858705 2.4902930208182585
2.6505586087338173 2.521013944422782 2.4784069131834126 2.478406913183416 2.521013944422769 2.6505586087338133
2.8173666578499517 2.6871264554833836 2.643918881109958 2.64391888110996 2.6871264554833676 2.817366657849945
2.9907060741585187 2.859805007324433 2.816052114980324 2.816052114980326 2.859805007324416 2.990706074158513
3.170498911285978 3.0389900764126137 2.994746422890789 2.994746422890793 3.0389900764125946 3.1704989112859696
3.3565992824197055 3.2245569816174617 3.1798786239582078 3.1798786239582113 3.2245569816174413 3.3565992824196975
3.5487925697910008 3.416314158330193 3.3712603225479763 3.3712603225479807 3.4163141583301715 3.548792569790991
3.746795228689876 3.614002127301675 3.568636432257134 3.568636432257135 3.6140021273016534 3.746795228689862
3.9502554287474414 3.8172933662215724 3.7716846450877406 3.7716846450877464 3.8172933662215476 3.950255428747431
4.15875472329145 4.025793255728721 3.9800160092198063 3.9800160092198116 4.025793255728691 4.158754723291432
4.3718108845860515 4.239042230468858 4.193176741410517 4.1931767414105225 4.239042230468826 4.37181088458604
4.588881987189765 4.456519219209232 4.4106513564908925 4.410651356490901 4.4565192192091985 4.588881987189753
4.809371763458893 4.677646406272705 4.631867147073092 4.631867147073099 4.677646406272664 4.809371763458876
5.032636195528218 4.901795291061657 4.856199992801531 4.856199992801537 4.9017952910616165 5.032636195528197
5.257991248959143 5.128293965417711 5.082981422483791 5.082981422483798 5.128293965417666 5.2579912489591205
5.484721597312917 5.356435472811476 5.311506797041098 5.311506797041112 5.356435472811425 5.484721597312894
5.71209013712514 5.585487062005398 5.541044429588586 5.541044429588597 5.5854870620053445 5.712090137125115
5.939348052020101 5.8147001040249195 5.770845414308864 5.7708454143088765 5.814700104024861 5.939348052020073
6.165745155524159 6.043320407850948 6.000153901064692 6.000153901064704 6.043320407850882 6.165745155524134
6.390540226363677 6.270598649454925 6.22821753028869 6.228217530288706 6.270598649454862 6.390540226363656
6.613011048629238 6.4958006220427205 6.454297734151399 6.454297734151417 6.495800622042651 6.613011048629219
6.832463882111238 6.71821702306767 6.677679615918758 6.677679615918774 6.718217023067613 6.832463882111204
7.048242114304228 6.9371725150834305 6.897681139289187 6.897681139289202 6.937172515083356 7.0482421143041964
7.259733883059193 7.152033831213434 7.1136613918644 7.113661391864424 7.152033831213342 7.259733883059164
7.466378504934874 7.362216739473643 7.325027729414372 7.325027729414394 7.362216739473553 7.466378504934832
7.6676715957846975 7.567191730368747 7.531241657277489 7.531241657277515 7.56719173036865 7.667671595784657
7.863168823675806 7.766488345766106 7.731823358784469 7.7318233587844984 7.766488345766011 7.863168823675745
8.052488286649025 7.9596981207143696 7.926354834660217 7.9263548346602395 7.959698120714267 8.052488286648982
8.235311556226652 8.146476160566872 8.114481668834594 8.114481668834621 8.146476160566763 8.235311556226605
8.41138346967538 8.326541420946608 8.295913482344913 8.29591348234494 8.32654142094651 8.411383469675318
8.580510788215344 8.499675795843952 8.47042317603484 8.470423176034872 8.499675795843839 8.580510788215287
8.742559863737497 8.665722148284857 8.637845093256754 8.637845093256782 8.665722148284734 8.742559863737444
8.8974534729419 8.824581438070524 8.798072255194157 8.798072255194194 8.824581438070412 8.897453472941814
9.045166985529569 8.976209112236678 8.951052833825024 8.951052833825061 8.97620911223655 9.045166985529514
9.185724033032162 9.120610926810492 9.096786031579809 9.096786031579844 9.120610926810372 9.185724033032107
9.319191838238265 9.257838364243806 9.235317533458435 9.235317533458469 9.257838364243678 9.319191838238197
9.44567635335622 9.387983800902608 9.366734688067856 9.3667346880679 9.387983800902475 9.44567635335616
9.565317339464965 9.51117556463262 9.491161560161641 9.49116156016169 9.511175564632481 9.565317339464906
9.678283501833178 9.62757300511894 9.608753980238822 9.608753980238868 9.627573005118789 9.678283501833096
9.78476777657287 9.737361680829702 9.719694697931622 9.71969469793167 9.737361680829553 9.784767776572798
9.884982844896625 9.840748746925284 9.824188726452867 9.824188726452906 9.840748746925131 9.884982844896555
9.979156932810488 9.937958609560619 9.92245894625747 9.92245894625751 9.93795860956047 9.97915693281044
10.067529937028583 10.029228894230377 10.014742018046181 10.01474201804624 10.029228894230213 10.06752993702851
10.150349902658652 10.114806759705935 10.101284638841328 10.10128463884137 10.114806759705777 10.150349902658597
10.227869865024559 10.194945575004327 10.182340160428629 10.182340160428673 10.194945575004166 10.227869865024505
10.300345056945966 10.269901964855123 10.258165577156147 10.258165577156193 10.26990196485495 10.300345056945899
10.368030473860918 10.339933219305909 10.329018879935647 10.3290188799357 10.339933219305749 10.368030473860834
10.431178782228478 10.405295055339808 10.395156765230281 10.395156765230327 10.40529505533963 10.431178782228379
10.490038551508656 10.466239712508717 10.45683268167756 10.45683268167762 10.466239712508555 10.490038551508583
10.544852786470056 10.523014360409435 10.514295192590241 10.51429519259029 10.523014360409261 10.544852786469958
10.595857734389043 10.57585979311546 10.567786629670623 10.56778662967068 10.57585979311529 10.595857734388952
10.643281940651285 10.625009384194144 10.61754201163227 10.617542011632324 10.62500938419397 10.643281940651212
10.687345526120415 10.67068827545711 10.663788200816603 10.66378820081666 10.670688275456946 10.687345526120344
10.728259660205754 10.713112772902951 10.706743271108245 10.706743271108298 10.713112772902786 10.728259660205685
10.766226204656512 10.752489924223879 10.746616061296672 10.746616061296738 10.7524899242237 10.76622620465643
10.801437504582477 10.789017253598729 10.783605889335968 10.78360588933603 10.789017253598551 10.801437504582411
10.834076304921204 10.822882631141981 10.817902404573434 10.817902404573497 10.8228826311418 10.834076304921107
10.864315772431308 10.854264256207065 10.849685556833816 10.849685556833872 10.854264256206886 10.864315772431237
10.89231960521029 10.883330735659346 10.879125663160353 10.87912566316042 10.883330735659179 10.892319605210224
10.918242213641733 10.910241240165549 10.90638355495364 10.9063835549537 10.910241240165393 10.91824221364165
10.942228958529503 10.93514572343817 10.93161079015331 10.93161079015337 10.93514572343798 10.94222895852943
10.964416433935602 10.958185191184437 10.954949916937966 10.95494991693802 10.958185191184244 10.964416433935506
10.98493278388071 10.979492008212386 10.976534777140849 10.976534777140916 10.979492008212205 10.984932783880637
11.003898043583373 10.999190233723454 10.99649083917976 10.996490839179822 10.999190233723267 11.003898043583265
11.021424497289484 11.017395976264007 11.014935551763239 11.014935551763294 11.01739597626383 11.021424497289424
11.037617045988394 11.034217761111409 11.031978710962196 11.03197871096225 11.034217761111242 11.037617045988268
11.052573579414359 11.04975690403767 11.047722834424482 11.047722834424542 11.049756904037501 11.052573579414268
11.066385347716333 11.064107886428745 11.062263537565 11.062263537565062 11.064107886428543 11.066385347716212
11.079137329030624 11.077358727647782 11.075689907493679 11.075689907493736 11.077358727647601 11.079137329030528
11.090908589942607 11.089591351325447 11.08808487125478 11.088084871254832 11.089591351325268 11.09090858994251
11.10177263646376 11.100881942946756 11.099525555654502 11.09952555565457 11.100881942946572 11.10177263646368
11.111797753704769 11.111301296696396 11.110083636558603 11.110083636558658 11.111301296696213 11.111797753704709
11.121047332893074 11.120915150026999 11.119825676058305 11.11982567605837 11.12091515002682 11.121047332892992
11.129580184779904 11.129784504842165 11.128813446340162 11.128813446340237 11.129784504841977 11.129580184779796
11.137450838812912 11.137965934543491 11.137104239463229 11.137104239463287 11.13796593454331 11.137450838812834
11.144709827725146 11.14551187648897 11.144751162552947 11.144751162552991 11.145511876488783 11.144709827725082
11.151403957416141 11.152470909655513 11.15180341817413 11.151803418174179 11.152470909655328 11.151403957416049
11.15757656218445 11.158888017498656 11.158306569851923 11.158306569851982 11.158888017498482 11.157576562184348
11.16326774551744 11.16480483616345 11.164302792875624 11.164302792875686 11.164804836163254 11.163267745517368
11.168514606758867 11.17025988832824 11.169831110652822 11.169831110652883 11.17025988832804 11.168514606758778
11.173351454064047 11.175288803063182 11.174927616984712 11.17492761698478 11.175288803063003 11.173351454063948
11.177810004119706 11.179924522159542 11.179625684711477 11.179625684711535 11.179924522159363 11.177810004119618
11.181919569152711 11.18419749344196 11.18395616123496 11.183956161235027 11.184197493441774 11.181919569152624
11.185707231785276 11.188135851614504 11.187947551466566 11.187947551466626 11.18813585161433 11.18570723178516
11.189198008313271 11.191765587215485 11.191626188774343 11.191626188774405 11.191765587215292 11.189198008313191
11.192415000995195 11.195110704269343 11.195016394518598 11.195016394518653 11.195110704269155 11.192415000995112
11.195379539938116 11.198193367228752 11.198140626769778 11.198140626769835 11.198193367228562 11.195379539938028
11.198111315163345 11.201034037795617 11.201019618800624 11.201019618800691 11.201034037795434 11.198111315163251
11.200628499422114 11.20365160220121 11.203672507935496 11.203672507935561 11.203651602201026 11.200628499422036
11.202947862317123 11.206063489511545 11.206116955326664 11.206116955326728 11.206063489511367 11.202947862317057
11.205084876266936 11.20828578150695 11.20836925721053 11.208369257210585 11.20828578150676 11.205084876266879
11.207053814830301 11.210333314664558 11.210444448176732 11.210444448176789 11.21033331466438 11.20705381483024
11.208867843885214 11.212219774751519 11.212356396962138 11.212356396962209 11.212219774751327 11.208867843885123
11.210539106134263 11.213957784512655 11.214117895258212 11.214117895258273 11.213957784512479 11.210539106134153
11.212078799384619 11.215558984914157 11.21574073999713 11.215740739997184 11.215558984913962 11.212078799384562
11.213497249027315 11.217034110379522 11.21723580955794 11.217235809558003 11.217034110379325 11.213497249027226
11.214803975115975 11.218393058431563 11.218613134310258 11.21861313431032 11.218393058431376 11.214803975115872
11.216007754423952 11.21964495412956 11.219881961889074 11.219881961889131 11.219644954129379 11.216007754423888
11.217116677834445 11.22079820966856 11.221050817571527 11.221050817571584 11.220798209668356 11.217116677834376
11.218138203396405 11.221860579484865 11.222127560103702 11.22212756010377 11.221860579484682 11.218138203396348
11.21907920536014 11.222839211190987 11.22311943330392 11.223119433303976 11.222839211190786 11.219079205360055
11.21994601948264 11.223740692641227 11.224033113748034 11.22403311374809 11.223740692641025 11.21994601948258
11.220744484877544 11.224571095411333 11.22487475482254 11.224874754822594 11.224571095411148 11.220744484877462
11.221479982662535 11.22533601495485 11.225650027412048 11.225650027412112 11.225336014954673 11.221479982662432
11.222157471642745 11.226040607682227 11.226364157469677 11.226364157469746 11.226040607682028 11.222157471642682
11.2227815212504 11.226689625191486 11.227021960702189 11.227021960702247 11.226689625191282 11.222781521250317
11.223356341945795 11.22728744586314 11.22762787458502 11.227627874585083 11.227287445862963 11.223356341945687
11.223885813271226 11.227838104017511 11.228185987907926 11.228185987907988 11.227838104017312 11.223885813271128
11.224373509734834 11.228345316817743 11.228700068037007 11.228700068037073 11.228345316817549 11.224373509734749
11.224822724688421 11.228812509089819 11.229173586066 11.229173586066063 11.228812509089652 11.224822724688359
11.22523649235254 11.229242836217205 11.229609740017272 11.229609740017338 11.229242836217031 11.225236492352472
11.225617608129468 11.229639205257163 11.23001147624067 11.23001147624073 11.229639205256982 11.225617608129365
11.225968647335577 11.230004294414478 11.230381509148325 11.230381509148385 11.230004294414297 11.22596864733548
11.226291982474317 11.230340570998715 11.230722339412683 11.230722339412763 11.230340570998525 11.226291982474208
11.226589799161644 11.230650307981174 11.231036270745879 11.231036270745935 11.230650307980977 11.226589799161545
11.226864110808036 11.230935599259738 11.231325425369448 11.231325425369521 11.230935599259542 11.226864110807963
11.227116772153337 11.23119837373097 11.2315917582758 11.23159175827587 11.23119837373079 11.227116772153236
11.22734949174229 11.231440408261975 11.231837070374505 11.231837070374565 11.231440408261799 11.227349491742203
11.227563843424257 11.231663339646865 11.232063020609816 11.232063020609877 11.231663339646687 11.227563843424162
11.227761276951421 11.231868675627135 11.232271137129317 11.232271137129372 11.231868675626947 11.227761276951334
11.227943127746407 11.23205780504801 11.232462827577326 11.232462827577397 11.232057805047841 11.22794312774633
11.228110625903822 11.232232007218574 11.232639388581063 11.23263938858112 11.232232007218393 11.22811062590375
11.228264904485153 11.232392460537243 11.232802014492547 11.232802014492608 11.23239246053706 11.228264904485076
11.22840700716244 11.23254025044013 11.232951805444216 11.232951805444275 11.232540250439932 11.228407007162362
11.228537895261328 11.232676376725058 11.233089774771797 11.233089774771862 11.232676376724884 11.228537895261221
11.228658454250546 11.232801760300104 11.233216855853849 11.233216855853913 11.232801760299928 11.228658454250475
11.228769499721377 11.23291724940136 11.23333390841372 11.233333908413778 11.23291724940116 11.228769499721272
11.22887178289638 11.233023625321891 11.233441724325768 11.233441724325834 11.23302362532168 11.228871782896293
11.228965995705067 11.233121607689881 11.23354103296491 11.233541032964974 11.233121607689707 11.228965995704952
11.229052775459623 11.233211859331485 11.233632506135052 11.233632506135107 11.233211859331297 11.229052775459541
11.229132709163071 11.233294990750574 11.233716762609628 11.233716762609683 11.233294990750382 11.229132709162966
11.22920633747747 11.233371564256025 11.233794372314529 11.233794372314595 11.233371564255863 11.229206337477383
11.229274158380163 11.233442097763799 11.233865860181641 11.233865860181696 11.23344209776362 11.229274158380075
11.229336630531442 11.233507068299307 11.233931709698686 11.23393170969874 11.233507068299131 11.229336630531352
11.229394176377077 11.233566915224126 11.233992366179429 11.233992366179477 11.23356691522393 11.229394176377015
11.229447185006393 11.233622043208028 11.234048239776083 11.234048239776145 11.233622043207824 11.229447185006292
11.229496014784468 11.23367282496695 11.234099708254254 11.234099708254316 11.233672824966753 11.229496014784417
11.229540995777693 11.233719603785076 11.234147119549103 11.234147119549164 11.233719603784875 11.229540995777624
11.229582431987069 11.23376269583785 11.23419079411995 11.234190794120023 11.233762695837637 11.229582431986975
11.229620603406017 11.233802392331926 11.234231027119089 11.234231027119145 11.233802392331754 11.229620603405936
11.229655767915697 11.233838961476396 11.234268090389651 11.234268090389708 11.233838961476218 11.22965576791566
11.229688163030783 11.23387265029827 11.234302234305789 11.234302234305845 11.23387265029807 11.229688163030684
11.229718007507097 11.23390368631484 11.234333689467721 11.234333689467775 11.233903686314683 11.22971800750702
11.22974550282337 11.233932279074272 11.234362668262936 11.234362668262998 11.23393227907409 11.229745502823295
11.229770834544937 11.233958621574164 11.23438936630428 11.234389366304343 11.233958621573981 11.22977083454483
11.229794173580578 11.233982891568699 11.234413963754564 11.23441396375462 11.233982891568498 11.229794173580466
11.2298156773398 11.234005252772096 11.234436626546499 11.234436626546561 11.23400525277192 11.22981567733972
11.229835490799005 11.234025855967605 11.234457507506526 11.234457507506592 11.234025855967442 11.229835490798921
11.229853747483208 11.234044840028481 11.234476747389765 11.234476747389829 11.234044840028306 11.229853747483125
11.229870570370473 11.234062332858612 11.234494475833367 11.234494475833426 11.234062332858418 11.229870570370368
11.229886072724865 11.23407845225881 11.234510812234506 11.234510812234564 11.234078452258633 11.229886072724755
11.229900358863587 11.234093306724912 11.234525866559203 11.234525866559261 11.234093306724702 11.229900358863508
11.229913524863846 11.234106996182328 11.234539740087099 11.234539740087156 11.234106996182138 11.22991352486377
11.229925659213364 11.234119612663378 11.234552526097614 11.234552526097678 11.234119612663184 11.229925659213265
11.229936843409925 11.23413124093031 11.23456431050172 11.234564310501765 11.234131240930134 11.229936843409842
11.229947152513631 11.234141959049852 11.234575172424005 11.234575172424062 11.234141959049651 11.229947152513526
11.229956655655068 11.234151838921813 11.23458518473872 11.234585184738775 11.234151838921626 11.229956655655002
11.229965416504095 11.234160946766384 11.23459441456338 11.23459441456343 11.234160946766188 11.22996541650401
11.22997349370072 11.234169343572596 11.234602923713586 11.234602923713656 11.23416934357242 11.229973493700662
11.229980941252833 11.234177085511678 11.234610769121769 11.23461076912184 11.234177085511485 11.229980941252753
11.2299878089017 11.234184224317477 11.234618003222897 11.234618003222959 11.234184224317294 11.229987808901654
11.229994142459397 11.234190807637113 11.234624674309774 11.234624674309842 11.234190807636915 11.229994142459327
11.229999984118757 11.234196879353663 11.234630826860185 11.234630826860245 11.234196879353464 11.229999984118688
11.230005372739665 11.234202479883566 11.234636501838317 11.234636501838375 11.234202479883367 11.230005372739562
11.23001034411201 11.234207646450473 11.234641736972236 11.23464173697231 11.234207646450285 11.230010344111914
11.230014931198445 11.23421241333744 11.234646567009651 11.23464656700971 11.234212413337248 11.230014931198356
11.230019164357607 11.234216812119191 11.234651023953178 11.234651023953246 11.234216812118994 11.230019164357524
11.230023071549862 11.234220871876122 11.234655137277308 11.234655137277368 11.234220871875927 11.230023071549764
11.230026678526638 11.234224619391293 11.234658934128067 11.234658934128124 11.234224619391101 11.230026678526562
11.230030009005148 11.234228079331926 11.234662439506982 11.234662439507044 11.234228079331752 11.230030009005077
11.23003308482892 11.234231274416576 11.234665676440494 11.234665676440557 11.234231274416382 11.230033084828825
11.230035926115775 11.234234225568995 11.234668666135923 11.234668666135981 11.234234225568825 11.230035926115686
11.230038551394319 11.234236952060042 11.23467142812526 11.234671428125326 11.234236952059856 11.230038551394232
11.230040977729418 11.234239471638105 11.234673980397465 11.234673980397526 11.23423947163792 11.230040977729328
11.230043220837741 11.234241800649475 11.23467633952036 11.234676339520414 11.2342418006493 11.230043220837654
11.230045295194351 11.234243954149129 11.234678520752919 11.234678520752976 11.234243954148951 11.230045295194282
11.230047214130886 11.23424594600262 11.234680538148613 11.234680538148684 11.234245946002451 11.23004721413079
11.230048989925582 11.234247788980207 11.234682404650789 11.234682404650847 11.234247788980015 11.23004898992551
11.230050633886888 11.234249494843207 11.234684132180137 11.234684132180197 11.234249494843013 11.230050633886782
11.230052156429696 11.234251074423812 11.234685731715691 11.234685731715752 11.23425107442364 11.230052156429636
11.230053567146348 11.234252537698513 11.234687213369101 11.234687213369156 11.234252537698326 11.23005356714624
11.230054874871106 11.234253893855625 11.234688586453183 11.234688586453256 11.234253893855435 11.23005487487102
11.23005608774052 11.234255151357523 11.234689859545094 11.234689859545146 11.234255151357331 11.230056087740437
11.230057213248323 11.23425631799814 11.234691040544297 11.234691040544357 11.234256317997952 11.23005721324821
11.230058258296099 11.234257400955617 11.234692136726236 11.2346921367263 11.234257400955414 11.230058258296017
11.230059229240368 11.234258406841002 11.234693154791634 11.234693154791689 11.234258406840828 11.230059229240295
11.230060131935405 11.234259341743176 11.234694100911726 11.234694100911799 11.234259341742971 11.23006013193534
11.23006097177299 11.234260211269811 11.23469498077038 11.234694980770449 11.234260211269623 11.230060971772915
11.230061753718925 11.23426102058573 11.23469579960227 11.234695799602338 11.234261020585551 11.230061753718855
11.230062482346773 11.234261774447672 11.23469656222866 11.234696562228722 11.234261774447496 11.230062482346701
11.230063161868692 11.234262477236545 11.234697273089804 11.234697273089862 11.234262477236369 11.230063161868642
11.230063796164227 11.23426313298723 11.23469793627528 11.23469793627534 11.234263132987037 11.23006379616412
11.230064388806147 11.23426374541578 11.234698555551512 11.23469855555157 11.234263745415587 11.230064388806081
11.230064943085335 11.234264317944723 11.234699134387391 11.234699134387446 11.234264317944543 11.230064943085242
11.230065462032368 11.234264853726193 11.234699675977774 11.234699675977822 11.234264853726005 11.230065462032295
11.230065948438645 11.234265355663286 11.234700183265124 11.234700183265181 11.23426535566311 11.230065948438545
11.230066404874847 11.234265826429773 11.234700658959412 11.23470065895947 11.234265826429588 11.23006640487477
11.23006683370871 11.23426626848819 11.234701105556548 11.23470110555661 11.234266268487993 11.230066833708637
11.23006723712088 11.234266684106474 11.234701525355264 11.23470152535532 11.234266684106297 11.230067237120787
11.230067617119625 11.234267075373474 11.234701920472657 11.234701920472713 11.234267075373287 11.230067617119563
11.230067975554745 11.234267444212978 11.23470229285861 11.234702292858668 11.234267444212797 11.230067975554682
11.230068314129761 11.234267792396782 11.234702644308932 11.234702644308983 11.234267792396604 11.230068314129667
11.230068634413609 11.23426812155675 11.234702976477577 11.23470297647763 11.234268121556559 11.230068634413534
11.230068937851385 11.234268433195721 11.2347032908878 11.234703290887868 11.234268433195545 11.230068937851291
11.230069225773931 11.234268728697973 11.234703588942596 11.234703588942653 11.23426872869778 11.230069225773823
11.230069499406925 11.234269009338274 11.234703871934023 11.234703871934084 11.23426900933809 11.23006949940686
11.230069759879349 11.234269276290744 11.234704141052141 11.234704141052195 11.234269276290577 11.23006975987924
11.23007000823087 11.234269530636793 11.234704397392944 11.234704397393006 11.2342695306366 11.230070008230774
11.23007024541902 11.234269773372281 11.234704641965878 11.234704641965944 11.234269773372102 11.23007024541895
11.230070472325805 11.234270005414515 11.234704875700617 11.234704875700682 11.234270005414327 11.230070472325727
11.230070689763425 11.234270227608247 11.234705099453391 11.234705099453443 11.234270227608068 11.230070689763334
11.23007089847996 11.234270440731537 11.234705314012784 11.234705314012846 11.234270440731343 11.230070898479868
11.230071099164373 11.234270645500965 11.234705520105114 11.234705520105173 11.234270645500779 11.230071099164302
11.230071292451258 11.23427084257651 11.234705718399262 11.234705718399326 11.234270842576333 11.23007129245116
11.230071478924993 11.234271032565971 11.234705909511327 11.234705909511383 11.234271032565783 11.23007147892491
11.230071659123832 11.234271216029185 11.234706094008683 11.234706094008754 11.23427121602899 11.23007165912376
11.230071833543557 11.234271393481738 11.23470627241393 11.234706272413984 11.234271393481544 11.230071833543475
11.230072002640663 11.23427156539845 11.234706445208314 11.234706445208376 11.23427156539827 11.23007200264057
11.230072166835667 11.234271732216726 11.234706612835136 11.234706612835192 11.234271732216536 11.230072166835575
11.230072326515815 11.23427189433929 11.234706775702636 11.23470677570269 11.234271894339104 11.230072326515751
11.230072482037864 11.234272052137142 11.234706934186796 11.234706934186853 11.234272052136948 11.230072482037778
11.230072633730236 11.23427220595193 11.234707088633915 11.234707088633966 11.234272205951731 11.230072633730149
11.23007278189553 11.23427235609831 11.23470723936292 11.234707239362983 11.23427235609812 11.230072781895437
11.230072926812351 11.234272502866117 11.23470738666755 11.234707386667628 11.23427250286592 11.230072926812262
11.23007306873735 11.234272646522262 11.234707530818357 11.234707530818419 11.234272646522074 11.230073068737259
11.230073207906873 11.234272787312547 11.234707672064474 11.234707672064543 11.23427278731236 11.230073207906816
11.230073344538669 11.234272925463417 11.234707810635394 11.234707810635443 11.234272925463227 11.230073344538585
11.230073478833177 11.234273061183355 11.23470794674243 11.234707946742493 11.234273061183153 11.230073478833074
11.23007361097503 11.234273194664427 11.234708080580257 11.234708080580328 11.234273194664231 11.230073610974928
11.230073741134289 11.234273326083489 11.234708212328165 11.234708212328227 11.234273326083308 11.230073741134191
11.230073869467589 11.234273455603484 11.234708342151222 11.23470834215129 11.234273455603297 11.230073869467528
11.230073996119257 11.234273583374414 11.234708470201525 11.234708470201593 11.23427358337421 11.230073996119156
11.230074121222035 11.23427370953443 11.234708596619104 11.234708596619171 11.234273709534248 11.23007412122195
11.230074244898374 11.23427383421086 11.234708721532956 11.234708721533018 11.234273834210667 11.230074244898281
11.230074367260912 11.23427395752084 11.234708845061892 11.23470884506195 11.234273957520672 11.230074367260805
11.230074488413411 11.23427407957238 11.2347089673153 11.23470896731536 11.234274079572206 11.230074488413345
11.230074608451606 11.23427420046489 11.234709088393945 11.234709088393998 11.2342742004647 11.230074608451494
11.230074727463359 11.234274320289904 11.234709208390665 11.234709208390724 11.234274320289721 11.23007472746328
11.23007484552984 11.23427443913178 11.234709327390915 11.234709327390973 11.234274439131607 11.230074845529781
11.230074962725768 11.2342745570682 11.23470944547341 11.234709445473479 11.234274557068012 11.230074962725695
11.23007507911986 11.23427467417065 11.23470956271067 11.234709562710728 11.234274674170477 11.230075079119787
11.2300751947755 11.234274790505077 11.234709679169475 11.234709679169539 11.234274790504893 11.230075194775406
11.230075309750982 11.2342749061321 11.234709794911298 11.234709794911353 11.234274906131915 11.230075309750879
11.230075424100068 11.234275021107639 11.234709909992795 11.234709909992857 11.234275021107447 11.23007542409996
11.230075537872192 11.234275135483129 11.234710024466139 11.2347100244662 11.234275135482955 11.230075537872125
11.230075651113035 11.234275249306037 11.23471013837937 11.234710138379423 11.234275249305853 11.230075651112953
11.230075763864534 11.23427536261993 11.234710251776756 11.234710251776807 11.234275362619758 11.230075763864418
11.230075876165253 11.234275475465115 11.234710364699001 11.234710364699055 11.234275475464935 11.230075876165195
11.23007598805095 11.234275587878537 11.234710477183695 11.234710477183755 11.234275587878376 11.23007598805086
11.23007609955433 11.234275699894392 11.234710589265369 11.234710589265434 11.234275699894193 11.230076099554232
11.230076210705597 11.234275811544006 11.234710700975883 11.234710700975942 11.234275811543812 11.230076210705494
11.230076321532577 11.234275922856364 11.234710812344579 11.234710812344627 11.234275922856172 11.230076321532493
11.230076432060919 11.234276033858086 11.234710923398406 11.234710923398458 11.234276033857892 11.230076432060821
11.230076542314169 11.234276144573712 11.234711034162277 11.234711034162341 11.234276144573537 11.230076542314082
11.230076652314082 11.234276255025868 11.234711144659094 11.23471114465915 11.234276255025678 11.230076652314002
11.230076762080671 11.234276365235347 11.23471125490994 11.234711254910007 11.234276365235154 11.230076762080598
11.230076871632372 11.234276475221325 11.234711364934272 11.234711364934327 11.234276475221142 11.230076871632296
11.230076980986176 11.234276585001458 11.234711474749975 11.234711474750034 11.234276585001274 11.230076980986095
11.230077090157684 11.234276694592015 11.23471158437352 11.234711584373578 11.234276694591822 11.230077090157616
11.230077199161336 11.23427680400796 11.234711693820088 11.23471169382016 11.234276804007784 11.230077199161247
11.230077308010362 11.234276913263129 11.234711803103686 11.23471180310374 11.234276913262944 11.23007730801028
11.230077416716982 11.234277022370154 11.23471191223716 11.234711912237232 11.234277022369978 11.230077416716908
11.230077525292469 11.23427713134082 11.234712021232399 11.234712021232458 11.23427713134062 11.23007752529238
11.230077633747147 11.234277240185826 11.23471213010029 11.234712130100341 11.234277240185637 11.230077633747056
11.230077742090586 11.234277348915144 11.234712238850907 11.234712238850973 11.23427734891494 11.230077742090492
11.23007785033158 11.234277457537884 11.234712347493529 11.234712347493588 11.234277457537694 11.230077850331487
11.230077958478208 11.23427756606249 11.23471245603668 11.234712456036739 11.234277566062294 11.230077958478088
11.23007806653789 11.234277674496695 11.234712564488204 11.23471256448827 11.234277674496497 11.230078066537802
11.230078174517567 11.234277782847654 11.234712672855363 11.23471267285543 11.234277782847474 11.230078174517477
11.230078282423518 11.23427789112194 11.234712781144813 11.234712781144879 11.234277891121772 11.230078282423426
11.230078390261557 11.234277999325627 11.234712889362674 11.234712889362733 11.234277999325439 11.23007839026146
11.230078498037086 11.234278107464277 11.234712997514633 11.234712997514698 11.234278107464085 11.230078498036995
11.230078605755029 11.234278215543018 11.234713105605879 11.234713105605937 11.234278215542837 11.230078605754931
11.230078713419918 11.234278323566588 11.234713213641216 11.23471321364127 11.234278323566409 11.230078713419825
11.230078821035928 11.234278431539366 11.234713321625044 11.234713321625097 11.234278431539185 11.230078821035859
11.230078928606995 11.23427853946535 11.234713429561461 11.234713429561516 11.234278539465162 11.23007892860691
11.230079036136607 11.234278647348235 11.234713537454189 11.234713537454253 11.234278647348058 11.230079036136535
11.230079143628076 11.23427875519144 11.234713645306682 11.234713645306742 11.234278755191232 11.230079143627991
11.23007925108436 11.234278862998067 11.234713753122122 11.234713753122184 11.234278862997876 11.230079251084291
11.23007935850832 11.234278970771033 11.234713860903451 11.234713860903502 11.23427897077084 11.230079358508222
11.230079465902437 11.234279078512976 11.23471396865334 11.234713968653399 11.23427907851278 11.230079465902335
11.230079573269078 11.234279186226367 11.234714076374289 11.234714076374336 11.23427918622619 11.230079573268988
11.230079680610457 11.234279293913469 11.234714184068562 11.234714184068622 11.23427929391329 11.230079680610359
11.230079787928526 11.234279401576359 11.23471429173832 11.23471429173838 11.234279401576167 11.230079787928434
11.230079895225158 11.23427950921691 11.23471439938544 11.23471439938551 11.234279509216732 11.230079895225082
