0.8888661805492604 0.8175988385411185 0.8888661805492604
1.2849452025969998 1.2079217420867063 1.2849452025970003
1.7168723278812585 1.6337020466861851 1.7168723278812585
2.2105382164876746 2.119996223684821 2.2105382164876755
2.775705125082883 2.677456927301913 2.7757051250828826
3.4129381447788494 3.3077834036612233 3.412938144778848
4.113931534488902 4.003879641555635 4.113931534488901
4.861698698285677 4.749856769588087 4.861698698285671
5.632147414261948 5.5223621537187855 5.632147414261948
6.397303792606442 6.2935997858377135 6.397303792606438
7.129541991522817 7.035501963936533 7.12954199152281
7.805626155081949 7.723894961014263 7.805626155081941
8.409434127626318 8.341473578298013 8.409434127626303
8.932831808610459 8.878946182788598 8.932831808610448
9.374895656422067 9.334454580333047 9.374895656422057
9.740139344511446 9.711887495012396 9.74013934451146
10.036462814946985 10.018821637996437 10.036462814946983
10.273335847895806 10.26464277021039 10.273335847895794
10.460453209326678 10.459122153976645 10.460453209326666
10.606886043384728 10.611497267026937 10.606886043384714
10.720641347691691 10.729978566410386 10.720641347691675
10.808508009954878 10.821561425611488 10.808508009954869
10.8760788868255 10.892029114973342 10.876078886825475
10.927865830431841 10.946059156670309 10.92786583043182
10.967452645517117 10.987374066754695 10.967452645517096
10.997653318241614 11.018900924639365 10.997653318241609
11.020658375112143 11.042920734024419 11.020658375112129
11.038161988636041 11.061199063626487 11.038161988636032
11.051468061937001 11.075095590073644 11.051468061936978
11.061576440484872 11.085653403544104 11.06157644048485
11.069251684994166 11.093670408709627 11.06925168499416
11.075077210453356 11.099755623449633 11.075077210453339
11.079497496838856 11.104373125205933 11.079497496838831
11.08285076773198 11.107876102894124 11.082850767731962
11.085394157225227 11.11053309837221 11.085394157225224
11.08732301631223 11.112548146870962 11.087323016312224
11.088785680284962 11.11407618791217 11.088785680284943
11.089894739530934 11.11523483044779 11.089894739530925
11.090735627468948 11.11611331929853 11.09073562746893
11.091373156108151 11.116779359811801 11.091373156108162
11.091856485047831 11.11728430726757 11.091856485047808
11.092222896739198 11.117667109943639 11.092222896739187
11.092500663251366 11.117957303502914 11.092500663251343
11.092711222282267 11.118177283989484 11.09271122228224
11.092870828346493 11.11834403267586 11.092870828346465
11.092991805428591 11.118470424634836 11.092991805428568
11.093083497125592 11.118566221317955 11.093083497125575
11.093152987237684 11.118638823342375 11.093152987237675
11.093205646210851 11.118693841355725 11.093205646210833
11.093245545486807 11.11873552890895 11.093245545486784
11.093275771673104 11.118767110672922 11.093275771673085
11.093298664743877 11.118791031290929 11.093298664743873
11.09331599863533 11.118809144050244 11.093315998635312
11.093329118163615 11.118822853923787 11.09332911816361
11.0933390428265 11.118833226014207 11.0933390428265
11.093346545497592 11.11884106776814 11.093346545497575
11.093352212085316 11.118846991303691 11.09335221208531
11.093356486760952 11.118851460661448 11.093356486760939
11.093359706245653 11.118854827625432 11.093359706245653
11.093362125803905 11.11885735887899 11.0933621258039
11.093363938948478 11.118859256591495 11.093363938948468
11.093365292378959 11.11886067402506 11.093365292378953
11.09336629730639 11.118861727365605 11.093366297306371
11.093367038038455 11.118862504692208 11.093367038038437
11.093367578487557 11.118863072776376 11.093367578487548
11.093367967104978 11.118863482236781 11.093367967104964
11.093368240620851 11.118863771446712 11.093368240620844
11.093368426879831 11.118863969496354 11.093368426879833
11.093368546990607 11.118864098438689 11.093368546990591
11.093368616955301 11.118864174991716 11.093368616955274
11.093368648904955 11.118864211829145 11.093368648904953
11.093368652035945 11.118864218558713 11.093368652035933
11.093368633319919 11.118864202463952 11.093368633319916
11.093368598041966 11.118864169066377 11.09336859804194
11.093368550208618 11.118864122551784 11.093368550208599
11.093368492857222 11.11886406609335 11.093368492857207
11.093368428290344 11.118864002096629 11.093368428290317
11.09336835825349 11.118863932385258 11.093368358253459
11.093368284069927 11.118863858341653 11.093368284069902
11.0933682067428 11.118863781013891 11.093368206742781
11.09336812703258 11.118863701196414 11.09336812703255
11.093368045515746 11.118863619491545 11.09336804551575
11.093367962629404 11.11886353635586 11.093367962629394
11.093367878704822 11.118863452135502 11.093367878704807
11.093367793993153 11.118863367092862 11.093367793993139
11.093367708684822 11.118863281426849 11.093367708684804
11.093367622924156 11.11886319528828 11.093367622924143
11.09336753682061 11.118863108791462 11.093367536820594
11.093367450457109 11.118863022023078 11.093367450457079
11.093367363896537 11.118862935048798 11.093367363896517
11.09336727718656 11.118862847918475 11.093367277186553
11.09336719036335 11.118862760669806 11.093367190363333
11.093367103454286 11.118862673331455 11.093367103454266
11.093367016480142 11.118862585925124 11.093367016480128
11.093366929456655 11.118862498467228 11.093366929456643
11.093366842395753 11.11886241097025 11.093366842395731
11.093366755306489 11.118862323443647 11.093366755306487
11.093366668195753 11.118862235894618 11.093366668195724
11.093366581068715 11.118862148328528 11.093366581068702
11.093366493929327 11.118862060749555 11.093366493929317
11.09336640678055 11.118861973160778 11.093366406780552
11.093366319624707 11.118861885564588 11.093366319624687
11.093366232463469 11.118861797962785 11.09336623246345
11.093366145298155 11.118861710356741 11.093366145298146
11.093366058129746 11.118861622747453 11.093366058129732
11.09336597095899 11.118861535135702 11.093365970958983
11.093365883786468 11.118861447522105 11.093365883786468
11.093365796612622 11.118861359907097 11.093365796612595
11.093365709437707 11.118861272291026 11.09336570943769
11.093365622262029 11.118861184674152 11.093365622262004
11.093365535085772 11.118861097056636 11.093365535085749
11.093365447909056 11.118861009438664 11.093365447909045
11.09336536073201 11.118860921820364 11.093365360732008
11.093365273554742 11.118860834201806 11.093365273554717
11.093365186377252 11.118860746583012 11.093365186377238
11.09336509919963 11.118860658964072 11.093365099199614
11.09336501202187 11.118860571345037 11.093365012021856
11.093364924844051 11.118860483725896 11.093364924844039
11.093364837666162 11.118860396106724 11.09336483766614
11.093364750488206 11.118860308487443 11.093364750488199
11.093364663310247 11.118860220868147 11.09336466331023
11.093364576132217 11.118860133248825 11.093364576132208
11.093364488954196 11.11886004562948 11.093364488954188
11.093364401776162 11.118859958010127 11.09336440177616
11.093364314598126 11.118859870390766 11.093364314598112
11.093364227420079 11.118859782771398 11.093364227420048
11.093364140241997 11.118859695152008 11.093364140241986
11.093364053063938 11.118859607532613 11.093364053063928
11.093363965885855 11.11885951991322 11.09336396588584
11.09336387870778 11.118859432293839 11.09336387870778
11.093363791529718 11.118859344674455 11.093363791529708
11.093363704351646 11.118859257055052 11.09336370435162
11.093363617173573 11.118859169435645 11.093363617173559
11.093363529995493 11.118859081816247 11.09336352999549
11.093363442817406 11.118858994196854 11.093363442817385
11.09336335563934 11.118858906577465 11.093363355639326
11.093363268461257 11.11885881895807 11.09336326846125
11.09336318128319 11.118858731338669 11.093363181283168
11.093363094105102 11.118858643719264 11.09336309410509
11.093363006927012 11.118858556099857 11.093363006927014
11.093362919748943 11.11885846848047 11.093362919748929
11.093362832570872 11.11885838086108 11.09336283257086
11.093362745392804 11.118858293241694 11.093362745392781
11.093362658214732 11.118858205622283 11.093362658214716
11.093362571036655 11.118858118002898 11.093362571036641
11.093362483858591 11.118858030383509 11.093362483858566
11.093362396680503 11.118857942764116 11.093362396680506
11.093362309502417 11.118857855144727 11.09336230950243
11.093362222324371 11.118857767525329 11.093362222324348
11.093362135146293 11.118857679905942 11.093362135146291
11.09336204796823 11.118857592286547 11.093362047968212
11.093361960790146 11.118857504667163 11.093361960790133
11.093361873612091 11.118857417047781 11.09336187361207
11.093361786434034 11.118857329428373 11.093361786434011
11.093361699255954 11.11885724180898 11.093361699255937
11.093361612077896 11.118857154189618 11.09336161207788
11.093361524899828 11.118857066570238 11.09336152489981
11.093361437721756 11.118856978950838 11.093361437721747
11.093361350543692 11.118856891331458 11.093361350543683
11.09336126336562 11.11885680371206 11.093361263365608
11.093361176187566 11.118856716092683 11.093361176187559
11.093361089009505 11.118856628473301 11.09336108900949
11.093361001831436 11.118856540853923 11.09336100183143
11.093360914653383 11.118856453234546 11.093360914653367
11.093360827475342 11.118856365615164 11.09336082747531
11.093360740297257 11.11885627799579 11.093360740297237
11.093360653119204 11.118856190376404 11.09336065311919
11.093360565941127 11.118856102757011 11.093360565941122
11.093360478763085 11.118856015137652 11.09336047876306
11.093360391585032 11.118855927518265 11.093360391585016
11.09336030440696 11.118855839898897 11.093360304406945
11.093360217228918 11.118855752279522 11.093360217228888
11.093360130050845 11.11885566466015 11.093360130050824
11.093360042872817 11.118855577040762 11.093360042872796
11.09335995569473 11.118855489421383 11.09335995569474
11.09335986851668 11.118855401802017 11.093359868516666
11.093359781338632 11.118855314182651 11.093359781338615
11.093359694160586 11.118855226563294 11.093359694160565
11.093359606982549 11.118855138943932 11.093359606982533
11.093359519804496 11.11885505132455 11.093359519804482
11.093359432626425 11.118854963705171 11.093359432626414
11.093359345448379 11.118854876085795 11.093359345448368
11.093359258270338 11.118854788466434 11.093359258270334
11.09335917109229 11.118854700847074 11.093359171092295
11.093359083914251 11.118854613227704 11.093359083914239
11.093358996736203 11.118854525608349 11.093358996736194
11.093358909558184 11.118854437988986 11.093358909558155
11.09335882238013 11.118854350369602 11.093358822380097
11.093358735202084 11.11885426275025 11.093358735202061
11.093358648024031 11.118854175130886 11.093358648024015
11.093358560845994 11.118854087511517 11.093358560845974
11.093358473667942 11.118853999892158 11.093358473667932
11.093358386489925 11.118853912272801 11.093358386489898
11.093358299311854 11.118853824653426 11.093358299311834
11.093358212133815 11.118853737034062 11.093358212133806
11.093358124955781 11.118853649414685 11.09335812495577
11.093358037777763 11.11885356179536 11.09335803777775
11.093357950599723 11.118853474176007 11.0933579505997
11.09335786342168 11.11885338655666 11.09335786342167
11.093357776243652 11.118853298937294 11.093357776243623
11.093357689065597 11.118853211317923 11.093357689065586
11.09335760188756 11.118853123698578 11.09335760188755
11.093357514709528 11.118853036079225 11.093357514709515
11.093357427531481 11.118852948459864 11.093357427531476
11.093357340353467 11.118852860840509 11.09335734035344
11.093357253175425 11.118852773221164 11.093357253175416
11.093357165997402 11.118852685601803 11.09335716599739
11.09335707881937 11.118852597982462 11.093357078819349
11.09335699164133 11.118852510363121 11.093356991641325
11.09335690446331 11.118852422743766 11.093356904463294
11.093356817285276 11.11885233512441 11.093356817285263
11.093356730107239 11.118852247505046 11.09335673010723
11.093356642929223 11.118852159885702 11.093356642929209
11.093356555751194 11.118852072266366 11.093356555751177
11.093356468573175 11.118851984647007 11.093356468573147
11.093356381395159 11.118851897027678 11.093356381395118
11.093356294217125 11.118851809408325 11.093356294217097
11.093356207039083 11.118851721788976 11.093356207039069
11.093356119861062 11.118851634169651 11.093356119861044
11.093356032683067 11.118851546550307 11.09335603268304
11.093355945505042 11.11885145893097 11.093355945505023
11.093355858327032 11.118851371311631 11.093355858327003
11.093355771148984 11.118851283692294 11.09335577114897
11.09335568397097 11.118851196072937 11.093355683970957
11.09335559679294 11.118851108453603 11.093355596792927
11.093355509614913 11.118851020834251 11.09335550961491
11.093355422436915 11.118850933214906 11.093355422436899
11.09335533525889 11.118850845595569 11.093355335258872
11.09335524808088 11.118850757976224 11.093355248080844
11.093355160902837 11.118850670356895 11.093355160902824
11.09335507372484 11.118850582737569 11.093355073724805
11.093354986546805 11.118850495118226 11.093354986546787
11.09335489936881 11.118850407498895 11.09335489936878
11.093354812190789 11.118850319879563 11.09335481219077
11.093354725012786 11.118850232260247 11.093354725012759
11.093354637834741 11.1188501446409 11.093354637834745
11.093354550656752 11.118850057021575 11.093354550656748
11.093354463478741 11.11884996940225 11.093354463478725
11.093354376300717 11.118849881782898 11.093354376300715
11.093354289122727 11.118849794163577 11.09335428912271
11.09335420194471 11.118849706544243 11.093354201944694
11.093354114766708 11.118849618924925 11.093354114766687
11.093354027588699 11.118849531305594 11.093354027588683
11.09335394041069 11.118849443686251 11.093353940410672
11.093353853232687 11.118849356066933 11.093353853232658
11.093353766054674 11.118849268447608 11.093353766054655
11.09335367887668 11.118849180828299 11.09335367887666
11.093353591698682 11.118849093208977 11.093353591698655
11.093353504520653 11.11884900558964 11.093353504520655
11.093353417342687 11.118848917970322 11.093353417342644
11.09335333016467 11.118848830351002 11.093353330164664
11.09335324298666 11.118848742731686 11.093353242986646
11.093353155808657 11.118848655112359 11.093353155808654
11.093353068630677 11.118848567493039 11.093353068630654
11.093352981452647 11.118848479873728 11.093352981452643
11.093352894274663 11.11884839225441 11.093352894274647
11.093352807096673 11.118848304635096 11.093352807096657
11.093352719918675 11.118848217015765 11.093352719918652
11.093352632740674 11.118848129396458 11.093352632740658
11.09335254556265 11.118848041777134 11.093352545562658
11.093352458384672 11.11884795415782 11.093352458384647
11.09335237120669 11.118847866538506 11.09335237120667
11.093352284028695 11.118847778919193 11.093352284028667
11.093352196850686 11.11884769129988 11.093352196850686
11.093352109672699 11.118847603680564 11.093352109672697
11.093352022494704 11.11884751606124 11.093352022494697
11.093351935316726 11.11884742844194 11.093351935316713
11.09335184813873 11.118847340822631 11.09335184813871
11.093351760960743 11.118847253203311 11.093351760960724
11.093351673782738 11.118847165584015 11.093351673782722
11.093351586604758 11.118847077964707 11.09335158660475
11.093351499426772 11.118846990345402 11.093351499426754
11.093351412248783 11.1188469027261 11.09335141224877
11.093351325070799 11.118846815106796 11.093351325070797
11.093351237892813 11.118846727487487 11.093351237892799
11.09335115071484 11.118846639868194 11.093351150714815
11.093351063536856 11.118846552248888 11.093351063536833
11.093350976358874 11.118846464629575 11.093350976358849
11.093350889180885 11.118846377010275 11.093350889180874
11.093350802002892 11.118846289390971 11.093350802002881
11.093350714824933 11.118846201771682 11.093350714824906
11.093350627646943 11.11884611415238 11.093350627646936
11.093350540468972 11.11884602653309 11.09335054046896
11.093350453290963 11.118845938913767 11.09335045329095
11.093350366112999 11.118845851294461 11.09335036611297
11.093350278935015 11.118845763675163 11.093350278934997
11.093350191757038 11.118845676055866 11.093350191757024
11.093350104579066 11.118845588436598 11.09335010457906
11.093350017401107 11.118845500817287 11.093350017401084
11.09334993022313 11.118845413197993 11.093349930223098
11.093349843045136 11.118845325578699 11.093349843045125
11.09334975586716 11.118845237959412 11.093349755867154
11.093349668689177 11.118845150340114 11.093349668689166
11.093349581511202 11.118845062720805 11.093349581511191
11.093349494333246 11.118844975101513 11.093349494333225
11.09334940715526 11.11884488748223 11.093349407155241
11.093349319977287 11.118844799862925 11.093349319977277
11.09334923279932 11.118844712243646 11.093349232799302
11.093349145621353 11.118844624624371 11.093349145621335
11.093349058443383 11.118844537005069 11.093349058443353
