0.6064020567914594 0.5517397032749042 0.5416128241404012 0.5416128241404028 0.5517397032749095 0.6064020567914603
0.7631633812945287 0.6957925450713399 0.6771718577190554 0.6771718577190579 0.695792545071347 0.7631633812945308
0.894730203298956 0.8201242996826111 0.7940522618942412 0.7940522618942439 0.820124299682617 0.8947302032989578
1.016838026847386 0.9378686122199564 0.9055905933657044 0.9055905933657062 0.9378686122199613 1.0168380268473878
1.1355774130093053 1.05396288124747 1.0166312126841361 1.0166312126841386 1.0539628812474748 1.1355774130093073
1.2542119314489384 1.1710297288024711 1.129613071264873 1.129613071264876 1.1710297288024762 1.2542119314489402
1.3748086450185806 1.2907427141663546 1.246017594685998 1.2460175946859988 1.2907427141663597 1.3748086450185806
1.4988149283541865 1.4142949469967114 1.3668673762514023 1.3668673762514028 1.4142949469967154 1.4988149283541863
1.6273112567839279 1.5425983710641384 1.4929337402557268 1.4929337402557261 1.5425983710641435 1.6273112567839263
1.761137837509884 1.6763806201932725 1.6248330583875163 1.624833058387517 1.6763806201932765 1.761137837509882
1.9009635093790085 1.8162359738120248 1.76307403039632 1.7630740303963177 1.816235973812027 1.900963509379006
2.0473248661596304 1.9626530485655362 1.9080810114624198 1.9080810114624183 1.9626530485655371 2.0473248661596255
2.200648581868539 2.116029548153053 2.060204687246909 2.0602046872469053 2.1160295481530538 2.2006485818685344
2.361263636279205 2.2766793199515454 2.2197256641540166 2.219725664154013 2.2766793199515454 2.361263636279198
2.5294072328868427 2.444834660437031 2.386853951009503 2.3868539510094973 2.444834660437029 2.5294072328868342
2.705226746148329 2.620645677903763 2.5617260640124604 2.5617260640124533 2.6206456779037617 2.705226746148318
2.8887792570481996 2.8041779286071296 2.744400862447398 2.7444008624473915 2.8041779286071256 2.8887792570481885
3.080029796644441 2.995409216544311 2.9348548986154634 2.9348548986154555 2.9954092165443056 3.0800297966444288
3.2788491546106386 3.1942262577408513 3.1329778909406256 3.132977890940614 3.194226257740845 3.278849154610622
3.4850119408523508 3.400421790605487 3.338568828309595 3.338568828309584 3.4004217906054786 3.4850119408523317
3.6981954672814847 3.613692627996335 3.5513331458163426 3.551333145816328 3.6136926279963215 3.698195467281462
3.917979917191882 3.833639072729599 3.770881354369458 3.770881354369444 3.833639072729586 3.917979917191858
4.143850175615319 4.059766043628271 3.9967294459526497 3.9967294459526337 4.059766043628257 4.14385017561529
4.375199596610997 4.291486176681609 4.228301325513412 4.2283013255133906 4.291486176681594 4.375199596610975
4.611335878571661 4.52812507237177 4.464933436458767 4.464933436458745 4.528125072371755 4.611335878571627
4.851489106001295 4.768928755915756 4.705881649792497 4.7058816497924685 4.768928755915732 4.851489106001254
5.094821898530132 5.013073305008542 4.950330379977943 4.950330379977912 5.013073305008519 5.094821898530089
5.3404414901937 5.259676484775435 5.197403778792273 5.197403778792243 5.2596764847754045 5.340441490193652
5.587413450769072 5.507811118731872 5.446178748478682 5.446178748478649 5.5078111187318415 5.587413450769018
5.834776663458429 5.756519825044161 5.695699414969868 5.6956994149698295 5.75651982504412 5.834776663458369
6.081559096400326 6.004830666586882 5.944992618399336 5.9449926183992945 6.0048306665868445 6.08155909640027
6.326793855165906 6.251773207476288 6.193083918181179 6.193083918181135 6.251773207476246 6.326793855165844
6.569534983414816 6.496394442373974 6.439013578550406 6.439013578550356 6.4963944423739255 6.569534983414749
6.808872490625548 6.737774069945918 6.681852000204261 6.681852000204207 6.737774069945872 6.808872490625468
7.043946127975408 6.97503861779329 6.920714094481648 6.920714094481592 6.975038617793246 7.0439461279753335
7.27395750216762 7.207373989664319 7.1547721556003125 7.154772155600254 7.207373989664266 7.273957502167534
7.498180206317096 7.434036091302938 7.383266868718399 7.383266868718337 7.434036091302889 7.498180206317008
7.715967749527749 7.654359291765625 7.60551619014299 7.605516190142918 7.654359291765557 7.71596774952766
7.926759174534908 7.8677625845336365 7.820921943051315 7.820921943051241 7.867762584533561 7.926759174534821
8.130082358001479 8.073753419395672 8.028974079690176 8.028974079690101 8.073753419395606 8.130082358001378
8.325555083957784 8.271929274818783 8.229252661917815 8.229252661917737 8.271929274818694 8.325555083957681
8.51288406218286 8.461977125701518 8.4214277001932 8.421427700193115 8.46197712570144 8.51288406218274
8.691862126560324 8.643671029110148 8.605257062451004 8.605257062450919 8.643671029110063 8.691862126560197
8.86236389200095 8.81686809880603 8.780582716347256 8.780582716347162 8.816868098805932 8.862363892000834
9.024340172522157 8.981503167826647 8.94732560054888 8.947325600548787 8.981503167826563 9.024340172522049
9.177811469055282 9.137582448331665 9.10547943406491 9.105479434064817 9.137582448331573 9.177811469055142
9.322860826090082 9.285176491746792 9.255103769274854 9.25510376927475 9.285176491746707 9.322860826089945
9.459626334558786 9.42441273302539 9.396316577294813 9.39631657729471 9.424412733025285 9.459626334558669
9.588293527832278 9.555467874005888 9.52928662701257 9.529286627012453 9.555467874005792 9.58829352783216
9.709087881685113 9.67856032575795 9.65422588493364 9.654225884933522 9.678560325757838 9.709087881684967
9.822267590577178 9.793942891572833 9.771382125079144 9.771382125079024 9.793942891572721 9.822267590577049
9.928116754109924 9.901895833501932 9.88103189929778 9.881031899297657 9.901895833501818 9.92811675410978
10.02693907099295 10.002720428164098 9.983473980693708 9.983473980693594 10.00272042816398 10.02693907099276
10.119052104689219 10.09673308344496 10.079023358053895 10.07902335805378 10.09673308344485 10.119052104689061
10.204782155956499 10.184260057678795 10.168005828261563 10.168005828261443 10.184260057678697 10.204782155956329
10.284459753181219 10.265632797448292 10.250753207303003 10.250753207302873 10.265632797448175 10.28445975318105
10.358415751772597 10.341183889391537 10.327599158809226 10.3275991588091 10.341183889391404 10.35841575177243
10.426978018726555 10.411243605211089 10.39887562201453 10.398875622014407 10.41124360521098 10.426978018726366
10.490468667397252 10.476137007077707 10.464909808230978 10.464909808230846 10.47613700707759 10.49046866739707
10.549201800019794 10.536181572327573 10.526021725968459 10.526021725968333 10.536181572327447 10.54920180001964
10.603481711061862 10.591685291223337 10.582522189133984 10.582522189133847 10.591685291223213 10.603481711061724
10.653601502492858 10.642945189025912 10.634711259764066 10.634711259763929 10.642945189025774 10.653601502492693
10.699842062018108 10.690246223173931 10.682877075938238 10.682877075938107 10.690246223173794 10.699842062017932
10.742471356761214 10.73386050750101 10.727295016391258 10.727295016391132 10.733860507500882 10.742471356760996
10.781743997372393 10.774046817707465 10.768227155442364 10.768227155442222 10.77404681770734 10.781743997372196
10.817901030747809 10.811050335378413 10.805921964816585 10.805921964816447 10.811050335378281 10.817901030747603
10.851169923175293 10.845102591402677 10.84061422242928 10.840614222429144 10.845102591402535 10.851169923175107
10.881764699554033 10.876421573456287 10.872525091990573 10.872525091990429 10.87642157345615 10.881764699553846
10.909886208189267 10.905211966085961 10.901862341165456 10.901862341165327 10.90521196608583 10.909886208189072
10.935722484417953 10.931665495722298 10.928820669850742 10.9288206698506 10.931665495722136 10.935722484417742
10.959449189880972 10.955961356572866 10.953582123795968 10.953582123795831 10.955961356572738 10.959449189880775
10.98123010756881 10.978266696726156 10.976316572232703 10.976316572232564 10.97826669672601 10.981230107568605
11.001217675792075 10.998737146897303 10.997182231338774 10.997182231338623 10.998737146897179 11.001217675791894
11.019553546955972 11.017517377051458 11.016326218230205 11.016326218230063 11.017517377051316 11.019553546955754
11.036369159440742 11.034741668639633 11.033885122737736 11.033885122737603 11.034741668639494 11.036369159440525
11.05178631302657 11.05053449238946 11.049985586489424 11.049985586489287 11.050534492389325 11.051786313026398
11.065917740157097 11.06501108351694 11.064744880803326 11.064744880803186 11.065011083516794 11.065917740156902
11.078867666938416 11.078278007890681 11.078271476609306 11.078271476609162 11.078278007890537 11.078867666938239
11.090732359141429 11.090433714104513 11.090665601091223 11.090665601091075 11.090433714104375 11.09073235914122
11.101600649632495 11.10156906762395 11.102019776992227 11.102019776992076 11.101569067623787 11.10160064963232
11.111554444633038 11.111767864189543 11.11241934158021 11.112419341580058 11.111767864189416 11.111554444632818
11.12066920701602 11.121107320508223 11.121942943150827 11.121942943150678 11.121107320508095 11.120669207015832
11.12901441551625 11.129658540962334 11.130663013673463 11.13066301367332 11.129658540962186 11.129014415516062
11.136653999271223 11.137486959639478 11.138646216781426 11.138646216781275 11.137486959639354 11.136653999271033
11.143646747549312 11.144652757446172 11.145953870789658 11.145953870789512 11.144652757446025 11.143646747549118
11.150046694866571 11.151211254435902 11.152642346808335 11.152642346808188 11.151211254435768 11.150046694866369
11.155903481965218 11.157213277771184 11.158763442323139 11.15876344232299 11.157213277771042 11.155903481965042
11.161262693333052 11.16270550595849 11.164364730846705 11.164364730846556 11.16270550595835 11.161262693332842
11.166166172096018 11.167730790161833 11.169489888421143 11.169489888421001 11.167730790161695 11.166166172095842
11.170652313227 11.17232845351888 11.174178997878693 11.174178997878538 11.172328453518718 11.170652313226787
11.174756336084695 11.176534569465087 11.178468831856193 11.178468831856042 11.176534569464943 11.174756336084522
11.178510537343712 11.18038222012198 11.182393115614696 11.182393115614548 11.180382220121832 11.17851053734355
11.181944525394286 11.183901735830556 11.185982770745184 11.185982770745046 11.18390173583041 11.181944525394115
11.185085437294429 11.18712091691749 11.18926614085129 11.189266140851144 11.187120916917344 11.185085437294266
11.1879581393435 11.190065238771314 11.192269200291724 11.19226920029157 11.190065238771162 11.187958139343309
11.190585412321605 11.192758041284108 11.19501574704644 11.195015747046284 11.192758041283975 11.190585412321413
11.192988122408353 11.19522070368401 11.197527580740394 11.197527580740237 11.19522070368387 11.192988122408138
11.195185378754283 11.197472805745122 11.19982466682237 11.199824666822218 11.197472805744976 11.195185378754095
11.197194678636857 11.19953227632063 11.201925287855142 11.201925287855001 11.199532276320486 11.197194678636643
11.199032041085696 11.201415530098714 11.203846182827993 11.203846182827842 11.201415530098586 11.199032041085523
11.200712129817123 11.203137593434151 11.205602675355923 11.205602675355781 11.203137593433986 11.200712129816916
11.202248366266994 11.204712220060538 11.207208791581968 11.207208791581808 11.204712220060388 11.202248366266785
11.203653033467281 11.206151997441186 11.208677368551111 11.20867736855096 11.206151997441042 11.203653033467075
11.204937371461886 11.207468444468093 11.210020153777078 11.210020153776933 11.207468444467938 11.20493737146168
11.206111664913717 11.208672101174145 11.211247896676829 11.21124789667668 11.208672101174015 11.206111664913502
11.207185323510792 11.209772611078623 11.212370432503022 11.212370432502881 11.209772611078465 11.207185323510584
11.208166955737166 11.210778796743076 11.213396759361464 11.213396759361313 11.210778796742925 11.208166955736935
11.209064436533788 11.211698729075133 11.21433510885954 11.214335108859384 11.211698729074978 11.209064436533584
11.209884969338091 11.212539790877937 11.215193010892495 11.21519301089234 11.212539790877791 11.209884969337882
11.210635142952949 11.213308735107365 11.215977353037381 11.215977353037227 11.213308735107223 11.210635142952766
11.211320983664226 11.214011738264288 11.21669443498968 11.21669443498953 11.214011738264166 11.211320983664036
11.211948002992465 11.214654449317033 11.217350018444822 11.217350018444677 11.214654449316889 11.211948002992225
11.212521241435981 11.21524203451886 11.217949372796056 11.21794937279591 11.215242034518727 11.212521241435773
11.213045308534644 11.215779218457419 11.218497316991565 11.218497316991407 11.215779218457262 11.213045308534445
11.213524419556904 11.216270321645858 11.21899825786669 11.218998257866536 11.216270321645718 11.213524419556698
11.213962429090069 11.21671929494245 11.219456225242926 11.219456225242782 11.216719294942292 11.213962429089865
11.21436286179093 11.217129751060744 11.21987490406113 11.219874904060974 11.217129751060599 11.21436286179071
11.214728940532707 11.217504993413325 11.220257663796033 11.220257663795879 11.217504993413183 11.214728940532495
11.215063612166311 11.21784804251092 11.220607585378602 11.220607585378465 11.217848042510777 11.215063612166103
11.215369571095076 11.218161660121876 11.220927485834787 11.22092748583465 11.218161660121728 11.215369571094891
11.215649280846996 11.218448371379637 11.221219940831848 11.221219940831709 11.21844837137951 11.215649280846796
11.21590499381208 11.218710485010611 11.221487305308335 11.22148730530818 11.21871048501047 11.215904993811888
11.216138769300398 11.218950111840725 11.221731732348694 11.221731732348545 11.218950111840583 11.21613876930016
11.21635249006122 11.219169181726036 11.221955190450878 11.221955190450723 11.219169181725903 11.216352490060995
11.216547877394827 11.219369459040195 11.222159479322242 11.222159479322093 11.21936945904006 11.216547877394648
11.216726504974798 11.219552556841148 11.222346244328618 11.222346244328456 11.219552556840998 11.21672650497454
11.216889811490303 11.219719949828823 11.222516989710373 11.222516989710227 11.219719949828653 11.21688981149005
11.217039112209536 11.219872986196414 11.222673090670149 11.222673090670002 11.219872986196266 11.217039112209337
11.217175609554705 11.22001289846928 11.222815804428013 11.222815804427869 11.220012898469125 11.217175609554506
11.217300402772764 11.220140813417114 11.222946280331758 11.2229462803316 11.22014081341697 11.217300402772567
11.217414496779671 11.220257761118987 11.223065569102685 11.223065569102527 11.220257761118821 11.217414496779458
11.217518810247707 11.220364683252445 11.22317463129079 11.22317463129064 11.220364683252289 11.21751881024749
11.217614183000794 11.22046244067366 11.223274345006116 11.22327434500596 11.220462440673527 11.217614183000599
11.217701382776717 11.220551820348653 11.223365512988563 11.223365512988417 11.220551820348504 11.217701382776482
11.217781111409984 11.220633541690699 11.223448869072316 11.223448869072165 11.220633541690557 11.217781111409758
11.217854010485606 11.220708262355338 11.223525084096476 11.223525084096329 11.22070826235519 11.217854010485413
11.217920666508162 11.220776583538614 11.22359477130957 11.223594771309408 11.220776583538486 11.21792066650795
11.217981615627673 11.220839054821537 11.223658491310701 11.223658491310562 11.220839054821406 11.21798161562745
11.218037347960857 11.220896178599038 11.223716756567486 11.223716756567338 11.220896178598878 11.218037347960667
11.21808831154176 11.220948414129417 11.22377003554641 11.22377003554627 11.22094841412928 11.218088311541559
11.218134915933383 11.220996181236764 11.223818756489258 11.223818756489106 11.220996181236625 11.218134915933186
11.218177535529957 11.221039863695415 11.223863310865566 11.223863310865418 11.221039863695257 11.218177535529756
11.218216512575701 11.221079812324481 11.223904056529141 11.223904056528992 11.22107981232434 11.218216512575518
11.218252159924825 11.221116347816968 11.223941320603618 11.223941320603481 11.22111634781682 11.218252159924635
11.218284763564569 11.221149763325876 11.223975402120637 11.223975402120491 11.221149763325723 11.21828476356438
11.21831458492192 11.221180326828645 11.224006574431534 11.224006574431387 11.2211803268285 11.218314584921714
11.21834186297218 11.221208283288739 11.224035087412222 11.224035087412068 11.221208283288592 11.218341862971979
11.218366816166888 11.221233856631523 11.224061169478766 11.224061169478613 11.221233856631379 11.218366816166679
11.218389644195932 11.22125725155082 11.22408502943003 11.224085029429883 11.22125725155068 11.218389644195723
11.21841052959872 11.221278655160171 11.224106858132135 11.224106858131973 11.221278655160054 11.218410529598506
11.218429639236813 11.221298238502587 11.224126830058324 11.22412683005817 11.221298238502436 11.218429639236604
11.21844712564032 11.221316157930362 11.224145104696724 11.22414510469657 11.221316157930211 11.218447125640104
11.218463128238565 11.221332556366926 11.224161827837158 11.224161827837005 11.221332556366768 11.218463128238351
11.218477774485216 11.221347564459874 11.224177132747501 11.224177132747355 11.221347564459725 11.218477774485004
11.2184911808867 11.221361301635323 11.224191141249108 11.224191141248962 11.221361301635179 11.218491180886508
11.218503453942517 11.221373877061628 11.22420396469984 11.22420396469969 11.22137387706148 11.218503453942281
11.218514691004371 11.221385390530303 11.224215704892703 11.22421570489255 11.221385390530155 11.218514691004165
11.218524981062243 11.221395933261396 11.22422645487732 11.224226454877162 11.221395933261253 11.218524981062068
11.218534405462322 11.221405588639634 11.22423629971083 11.224236299710686 11.22140558863949 11.21853440546211
11.218543038563384 11.221414432887432 11.22424531714448 11.224245317144334 11.221414432887293 11.218543038563187
11.21855094833727 11.221422535679997 11.224253578250933 11.22425357825078 11.221422535679842 11.218550948337064
11.218558196917146 11.221429960707699 11.224261147998018 11.224261147997874 11.221429960707544 11.218558196916943
11.218564841099257 11.221436766190106 11.224268085773065 11.224268085772916 11.221436766189967 11.21856484109906
11.218570932801137 11.221443005345929 11.224274445862184 11.224274445862035 11.221443005345801 11.21857093280092
11.218576519480735 11.221448726822503 11.224280277888441 11.224280277888287 11.221448726822372 11.21857651948051
11.218581644519453 11.221453975088444 11.224285627212385 11.224285627212238 11.221453975088291 11.21858164451923
11.218586347572323 11.22145879079257 11.224290535298199 11.22429053529804 11.22145879079245 11.218586347572112
11.218590664888017 11.22146321109209 11.224295040048341 11.224295040048172 11.22146321109195 11.218590664887829
11.218594629601563 11.221467269952404 11.224299176109472 11.224299176109328 11.221467269952262 11.218594629601396
11.218598272001682 11.221470998421307 11.224302975152185 11.224302975152034 11.221470998421173 11.21859827200152
11.218601619775324 11.221474424879654 11.224306466126555 11.224306466126409 11.221474424879503 11.218601619775116
11.218604698231035 11.221477575270368 11.224309675495864 11.224309675495718 11.221477575270217 11.218604698230848
11.218607530503549 11.221480473307842 11.224312627450216 11.22431262745007 11.2214804733077 11.21860753050335
11.218610137740166 11.221483140669507 11.224315344101797 11.224315344101642 11.22148314066936 11.218610137739976
11.2186125392717 11.221485597170593 11.224317845663323 11.224317845663167 11.221485597170453 11.218612539271518
11.218614752768486 11.221487860924277 11.224320150611257 11.224320150611106 11.221487860924134 11.21861475276829
11.218616794382887 11.221489948487772 11.224322275834927 11.224322275834787 11.221489948487617 11.218616794382667
11.218618678879789 11.22149187499599 11.22432423677286 11.224324236772711 11.221491874995861 11.21861867887957
11.218620419755782 11.221493654283819 11.22432604753741 11.224326047537255 11.221493654283684 11.218620419755585
11.218622029348133 11.221495298997674 11.224327721028628 11.224327721028494 11.221495298997526 11.218622029347927
11.218623518934287 11.22149682069761 11.224329269038527 11.224329269038371 11.221496820697464 11.218623518934047
11.21862489882284 11.221498229950718 11.224330702346064 11.22433070234592 11.221498229950575 11.218624898822613
11.218626178437052 11.22149953641633 11.22433203080438 11.224332030804218 11.22149953641619 11.218626178436843
11.218627366390605 11.221500748924038 11.22433326342014 11.224333263419991 11.221500748923887 11.21862736639041
11.218628470557343 11.221501875544972 11.224334408426385 11.224334408426232 11.221501875544812 11.21862847055713
11.21862949813462 11.221502923656914 11.224335473348885 11.22433547334874 11.221502923656761 11.218629498134405
11.21863045570157 11.221503900003926 11.224336465066964 11.224336465066818 11.221503900003778 11.218630455701398
11.218631349272275 11.221504810750716 11.224337389869001 11.224337389868843 11.221504810750575 11.218631349272089
11.218632184344083 11.221505661532452 11.224338253503188 11.224338253503038 11.221505661532309 11.218632184343868
11.218632965942103 11.221506457500245 11.224339061223926 11.224339061223782 11.221506457500093 11.218632965941865
11.218633698659824 11.221507203362671 11.224339817834277 11.224339817834123 11.221507203362522 11.218633698659604
11.218634386696149 11.22150790342386 11.224340527724715 11.22434052772456 11.221507903423735 11.218634386695948
11.218635033889296 11.22150856161827 11.224341194908554 11.224341194908408 11.221508561618124 11.218635033889107
11.218635643747803 11.221509181542256 11.224341823054358 11.224341823054205 11.22150918154212 11.218635643747591
11.218636219478748 11.221509766483358 11.224342415515574 11.224342415515418 11.22150976648322 11.218636219478501
11.218636764013658 11.221510319446649 11.224342975357532 11.224342975357386 11.221510319446496 11.218636764013459
11.218637280032432 11.22151084317905 11.224343505382327 11.224343505382171 11.22151084317891 11.218637280032251
11.218637769984667 11.221511340191608 11.224344008151276 11.22434400815112 11.221511340191457 11.218637769984444
11.218638236109413 11.221511812779552 11.224344486005705 11.224344486005558 11.221511812779402 11.218638236109232
11.21863868045362 11.221512263041008 11.224344941085828 11.224344941085674 11.22151226304088 11.218638680453429
11.21863910488823 11.221512692893874 11.22434537534798 11.224345375347832 11.221512692893752 11.218639104888007
11.218639511123465 11.221513104091281 11.224345790580486 11.22434579058033 11.221513104091148 11.218639511123246
11.218639900722723 11.221513498235783 11.224346188418 11.22434618841786 11.221513498235637 11.21863990072251
11.218640275115078 11.221513876792203 11.224346570354799 11.224346570354644 11.221513876792061 11.218640275114858
11.218640635606787 11.221514241099626 11.224346937756767 11.224346937756627 11.221514241099488 11.218640635606564
11.218640983391925 11.221514592382064 11.224347291872487 11.224347291872332 11.221514592381906 11.218640983391754
11.218641319562108 11.221514931758351 11.224347633843275 11.224347633843129 11.22151493175822 11.218641319561918
11.218641645115008 11.221515260251294 11.224347964712386 11.224347964712234 11.22151526025115 11.218641645114804
11.218641960962673 11.221515578795758 11.224348285433475 11.224348285433333 11.221515578795621 11.218641960962486
11.218642267938824 11.221515888246358 11.224348596878295 11.224348596878142 11.221515888246222 11.218642267938623
11.218642566805512 11.221516189384278 11.22434889984367 11.22434889984352 11.221516189384138 11.218642566805313
11.218642858259399 11.221516482923567 11.224349195058021 11.224349195057874 11.221516482923416 11.21864285825918
11.218643142937177 11.221516769516962 11.224349483187167 11.224349483187007 11.221516769516827 11.218643142936985
11.218643421420978 11.221517049761157 11.224349764839728 11.22434976483959 11.221517049761015 11.21864342142081
11.218643694242925 11.221517324201532 11.224350040572057 11.224350040571919 11.221517324201391 11.218643694242726
11.218643961889315 11.22151759333665 11.224350310892747 11.224350310892598 11.221517593336511 11.218643961889109
11.218644224804748 11.22151785762226 11.22435057626662 11.22435057626648 11.221517857622116 11.218644224804528
11.218644483395611 11.221518117474936 11.224350837118642 11.224350837118493 11.22151811747478 11.218644483395416
11.218644738033435 11.221518373275442 11.224351093837251 11.224351093837093 11.22151837327531 11.218644738033213
11.218644989057749 11.221518625371909 11.224351346777498 11.224351346777352 11.221518625371777 11.218644989057546
11.21864523677898 11.221518874082534 11.22435159626398 11.224351596263835 11.22151887408238 11.218645236778773
11.218645481480847 11.221519119698128 11.224351842593352 11.224351842593203 11.221519119697975 11.218645481480669
11.218645723422807 11.221519362484555 11.224352086036829 11.224352086036673 11.221519362484406 11.218645723422586
11.218645962841835 11.221519602684879 11.224352326842322 11.224352326842165 11.221519602684724 11.218645962841624
11.218646199954701 11.221519840521228 11.224352565236416 11.224352565236272 11.221519840521085 11.218646199954483
11.2186464349595 11.22152007619669 11.22435280142627 11.224352801426123 11.221520076196551 11.218646434959279
11.218646668037325 11.221520309896883 11.224353035601247 11.224353035601098 11.22152030989674 11.218646668037115
11.218646899353718 11.221520541791469 11.224353267934406 11.224353267934255 11.22152054179133 11.218646899353507
11.218647129059923 11.221520772035571 11.224353498583964 11.224353498583824 11.221520772035431 11.21864712905973
11.218647357294344 11.221521000770974 11.224353727694554 11.224353727694401 11.221521000770831 11.21864735729416
11.218647584183401 11.221521228127262 11.224353955398378 11.224353955398236 11.221521228127123 11.2186475841832
11.218647809842642 11.221521454222922 11.224354181816276 11.224354181816134 11.22152145422277 11.218647809842423
11.218648034377674 11.221521679166212 11.224354407058714 11.224354407058566 11.22152167916608 11.218648034377486
11.218648257885109 11.221521903056171 11.224354631226653 11.224354631226511 11.22152190305603 11.218648257884915
11.218648480453231 11.221522125983249 11.224354854412436 11.22435485441228 11.221522125983105 11.218648480453036
11.218648702162714 11.221522348030177 11.224355076700387 11.224355076700231 11.221522348030021 11.218648702162522
11.218648923087297 11.22152256927253 11.224355298167628 11.224355298167485 11.221522569272375 11.218648923087114
11.218649143294446 11.221522789779442 11.224355518884705 11.224355518884554 11.221522789779302 11.218649143294252
11.218649362845769 11.221523009614115 11.224355738916032 11.224355738915884 11.221523009613962 11.21864936284557
11.21864958179761 11.221523228834254 11.224355958320508 11.224355958320363 11.221523228834124 11.218649581797385
11.218649800201405 11.221523447492697 11.224356177152007 11.224356177151847 11.221523447492538 11.218649800201222
11.218650018104329 11.221523665637639 11.224356395459719 11.224356395459576 11.221523665637488 11.218650018104128
11.218650235549362 11.221523883313225 11.224356613288657 11.224356613288498 11.221523883313075 11.218650235549159
11.218650452575826 11.221524100559789 11.224356830679943 11.224356830679788 11.221524100559611 11.21865045257562
11.21865066921969 11.221524317414117 11.224357047671173 11.224357047671027 11.221524317413976 11.218650669219501
11.218650885513844 11.221524533909976 11.224357264296716 11.224357264296563 11.221524533909825 11.218650885513643
11.218651101488298 11.22152475007811 11.224357480587988 11.224357480587837 11.221524750077966 11.218651101488087
11.21865131717054 11.221524965946715 11.224357696573689 11.224357696573536 11.22152496594657 11.21865131717031
11.21865153258562 11.221525181541502 11.224357912280079 11.224357912279931 11.221525181541356 11.218651532585405
11.218651747756523 11.221525396885985 11.224358127731154 11.22435812773101 11.221525396885834 11.218651747756331
11.218651962704257 11.22152561200168 11.224358342948841 11.22435834294869 11.221525612001521 11.218651962704046
11.218652177447925 11.2215258269082 11.224358557953202 11.22435855795305 11.221525826908069 11.218652177447728
11.21865239200512 11.22152604162358 11.224358772762551 11.224358772762407 11.221526041623441 11.21865239200492
11.218652606391844 11.221526256164205 11.224358987393641 11.22435898739349 11.22152625616407 11.218652606391638
11.218652820622712 11.221526470545083 11.22435920186178 11.224359201861628 11.221526470544942 11.218652820622502
11.218653034711119 11.221526684779937 11.22435941618097 11.224359416180816 11.22152668477979 11.218653034710934
11.218653248669343 11.221526898881304 11.224359630364008 11.224359630363855 11.22152689888117 11.21865324866914
11.218653462508511 11.22152711286069 11.224359844422588 11.224359844422438 11.22152711286055 11.218653462508332
11.218653676238898 11.221527326728529 11.224360058367397 11.224360058367257 11.221527326728381 11.21865367623871
11.218653889869879 11.22152754049444 11.224360272208228 11.22436027220807 11.22152754049429 11.218653889869637
11.21865410340985 11.22152775416714 11.224360485953989 11.224360485953849 11.22152775416699 11.218654103409666
11.218654316866763 11.221527967754653 11.224360699612868 11.224360699612724 11.221527967754508 11.218654316866585
11.218654530247747 11.22152818126432 11.224360913192315 11.224360913192164 11.22152818126417 11.218654530247536
11.218654743559274 11.2215283947028 11.224361126699154 11.224361126699005 11.22152839470266 11.21865474355906
11.218654956807313 11.221528608076227 11.224361340139648 11.224361340139486 11.221528608076076 11.21865495680712
11.218655169997378 11.221528821390173 11.224361553519444 11.224361553519287 11.22152882139002 11.218655169997136
11.218655383134346 11.221529034649732 11.224361766843794 11.224361766843646 11.221529034649603 11.218655383134134
11.21865559622285 11.221529247859621 11.224361980117457 11.224361980117301 11.221529247859495 11.218655596222654
11.218655809267075 11.221529461024096 11.224362193344783 11.224362193344636 11.221529461023952 11.21865580926686
11.21865602227078 11.221529674147044 11.224362406529762 11.224362406529613 11.221529674146897 11.218656022270553
11.21865623523747 11.221529887232027 11.224362619676008 11.224362619675864 11.221529887231888 11.218656235237223
11.218656448170234 11.221530100282319 11.224362832786882 11.224362832786728 11.221530100282171 11.218656448170055
11.218656661072142 11.221530313300894 11.224363045865395 11.22436304586525 11.221530313300748 11.21865666107194
11.21865687394573 11.221530526290499 11.224363258914341 11.224363258914192 11.221530526290346 11.218656873945541
11.218657086793515 11.221530739253565 11.224363471936261 11.22436347193611 11.221530739253438 11.2186570867933
11.218657299617615 11.221530952192445 11.22436368493346 11.224363684933323 11.221530952192312 11.218657299617421
11.218657512420158 11.22153116510918 11.224363897908091 11.224363897907944 11.221531165109036 11.218657512419954
11.218657725202936 11.221531378005679 11.224364110862068 11.224364110861929 11.221531378005523 11.21865772520274
11.218657937967674 11.221531590883664 11.22436432379719 11.22436432379704 11.221531590883524 11.218657937967473
11.218658150715905 11.221531803744746 11.224364536715052 11.224364536714907 11.221531803744595 11.218658150715715
11.218658363449105 11.221532016590372 11.22436474961714 11.224364749616985 11.221532016590237 11.218658363448878
11.218658576168442 11.221532229421854 11.224364962504824 11.22436496250467 11.221532229421742 11.218658576168249
11.218658788875247 11.221532442240452 11.22436517537932 11.224365175379173 11.221532442240308 11.218658788875036
11.218659001570497 11.221532655047229 11.224365388241797 11.224365388241635 11.221532655047081 11.21865900157029
11.218659214255187 11.221532867843202 11.224365601093249 11.224365601093098 11.221532867843063 11.218659214255032
11.218659426930351 11.221533080629326 11.224365813934643 11.224365813934487 11.22153308062919 11.218659426930147
11.218659639596671 11.221533293406438 11.22436602676683 11.224366026766683 11.221533293406296 11.218659639596467
11.218659852254943 11.221533506175325 11.224366239590632 11.224366239590474 11.221533506175161 11.218659852254754
11.218660064905892 11.221533718936653 11.224366452406734 11.224366452406588 11.221533718936499 11.218660064905675
11.218660277550114 11.221533931691097 11.224366665215825 11.224366665215673 11.221533931690946 11.218660277549892
11.21866049018813 11.221534144439245 11.224366878018492 11.224366878018342 11.221534144439099 11.218660490187961
11.218660702820621 11.22153435718163 11.224367090815285 11.224367090815136 11.221534357181499 11.218660702820431
11.21866091544795 11.221534569918788 11.224367303606725 11.22436730360658 11.221534569918642 11.218660915447757
11.218661128070615 11.221534782651116 11.224367516393254 11.224367516393103 11.22153478265099 11.218661128070394
11.218661340688975 11.221534995379068 11.224367729175302 11.224367729175153 11.221534995378917 11.21866134068876
11.218661553303388 11.221535208102983 11.22436794195325 11.224367941953098 11.221535208102834 11.218661553303203
11.21866176591426 11.221535420823244 11.224368154727458 11.224368154727312 11.221535420823102 11.218661765914065
11.218661978521855 11.221535633540144 11.224368367498245 11.2243683674981 11.221535633540006 11.218661978521652
11.21866219112646 11.221535846253985 11.224368580265908 11.224368580265752 11.221535846253843 11.218662191126247
11.218662403728304 11.221536058965022 11.224368793030717 11.224368793030552 11.221536058964881 11.218662403728109
