0.5831724746459493 0.5164481815750006 0.5120456147691519 0.5120456147691513 0.5164481815749996 0.5831724746459481
0.729531326345832 0.6447460205836454 0.6348091767370564 0.6348091767370566 0.644746020583644 0.7295313263458302
0.8509973444813287 0.7545519884284148 0.7393807854911791 0.7393807854911794 0.754551988428412 0.8509973444813275
0.9623164890505728 0.8578960486115259 0.8381529066312681 0.8381529066312694 0.8578960486115221 0.9623164890505718
1.0691735641889923 0.9591915232630852 0.9355843121579149 0.9355843121579167 0.9591915232630815 1.0691735641889901
1.1746104673843791 1.06071063420728 1.0338840253448485 1.0338840253448491 1.0607106342072756 1.1746104673843776
1.2805478157109134 1.1638602499155148 1.1343639045073128 1.134363904507314 1.163860249915509 1.2805478157109118
1.3883213235183431 1.2696194499324513 1.2379064561378554 1.237906456137856 1.269619449932445 1.3883213235183414
1.4989185811603913 1.3787247293634095 1.3451613845268817 1.3451613845268826 1.3787247293634037 1.4989185811603887
1.613100138036058 1.4917595757224302 1.4566385289062687 1.4566385289062698 1.491759575722424 1.6131001380360557
1.7314677442007698 1.6092017481731833 1.5727551705222274 1.5727551705222285 1.6092017481731762 1.731467744200767
1.854505208805606 1.7314495808177346 1.6938610805786647 1.6938610805786665 1.7314495808177273 1.8545052088056029
1.9826036492379526 1.8588369147584252 1.8202518198711386 1.8202518198711397 1.8588369147584158 1.9826036492379486
2.1160772004679207 1.9916414168432923 1.9521754362408867 1.9521754362408885 1.9916414168432812 2.1160772004679167
2.2551726076395786 2.130088841291254 2.089835266575556 2.0898352665755584 2.130088841291242 2.2551726076395733
2.4000747823316444 2.274354713768364 2.2333903651014753 2.233390365101477 2.274354713768353 2.4000747823316404
2.5509096698814604 2.4245643592004753 2.3829544738764827 2.382954473876486 2.424564359200463 2.5509096698814546
2.7077453507242932 2.580791891115402 2.5385941291276692 2.538594129127671 2.580791891115385 2.707745350724286
2.8705920410775727 2.7430586086500406 2.700326320154769 2.700326320154771 2.7430586086500255 2.8705920410775665
3.039401495390474 2.9113311464169622 2.868116017450258 2.8681160174502613 2.9113311464169436 3.0394014953904662
3.2140662054316222 3.085519659986742 3.041873827695304 3.0418738276953072 3.0855196599867223 3.214066205431616
3.394418715847954 3.265476287859495 3.2214539957222317 3.221453995722236 3.265476287859471 3.3944187158479426
3.580231319536285 3.4509940989524814 3.406652946076247 3.4066529460762522 3.4509940989524592 3.5802313195362743
3.7712163494097024 3.6418067064164417 3.597208532702309 3.5972085327023144 3.6418067064164137 3.77121634940969
3.9670272405058817 3.8375887000684967 3.7928001404390015 3.7928001404390064 3.8375887000684665 3.96702724050587
4.167260494434646 4.03795701857674 3.9930497540458023 3.993049754045805 4.037957018576714 4.167260494434633
4.371458635043415 4.242473347627915 4.19752407827923 4.197524078279238 4.242473347627882 4.371458635043399
4.579114199265813 4.450647591487048 4.405737755888147 4.4057377558881505 4.450647591487014 4.579114199265793
4.78967476076678 4.661942423252858 4.617157689945734 4.61715768994574 4.661942423252818 4.789674760766762
5.002548937334082 4.875778875026678 4.831208433974183 4.83120843397419 4.8757788750266355 5.002548937334056
5.217113287683687 5.091542884969447 5.047278569674732 5.047278569674743 5.0915428849693996 5.217113287683666
5.4327199614822925 5.308592675988181 5.264727949939018 5.264727949939028 5.308592675988131 5.432719961482276
5.64870493009324 5.526266802880259 5.482895646538498 5.482895646538509 5.5262668028802056 5.648704930093216
5.864396596847468 5.743892673404728 5.701108409764577 5.7011084097645925 5.743892673404674 5.864396596847437
6.0791245662083195 5.960795325883881 5.918689423349636 5.91868942334965 5.960795325883821 6.079124566208291
6.292228342186933 6.176306233016309 6.134967123794092 6.134967123794104 6.176306233016245 6.292228342186904
6.5030657282599025 6.389771899417148 6.349283849686237 6.3492838496862545 6.389771899417087 6.503065728259871
6.711020713606223 6.60056202907984 6.561004093936555 6.561004093936571 6.6005620290797715 6.711020713606196
6.915510652765602 6.808077057823379 6.769522149513968 6.769522149513984 6.808077057823302 6.915510652765572
7.115992576249527 7.011754873518357 6.974268966029846 6.974268966029868 7.011754873518282 7.115992576249484
7.311968506150362 7.2110765815849796 7.174718068546698 7.174718068546717 7.211076581584889 7.311968506150309
7.502989691038475 7.405571212659573 7.37039042906239 7.370390429062407 7.405571212659477 7.502989691038426
7.688659715961477 7.594819310986357 7.560858222798875 7.560858222798897 7.5948193109862725 7.688659715961428
7.868636483825197 7.7784553835871 7.7457474432639595 7.745747443263993 7.778455383587002 7.868636483825153
8.04263310177349 7.956169229387356 7.924739389802604 7.924739389802626 7.956169229387252 8.042633101773434
8.210417738736526 8.127706202389046 8.097571077102259 8.097571077102286 8.127706202388937 8.210417738736467
8.371812546909416 8.292866492291441 8.26403464640835 8.26403464640838 8.292866492291326 8.371812546909362
8.526691759892783 8.451503528806137 8.423975882094053 8.423975882094087 8.45150352880602 8.526691759892723
8.67497909339913 8.603521631919275 8.57729195427668 8.577291954276712 8.603521631919154 8.674979093399084
8.816644581062437 8.74887303962096 8.723928518416276 8.723928518416315 8.748873039620847 8.81664458106239
8.951700978582169 8.887554447629027 8.863876306704261 8.863876306704295 8.887554447628915 8.951700978582101
9.080199865037404 9.01960319314657 8.997167344284941 8.997167344284977 9.019603193146441 9.080199865037336
9.202227561713983 9.145093207667415 9.12387091689154 9.12387091689157 9.145093207667284 9.202227561713919
9.317900977244301 9.264130853322662 9.244089406358807 9.24408940635885 9.264130853322525 9.31790097724425
9.4273634742908 9.37685074429409 9.357954097754504 9.357954097754549 9.376850744293957 9.42736347429074
9.530780838345642 9.483411640392642 9.465621047552974 9.465621047553011 9.483411640392507 9.53078083834559
9.628337414287122 9.583992484884538 9.567267087249997 9.567267087250032 9.583992484884389 9.628337414287065
9.720232461791001 9.67878864377671 9.663086021845428 9.663086021845459 9.678788643776564 9.720232461790934
9.806676767055437 9.768008389624155 9.753285068298371 9.753285068298412 9.768008389624 9.806676767055382
9.887889535920175 9.851869659915105 9.838081565835669 9.83808156583572 9.851869659914957 9.887889535920115
9.964095582569957 9.930597108507559 9.917699978165567 9.917699978165611 9.930597108507412 9.964095582569879
10.03552281871687 10.004419458582596 9.992369197386266 9.992369197386308 10.00441945858245 10.035522818716785
10.102400040467536 10.073567157196528 10.062320150743847 10.062320150743899 10.073567157196377 10.102400040467467
10.164955003940737 10.138270324720137 10.12778370436324 10.127783704363292 10.138270324719983 10.164955003940657
10.223412775994746 10.198756987155084 10.188988852560449 10.188988852560504 10.198756987154917 10.223412775994671
10.277994343007927 10.255251575379072 10.24616117721461 10.246161177214661 10.255251575378914 10.27799434300788
10.328915458363783 10.307973672633244 10.29952155877491 10.29952155877496 10.30797367263309 10.328915458363703
10.376385707955226 10.357136989856839 10.349285118631363 10.349285118631416 10.357136989856686 10.376385707955139
10.420607772475359 10.402948547626043 10.39566037161833 10.395660371618384 10.402948547625877 10.420607772475286
10.461776865344973 10.445608043303064 10.438848567181003 10.438848567181049 10.445608043302903 10.461776865344902
10.500080325701044 10.48530738239931 10.479043198066162 10.479043198066226 10.48530738239913 10.500080325700955
10.535697346809014 10.522230353968986 10.516429656164076 10.516429656164123 10.522230353968812 10.535697346808938
10.568798821456308 10.55655243096239 10.551185016208102 10.551185016208155 10.556552430962213 10.568798821456221
10.599547287244796 10.588440677781325 10.583477929334787 10.583477929334839 10.588440677781154 10.59954728724474
10.628096956155225 10.618053748714333 10.613468609932543 10.613468609932596 10.618053748714157 10.628096956155131
10.654593814240604 10.645541962418706 10.641308900697737 10.641308900697792 10.645541962418529 10.654593814240535
10.679175778783435 10.671047439111382 10.667142402317836 10.667142402317902 10.671047439111204 10.679175778783357
10.701972901675497 10.694704288589932 10.69110465567155 10.691104655671609 10.69470428858976 10.701972901675408
10.72310760913957 10.71663883860246 10.713323365847556 10.713323365847616 10.716638838602286 10.72310760913947
10.742694969179034 10.736969894399822 10.733918658614295 10.73391865861435 10.736969894399648 10.742694969178949
10.760842979314953 10.755809021523309 10.75300336120967 10.75300336120973 10.755809021523147 10.760842979314859
10.777652868238626 10.773260844999125 10.770683300455948 10.770683300456009 10.773260844998955 10.77765286823858
10.793219405974874 10.789423359125427 10.787057612235916 10.787057612235962 10.789423359125244 10.793219405974801
10.807631218015418 10.804388242948285 10.802219057294348 10.802219057294405 10.8043882429481 10.807631218015352
10.820971099650917 10.81824117733486 10.816254339156211 10.816254339156274 10.818241177334682 10.820971099650844
10.833316327404987 10.831062160268454 10.829244420683834 10.829244420683889 10.831062160268274 10.83331632740492
10.844738965066586 10.842925817619001 10.841264836438379 10.841264836438434 10.842925817618822 10.844738965066533
10.855306162329217 10.85390170718976 10.852385998569494 10.852385998569552 10.853901707189577 10.855306162329146
10.865080444488505 10.864054614313234 10.862673494441548 10.862673494441617 10.864054614313044 10.865080444488434
10.874119992028183 10.873444837676233 10.872188374620228 10.87218837462028 10.873444837676068 10.874119992028099
10.882478909245975 10.882128464398436 10.880987430198008 10.88098743019806 10.882128464398258 10.882478909245899
10.890207481342369 10.89015763368226 10.8891234587371 10.889123458737153 10.890157633682092 10.890207481342292
10.897352419621363 10.89758078859653 10.896645518360272 10.89664551836032 10.89758078859635 10.89735241962126
10.903957094640887 10.904442915760304 10.903599169730072 10.903599169730128 10.904442915760114 10.903957094640774
10.910061757303916 10.910785772861553 10.910026705829681 10.910026705829745 10.910785772861367 10.910061757303833
10.915703748006514 10.916648104081682 10.91596736959994 10.915967369600002 10.916648104081501 10.915703748006436
10.920917694058481 10.92206584360701 10.921457559600622 10.921457559600674 10.922065843606827 10.920917694058392
10.925735695670584 10.927072307495196 10.926531023953961 10.926531023954027 10.927072307495006 10.925735695670515
10.93018750086301 10.931698374231692 10.931219042898848 10.931219042898897 10.931698374231509 10.93018750086289
10.93430066969262 10.935972654362464 10.93555060033614 10.935550600336192 10.935972654362272 10.93430066969255
10.938100728231204 10.939921649625427 10.939552544785478 10.939552544785537 10.939921649625225 10.938100728231117
10.94161131274406 10.943569902028585 10.943249740199365 10.943249740199422 10.943569902028386 10.941611312743987
10.944854304534907 10.946940133338597 10.94666520709796 10.946665207098016 10.94694013333841 10.944854304534806
10.947849955923324 10.950053375450253 10.949820254496153 10.949820254496203 10.950053375450072 10.947849955923257
10.950617007824368 10.952929092109382 10.952734603096662 10.95273460309672 10.952929092109224 10.950617007824297
10.953172799390018 10.95558529245711 10.95542650021911 10.955426500219163 10.955585292456922 10.953172799389955
10.955533370166487 10.958038636855145 10.957912826927734 10.957912826927796 10.958038636854972 10.955533370166403
10.957713555205865 10.960304535441134 10.960209197809075 10.960209197809144 10.960304535440933 10.957713555205771
10.959727073558541 10.962397239847629 10.962330053837341 10.962330053837396 10.962397239847459 10.959727073558474
10.961586610554972 10.964329928504823 10.964288748749652 10.964288748749711 10.96432992850465 10.961586610554887
10.963303894268755 10.966114785927667 10.96609762933687 10.966097629336936 10.9661147859275 10.963303894268675
10.964889766535846 10.967763076372574 10.967768110037207 10.967768110037264 10.967763076372387 10.964889766535777
10.966354248885061 10.969285212228804 10.969310742202142 10.969310742202204 10.96928521222862 10.966354248884969
10.96770660371752 10.97069081749227 10.970735278385531 10.970735278385595 10.970690817492091 10.96770660371745
10.968955391054951 10.971988786650385 10.972050731987878 10.97205073198793 10.971988786650206 10.968955391054866
10.970108521157108 10.973187339288815 10.973265432570066 10.97326543257013 10.973187339288629 10.97010852115702
10.971173303293398 10.974294070712963 10.9743870771326 10.974387077132663 10.974294070712778 10.971173303293325
10.972156490934797 10.975315998859797 10.975422777638606 10.975422777638666 10.97531599885964 10.972156490934722
10.973064323616924 10.976259607758902 10.976379105042941 10.97637910504301 10.976259607758728 10.973064323616839
10.973902565709164 10.977130887785174 10.977262130072562 10.977262130072619 10.97713088778499 10.973902565709052
10.974676542309608 10.977935372931173 10.978077460988299 10.978077460988363 10.977935372930991 10.974676542309528
10.975391172471719 10.978678175311265 10.978830278543295 10.97883027854335 10.978678175311071 10.975391172471634
10.976050999953824 10.979364017096241 10.979525368339026 10.979525368339075 10.979364017096058 10.976050999953744
10.976660221671766 10.979997260064488 10.980167150766913 10.980167150766976 10.97999726006431 10.976660221671697
10.977222714020916 10.980581932941924 10.980759708710293 10.980759708710353 10.980581932941725 10.977222714020824
10.977742057223164 10.981121756692414 10.981306813170184 10.981306813170237 10.981121756692234 10.977742057223095
10.978221557844309 10.981620167908513 10.981811946966614 10.981811946966676 10.98162016790833 10.978221557844195
10.978664269615319 10.982080340442028 10.982278326656859 10.982278326656921 10.98208034044184 10.978664269615226
10.979073012684372 10.982505205404516 10.982708922802194 10.982708922802255 10.982505205404335 10.97907301268428
10.979450391414225 10.982897469658106 10.983106478705118 10.983106478705176 10.982897469657937 10.979450391414124
10.979798810834048 10.983259632908696 10.983473527730675 10.98347352773073 10.983259632908512 10.979798810833946
10.980120491845843 10.983594003505672 10.9838124093171 10.983812409317157 10.983594003505472 10.980120491845756
10.980417485278014 10.983902713044413 10.984125283773642 10.984125283773711 10.983902713044248 10.98041748527792
10.980691684872705 10.98418772986164 10.98441414595619 10.984414145956245 10.984187729861453 10.980691684872628
10.980944839286918 10.984450871505606 10.98468083790462 10.98468083790468 10.98445087150541 10.980944839286815
10.981178563181148 10.984693816259222 10.984927060520238 10.984927060520302 10.984693816259037 10.981178563181057
10.981394347464745 10.98491811378659 10.985154384354914 10.985154384354974 10.984918113786408 10.981394347464658
10.981593568760974 10.985125194969168 10.985364259579285 10.98536425957934 10.98512519496899 10.981593568760895
10.981777498151262 10.98531638099299 10.985558025191759 10.985558025191825 10.985316380992812 10.981777498151171
10.981947309252648 10.985492891742972 10.985736917525774 10.98573691752584 10.98549289174279 10.981947309252561
10.982104085679177 10.985655853557427 10.98590207810819 10.985902078108253 10.985655853557255 10.9821040856791
10.982248827934031 10.985806306390659 10.98605456091827 10.986054560918323 10.985806306390483 10.982248827933958
10.982382459775005 10.985945210428731 10.986195339092369 10.98619533909243 10.985945210428573 10.982382459774932
10.982505834094146 10.986073452200205 10.986325311116738 10.986325311116797 10.986073452200007 10.982505834094054
10.982619738347687 10.986191850219454 10.986445306546988 10.986445306547049 10.986191850219276 10.98261973834761
10.982724899571235 10.986301160199234 10.986556091290442 10.986556091290497 10.986301160199055 10.982724899571183
10.982821989011068 10.98640207986405 10.986658372484564 10.986658372484625 10.986402079863858 10.982821989010997
10.98291162640113 10.986495253395631 10.986752803002199 10.986752803002258 10.98649525339546 10.98291162640105
10.982994383912972 10.98658127553829 10.986839985612097 10.986839985612155 10.986581275538114 10.982994383912883
10.983070789803014 10.98666069538977 10.986920476820943 10.986920476821009 10.986660695389592 10.983070789802918
10.983141331780752 10.98673401990203 10.98699479042132 10.98699479042138 10.986734019901846 10.983141331780669
10.983206460118907 10.986801717113984 10.98706340076789 10.987063400767942 10.986801717113805 10.98320646011882
10.983266590525243 10.986864219136464 10.987126745802613 10.987126745802655 10.986864219136287 10.983266590525169
10.983322106794544 10.986921924908634 10.987185229848297 10.98718522984836 10.986921924908444 10.983322106794464
10.983373363257058 10.986975202742906 10.987239226187988 10.987239226188038 10.986975202742713 10.983373363256984
10.98342068703961 10.987024392675222 10.987289079446615 10.987289079446668 10.987024392675051 10.983420687039542
10.983464380153077 10.987069808634802 10.987335107790265 10.98733510779032 10.987069808634628 10.983464380153007
10.983504721419926 10.987111740447688 10.98737760495659 10.987377604956647 10.9871117404475 10.983504721419845
10.983541968254043 10.987150455686649 10.987416842129722 10.987416842129782 10.987150455686447 10.98354196825395
10.983576358303806 10.987186201379112 10.987453069671309 10.987453069671364 10.987186201378933 10.983576358303738
10.98360811096945 10.9872192055844 10.987486518718773 10.987486518718832 10.987219205584218 10.983608110969373
10.983637428803695 10.987249678849548 10.987517402661046 10.987517402661108 10.98724967884937 10.983637428803604
10.98366449880519 10.98727781555373 10.987545918500995 10.987545918501045 10.987277815553554 10.98366449880508
10.983689493612559 10.987303795149497 10.98757224811339 10.98757224811345 10.987303795149323 10.983689493612445
10.98371257260694 10.98732778330868 10.987596559406333 10.98759655940639 10.987327783308496 10.983712572606848
10.983733882929778 10.987349932980427 10.987619007393521 10.987619007393578 10.987349932980235 10.983733882929666
10.98375356042256 10.987370385368049 10.987639735184306 10.987639735184365 10.987370385367866 10.98375356042249
10.983771730494658 10.987389270830862 10.987658874897651 10.987658874897713 10.987389270830677 10.98377173049457
10.983788508924029 10.98740670971684 10.98767654850611 10.987676548506165 10.987406709716662 10.983788508923926
10.98380400259699 10.987422813131355 10.987692868614783 10.987692868614847 10.987422813131166 10.983804002596917
10.983818310191003 10.987437683646828 10.987707939180778 10.987707939180828 10.987437683646638 10.983818310190921
10.983831522804875 10.987451415958024 10.987721856177101 10.987721856177169 10.987451415957846 10.983831522804797
10.983843724540899 10.98746409748698 10.987734708205949 10.987734708206007 10.987464097486821 10.983843724540803
10.983854993042012 10.987475808941541 10.987746577064625 10.987746577064685 10.987475808941369 10.983854993041934
10.983865399987991 10.987486624830845 10.9877575382681 10.987757538268154 10.987486624830664 10.983865399987884
10.983875011553184 10.987496613941472 10.987767661531551 10.987767661531597 10.987496613941287 10.983875011553097
10.983883888829553 10.987505839776885 10.98777701121567 10.987777011215732 10.987505839776697 10.983883888829466
10.983892088216836 10.987514360963136 10.987785646737965 10.987785646738027 10.98751436096295 10.983892088216727
10.983899661782877 10.987522231623482 10.987793622952323 10.987793622952397 10.987522231623307 10.98389966178279
10.9839066575965 10.987529501724225 10.987800990499546 10.987800990499606 10.987529501724035 10.983906657596414
10.983913120034426 10.987536217393844 10.987807796130873 10.987807796130923 10.987536217393657 10.983913120034345
10.983919090065035 10.987542421217867 10.987814083006699 10.98781408300676 10.987542421217691 10.983919090064916
10.983924605509861 10.987548152511001 10.987819890972471 10.987819890972522 10.987548152510824 10.983924605509769
10.983929701285616 10.987553447568203 10.987825256813121 10.987825256813181 10.987553447568024 10.983929701285545
10.983934409627107 10.987558339896735 10.987830214488234 10.987830214488296 10.987558339896552 10.983934409627018
10.98393876029315 10.987562860430177 10.987834795349047 10.987834795349116 10.987562860429993 10.98393876029306
10.983942780756895 10.987567037726208 10.987839028338723 10.987839028338787 10.987567037726045 10.983942780756802
10.983946496381275 10.98757089814904 10.98784294017736 10.987842940177414 10.987570898148856 10.983946496381213
10.983949930581197 10.987574466037776 10.9878465555327 10.987846555532757 10.987574466037588 10.983949930581122
10.983953104972999 10.987577763862154 10.987849897177751 10.987849897177822 10.987577763861973 10.98395310497292
10.983956039512702 10.987580812365948 10.987852986136406 10.987852986136474 10.987580812365774 10.983956039512616
10.983958752623526 10.987583630699685 10.987855841817668 10.987855841817725 10.987583630699486 10.983958752623444
10.983961261313603 10.987586236542887 10.987858482139748 10.987858482139803 10.987586236542699 10.983961261313533
10.983963581284689 10.987588646217116 10.987860923644586 10.987860923644641 10.98758864621696 10.983963581284616
10.983965727032473 10.987590874790358 10.987863181603494 10.987863181603553 10.987590874790172 10.983965727032391
10.983967711939163 10.987592936173108 10.98786527011484 10.98786527011489 10.987592936172927 10.983967711939096
10.983969548359212 10.987594843207452 10.987867202194046 10.987867202194105 10.987594843207273 10.98396954835914
10.983971247698019 10.98759660774904 10.987868989856853 10.987868989856915 10.98759660774887 10.98397124769795
10.98397282048496 10.987598240742951 10.987870644196043 10.987870644196109 10.987598240742773 10.983972820484853
10.983974276440597 10.987599752293509 10.987872175452372 10.987872175452438 10.987599752293324 10.983974276440508
10.983975624538937 10.987601151728914 10.987873593079991 10.987873593080053 10.98760115172873 10.983975624538855
10.983976873064604 10.987602447660871 10.98787490580686 10.987874905806919 10.987602447660691 10.983976873064538
10.983978029665973 10.987603648039647 10.98787612169054 10.987876121690597 10.987603648039459 10.983978029665861
10.983979101403742 10.987604760204775 10.987877248169676 10.987877248169738 10.987604760204587 10.983979101403682
10.98398009479658 10.98760579093209 10.987878292111592 10.987878292111647 10.987605790931905 10.983980094796479
10.983981015862154 10.987606746476919 10.987879259856044 10.98787925985611 10.987606746476734 10.983981015862046
10.983981870156013 10.987607632614171 10.987880157255889 10.98788015725595 10.987607632613988 10.983981870155926
10.983982662807048 10.98760845467514 10.987880989714412 10.987880989714464 10.98760845467495 10.98398266280697
10.983983398550151 10.987609217581591 10.987881762219827 10.987881762219882 10.987609217581406 10.983983398550045
10.983984081756445 10.987609925877296 10.98788247937724 10.987882479377303 10.98760992587712 10.983984081756352
10.983984716461391 10.987610583756993 10.987883145438015 10.987883145438078 10.987610583756803 10.983984716461311
10.983985306390482 10.987611195093196 10.987883764326961 10.987883764327018 10.987611195093015 10.983985306390368
10.983985854982937 10.987611763461018 10.987884339667412 10.987884339667469 10.987611763460823 10.983985854982878
10.983986365414006 10.98761229216087 10.987884874804395 10.987884874804466 10.987612292160692 10.983986365413909
10.983986840614822 10.987612784239756 10.98788537282604 10.987885372826092 10.987612784239571 10.983986840614754
10.983987283291547 10.98761324251057 10.987885836583185 10.987885836583244 10.987613242510381 10.983987283291475
10.983987695942373 10.98761366957019 10.987886268707763 10.98788626870783 10.987613669570003 10.983987695942295
10.983988080873663 10.987614067815963 10.987886671629514 10.987886671629582 10.987614067815777 10.983988080873571
10.983988440214565 10.987614439461167 10.987887047591576 10.987887047591634 10.987614439460978 10.983988440214478
10.983988775930753 10.987614786549 10.987887398664748 10.98788739866481 10.98761478654882 10.98398877593065
10.983989089836856 10.987615110965782 10.987887726760803 10.987887726760858 10.987615110965596 10.98398908983676
10.983989383608142 10.987615414452897 10.987888033644646 10.987888033644706 10.987615414452716 10.98398938360807
10.983989658791206 10.987615698618013 10.98788832094561 10.987888320945665 10.987615698617827 10.983989658791144
10.983989916813874 10.987615964945249 10.987888590167895 10.987888590167946 10.987615964945077 10.983989916813806
10.98399015899426 10.987616214804776 10.98788884270014 10.987888842700213 10.987616214804587 10.983990158994157
10.983990386549163 10.987616449461509 10.987889079824372 10.987889079824434 10.987616449461333 10.983990386549074
10.983990600602041 10.987616670083199 10.987889302724085 10.987889302724149 10.987616670083023 10.983990600601965
10.983990802190043 10.98761687774792 10.987889512491895 10.987889512491948 10.98761687774773 10.98399080218996
10.983990992270565 10.987617073450895 10.987889710136471 10.987889710136526 10.987617073450702 10.983990992270463
10.983991171727501 10.987617258110914 10.987889896589031 10.98788989658908 10.987617258110735 10.983991171727428
10.983991341376946 10.987617432576243 10.987890072709245 10.987890072709298 10.987617432576057 10.983991341376862
10.983991501972177 10.987617597629923 10.987890239290774 10.987890239290836 10.987617597629741 10.983991501972081
10.983991654208662 10.987617753994916 10.987890397066296 10.987890397066348 10.987617753994732 10.983991654208564
10.983991798728438 10.987617902338567 10.987890546712189 10.987890546712254 10.987617902338389 10.983991798728356
10.983991936124276 10.987618043277022 10.987890688852941 10.987890688853003 10.987618043276859 10.983991936124195
10.98399206694338 10.98761817737914 10.987890824065028 10.987890824065088 10.987618177378963 10.98399206694328
10.983992191690898 10.987618305169955 10.987890952880623 10.987890952880695 10.987618305169784 10.983992191690794
10.983992310833152 10.987618427134294 10.987891075791087 10.98789107579115 10.987618427134127 10.983992310833084
10.9839924248008 10.987618543719705 10.987891193250002 10.987891193250057 10.987618543719524 10.983992424800716
10.983992533991207 10.987618655339318 10.98789130567607 10.987891305676133 10.987618655339137 10.983992533991161
10.98399263877143 10.987618762374582 10.987891413455909 10.987891413455971 10.987618762374408 10.983992638771353
10.98399273948014 10.987618865177629 10.987891516946398 10.98789151694646 10.987618865177447 10.983992739480042
10.983992836430087 10.987618964073521 10.987891616477006 10.98789161647707 10.987618964073357 10.98399283642999
10.983992929910013 10.987619059362455 10.987891712351896 10.98789171235196 10.987619059362268 10.983992929909899
10.98399302018644 10.987619151321363 10.98789180485187 10.987891804851936 10.987619151321192 10.983993020186333
10.983993107505428 10.987619240206135 10.987891894236181 10.987891894236231 10.987619240205953 10.98399310750533
10.983993192094163 10.98761932625286 10.987891980744134 10.987891980744186 10.987619326252677 10.983993192094058
10.983993274162334 10.98761940967954 10.987892064596657 10.987892064596714 10.987619409679358 10.983993274162257
10.983993353903589 10.987619490687399 10.987892145997721 10.987892145997783 10.987619490687216 10.983993353903514
10.983993431496621 10.98761956946227 10.987892225135639 10.987892225135699 10.987619569462087 10.983993431496554
10.98399350710647 10.987619646175629 10.987892302184253 10.987892302184305 10.987619646175451 10.983993507106396
10.983993580885492 10.987619720985885 10.987892377304012 10.987892377304078 10.987619720985707 10.983993580885391
10.983993652974188 10.987619794039201 10.987892450643118 10.987892450643175 10.987619794038995 10.983993652974146
10.98399372350258 10.987619865470451 10.987892522338322 10.987892522338374 10.987619865470268 10.983993723502511
10.983993792590383 10.987619935404306 10.987892592515884 10.98789259251594 10.987619935404132 10.983993792590312
10.983993860348319 10.9876200039558 10.987892661292387 10.987892661292445 10.98762000395561 10.983993860348221
10.983993926878476 10.987620071231055 10.98789272877547 10.987892728775527 10.987620071230872 10.9839939268784
10.983993992275234 10.987620137328145 10.987892795064464 10.987892795064521 10.987620137327962 10.983993992275147
10.983994056625589 10.98762020233754 10.987892860251078 10.987892860251133 10.987620202337368 10.983994056625503
10.983994120009916 10.987620266342816 10.987892924420006 10.987892924420066 10.987620266342628 10.983994120009866
10.983994182502508 10.987620329421057 10.987892987649406 10.987892987649465 10.987620329420885 10.983994182502409
10.983994244171752 10.987620391643526 10.987893050011463 10.987893050011516 10.987620391643338 10.98399424417168
10.98399430508096 10.987620453075909 10.987893111572781 10.987893111572847 10.98762045307574 10.983994305080882
10.983994365288455 10.98762051377893 10.987893172394873 10.987893172394918 10.987620513778747 10.983994365288396
10.98399442484822 10.987620573808588 10.987893232534514 10.987893232534576 10.987620573808417 10.983994424848142
10.983994483809935 10.987620633216608 10.987893292044138 10.9878932920442 10.987620633216434 10.983994483809845
10.983994542219557 10.98762069205075 10.98789335097213 10.987893350972183 10.987620692050566 10.983994542219456
10.983994600119487 10.987620750355093 10.987893409363163 10.987893409363215 10.987620750354907 10.983994600119395
10.983994657548859 10.987620808170313 10.987893467258484 10.987893467258532 10.987620808170123 10.983994657548793
10.98399471454388 10.987620865533982 10.987893524696176 10.987893524696227 10.987620865533813 10.98399471454381
10.983994771137851 10.987620922480847 10.987893581711376 10.987893581711429 10.987620922480659 10.983994771137793
10.983994827361656 10.987620979042822 10.987893638336548 10.987893638336601 10.98762097904264 10.98399482736156
10.983994883243598 10.987621035249544 10.987893694601645 10.987893694601697 10.987621035249354 10.983994883243547
10.983994938810055 10.987621091128283 10.987893750534328 10.987893750534386 10.98762109112809 10.983994938809994
10.983994994085212 10.987621146704218 10.98789380616014 10.987893806160198 10.98762114670403 10.983994994085155
10.983995049091478 10.987621202000618 10.987893861502625 10.987893861502677 10.98762120200044 10.983995049091392
10.983995103849468 10.987621257038963 10.987893916583594 10.987893916583655 10.987621257038787 10.983995103849379
10.983995158378258 10.987621311839069 10.987893971423079 10.98789397142313 10.987621311838897 10.983995158378175
10.983995212695447 10.987621366419237 10.987894026039672 10.98789402603973 10.987621366419052 10.983995212695369
10.983995266817285 10.987621420796355 10.987894080450449 10.987894080450504 10.987621420796168 10.983995266817233
10.983995320758847 10.987621474986005 10.987894134671254 10.987894134671322 10.987621474985824 10.983995320758755
10.983995374533874 10.98762152900261 10.987894188716695 10.987894188716743 10.987621529002437 10.983995374533807
10.983995428155218 10.98762158285947 10.987894242600206 10.987894242600255 10.987621582859285 10.98399542815516
10.983995481634695 10.987621636568823 10.98789429633422 10.987894296334272 10.987621636568646 10.98399548163463
10.9839955349832 10.987621690142026 10.98789434993026 10.987894349930311 10.987621690141841 10.9839955349831
10.983995588210725 10.987621743589534 10.987894403398867 10.987894403398924 10.987621743589337 10.983995588210654
10.983995641326631 10.987621796920964 10.987894456749906 10.987894456749954 10.987621796920786 10.983995641326565
10.983995694339495 10.987621850145297 10.987894509992332 10.987894509992394 10.98762185014512 10.983995694339407
10.983995747257199 10.987621903270714 10.987894563134532 10.987894563134587 10.987621903270526 10.98399574725711
10.98399580008708 10.987621956304825 10.987894616184184 10.987894616184258 10.987621956304642 10.983995800086984
10.983995852835843 10.98762200925463 10.98789466914842 10.987894669148483 10.987622009254464 10.983995852835747
10.983995905509733 10.987622062126652 10.987894722033783 10.987894722033845 10.987622062126453 10.983995905509655
10.983995958114548 10.987622114926808 10.987894774846335 10.987894774846389 10.987622114926632 10.983995958114463
10.983996010655547 10.987622167660641 10.98789482759167 10.987894827591722 10.987622167660465 10.983996010655456
10.983996063137623 10.987622220333249 10.987894880274933 10.987894880274991 10.987622220333076 10.983996063137543
10.98399611556536 10.987622272949352 10.98789493290094 10.987894932901 10.987622272949164 10.983996115565247
10.983996167942834 10.987622325513238 10.98789498547403 10.987894985474096 10.987622325513067 10.983996167942765
10.983996220274006 10.987622378028979 10.987895037998321 10.987895037998369 10.98762237802879 10.98399622027393
10.983996272562358 10.987622430500215 10.987895090477515 10.987895090477585 10.987622430500043 10.98399627256231
10.983996324811224 10.987622482930426 10.987895142915116 10.987895142915175 10.987622482930234 10.983996324811189
