0.5822302403970903 0.49260101314433447 0.49005074955038513 0.4900507495503857 0.492601013144335 0.5822302403970918
0.7370459211735468 0.6240929346750027 0.6185912310437804 0.6185912310437812 0.6240929346750046 0.7370459211735482
0.8677501109152844 0.7396179453977425 0.7309086008446524 0.730908600844653 0.7396179453977452 0.8677501109152861
0.9891268806553832 0.8507214500944086 0.8388152007458238 0.8388152007458255 0.8507214500944104 0.9891268806553847
1.1069373198312782 0.9615641903800882 0.9465780766937995 0.9465780766938018 0.9615641903800921 1.1069373198312797
1.2242994143888462 1.074252289882886 1.0563442431866594 1.056344243186663 1.0742522898828903 1.2242994143888495
1.3431978956020671 1.190079110141064 1.1694182150361816 1.1694182150361863 1.1900791101410702 1.3431978956020694
1.465018903681188 1.3099463957028934 1.2866989075283102 1.2866989075283155 1.3099463957028998 1.4650189036811903
1.590787662349632 1.4345379478036728 1.4088609484058447 1.4088609484058492 1.4345379478036817 1.5907876623496353
1.7212903798841461 1.5644000170035968 1.5364390661787435 1.5364390661787497 1.564400017003606 1.721290379884149
1.857142525963454 1.6999809896416604 1.6698699915467468 1.6698699915467539 1.6999809896416707 1.8571425259634573
1.998828956891768 1.8416513270201138 1.8095136599504809 1.8095136599504895 1.8416513270201278 1.9988289568917703
2.146727881562546 1.9897131212657027 1.9556634766900671 1.9556634766900771 1.9897131212657178 2.1467278815625486
2.301124976114253 2.144403853479053 2.108550437597511 2.1085504375975233 2.1444038534790697 2.3011249761142563
2.462221277870781 2.30589679450455 2.268343663329922 2.268343663329935 2.30589679450457 2.4622212778707833
2.6301371118283408 2.474299461917048 2.4351488325862496 2.4351488325862642 2.47429946191707 2.6301371118283434
2.8049135436130572 2.649651030947716 2.609005457873405 2.609005457873421 2.6496510309477426 2.804913543613061
2.986512410262383 2.8319193271890266 2.789883662100242 2.789883662100263 2.831919327189058 2.986512410262383
3.17481570888707 3.0209978812277773 2.977680957051115 2.9776809570511356 3.020997881227809 3.174815708887074
3.369624947210311 3.2167034382876203 3.1722194319606465 3.1722194319606665 3.2167034382876514 3.3696249472103124
3.570660936687509 3.4187742571382165 3.3732436983748655 3.373243698374891 3.4187742571382524 3.5706609366875113
3.777564413462676 3.6268694840909355 3.5804198876011566 3.5804198876011846 3.62686948409098 3.7775644134626827
3.9898977898343957 3.840569839798054 3.793335948652525 3.7933359486525586 3.8405698397981047 3.9898977898343984
4.207148260351221 4.059379803333431 4.0115034417367745 4.01150344173681 4.059379803333485 4.207148260351221
4.428732407445715 4.282731417241512 4.234360962189721 4.234360962189764 4.282731417241575 4.428732407445713
4.654002369979363 4.509989768738175 4.461279261797648 4.46127926179769 4.509989768738238 4.654002369979363
4.882253554827458 4.740460127662393 4.691568060042164 4.69156806004221 4.740460127662465 4.882253554827453
5.1127337890200435 4.973396644158529 4.924484459768246 4.924484459768286 4.973396644158604 5.112733789020047
5.344653731489411 5.208012432489022 5.159242804071357 5.159242804071412 5.208012432489103 5.344653731489409
5.577198293303782 5.443490796492126 5.3950257384462965 5.395025738446358 5.443490796492212 5.577198293303783
5.809538757607014 5.678997291746826 5.630996179236469 5.63099617923653 5.678997291746922 5.809538757607016
6.040845249068373 5.913692273787359 5.866309840618487 5.866309840618554 5.913692273787462 6.0408452490683695
6.2702991802467745 6.1467435541015325 6.100127941347545 6.100127941347615 6.146743554101642 6.270299180246775
6.497105300331244 6.377338778214093 6.331629701601965 6.331629701602033 6.3773387782142175 6.497105300331237
6.720502990139787 6.6046971534001555 6.560024250277261 6.560024250277344 6.6046971534002825 6.7205029901397815
6.939776484393731 6.828080186364814 6.7845615931176635 6.784561593117746 6.828080186364938 6.939776484393717
7.154263755088217 7.046801140920573 7.004542339701391 7.004542339701479 7.046801140920713 7.154263755088204
7.363363854134571 7.260232988424775 7.219325948782178 7.2193259487822745 7.260232988424919 7.363363854134566
7.566542584584526 7.467814694819861 7.428337322202645 7.428337322202748 7.467814694820011 7.566542584584536
7.763336442713874 7.669055762530951 7.631071652485253 7.631071652485358 7.6690557625311255 7.763336442713855
7.953354843374656 7.863539018337167 7.827097503290956 7.8270975032910615 7.863539018337342 7.9533548433746315
8.136280704314913 8.050921705335252 8.016058170743083 8.01605817074319 8.050921705335432 8.13628070431489
8.311869518543684 8.230934994824132 8.197671433520688 8.197671433520801 8.230934994824317 8.311869518543666
8.479947085304618 8.403382080000942 8.371727848073721 8.37172784807384 8.403382080001133 8.47994708530461
8.64040609892747 8.568135046545931 8.538087780883778 8.538087780883897 8.568135046546123 8.640406098927434
8.793201810880149 8.725130735324234 8.69667739206792 8.696677392068041 8.72513073532444 8.793201810880126
8.938346984705756 8.87436582029852 8.847483794427115 8.847483794427253 8.874365820298728 8.938346984705765
9.075906357774917 9.015891321775271 8.990549610644878 8.99054961064501 9.015891321775486 9.075906357774908
9.205990809872425 9.149806763207012 9.125967140615932 9.125967140616057 9.149806763207245 9.205990809872416
9.328751418685377 9.276254161073943 9.253872332962993 9.253872332963137 9.27625416107417 9.328751418685341
9.444373558351277 9.395412014027633 9.374438731865045 9.37443873186519 9.395412014027865 9.444373558351247
9.553071171275729 9.507489431508956 9.487871544437697 9.487871544437848 9.507489431509203 9.553071171275706
9.655081317075217 9.612720515214296 9.594401946897198 9.594401946897353 9.612720515214543 9.655081317075211
9.750659077061927 9.711359080518609 9.694281721110565 9.694281721110718 9.711359080518863 9.750659077061888
9.840072869140073 9.80367378037008 9.787778288045297 9.787778288045452 9.803673780370323 9.840072869140041
9.923600206987741 9.889943672009624 9.875170181902927 9.875170181903087 9.889943672009897 9.923600206987723
10.00152391932277 9.970454247600395 9.9567429888556 9.956742988855764 9.970454247600658 10.00152391932275
10.074128830035571 10.045493933677076 10.03278575754472 10.032785757544882 10.045493933677339 10.074128830035553
10.14169888795966 10.115351051242294 10.103587874867776 10.103587874867934 10.115351051242566 10.14169888795964
10.20451472585815 10.180311218187562 10.16943638993687 10.169436389937042 10.180311218187818 10.204514725858107
10.262851621554665 10.240655168244325 10.230613761189995 10.230613761190158 10.240655168244608 10.262851621554624
10.31697782970397 10.296656955551915 10.287395996157132 10.287395996157306 10.296656955552201 10.316977829703912
10.367153250134477 10.348582510814667 10.34005114997655 10.340051149976727 10.348582510814941 10.367153250134457
10.413628397662064 10.396688513561338 10.388838147067043 10.38883814706721 10.396688513561621 10.413628397662016
10.456643638448076 10.44122154487879 10.434005890049573 10.434005890049743 10.441221544879081 10.456643638448043
10.496428659070213 10.482417485866117 10.475792620763738 10.475792620763915 10.482417485866408 10.496428659070187
10.53320213623109 10.520501128675843 10.514425499764046 10.514425499764219 10.520501128676116 10.533202136231074
10.567171577241725 10.555685969145124 10.55012037277223 10.550120372772398 10.555685969145431 10.567171577241686
10.59853330389999 10.588174152483266 10.583081695005532 10.583081695005719 10.588174152483562 10.598533303899993
10.627472555002546 10.618156546115172 10.613502586937939 10.61350258693811 10.618156546115467 10.627472555002518
10.654163685367523 10.64581291646906 10.641564997755669 10.641564997755848 10.645812916469373 10.65416368536748
10.678770441829242 10.671312189142391 10.667439955444713 10.667439955444884 10.67131218914269 10.67877044182921
10.701446299127745 10.694812774422994 10.691287885024872 10.69128788502506 10.694812774423298 10.7014462991277
10.722334840922397 10.716462942533413 10.713258978876524 10.713258978876713 10.716462942533708 10.722334840922365
10.74157017328398 10.736401235177693 10.73349360535861 10.733493605358806 10.736401235177997 10.741570173283945
10.759277359947417 10.754756901986742 10.752122743974333 10.752122743974518 10.754756901987042 10.759277359947387
10.77557287034127 10.771650352273229 10.769268437196523 10.769268437196704 10.771650352273536 10.775572870341254
10.790565032948011 10.787193614125087 10.785044250720029 10.78504425072022 10.78719361412538 10.790565032947978
10.804354487902156 10.801490794291713 10.799555735369108 10.7995557353693 10.801490794292022 10.804354487902145
10.817034633914343 10.814638533563254 10.812900885166167 10.812900885166346 10.81463853356356 10.817034633914284
10.828692065626921 10.82672645342226 10.825170587176329 10.825170587176508 10.82672645342257 10.828692065626878
10.8394069983829 10.83783759067395 10.836449059694854 10.836449059695047 10.837837590674258 10.839406998382872
10.849253678130522 10.84804881755044 10.846814276156858 10.846814276157048 10.848048817550746 10.849253678130482
10.858300774813552 10.857431245451716 10.856338372836225 10.856338372836415 10.857431245452023 10.8583007748135
10.866611758119811 10.866050611044543 10.865088038976031 10.865088038976209 10.866050611044857 10.866611758119753
10.874245254894126 10.873967643904063 10.873124888472155 10.873124888472338 10.873967643904352 10.874245254894095
10.881255387876783 10.881238415264036 10.88050581262535 10.880505812625534 10.881238415264352 10.881255387876735
10.887692095715643 10.8879146677517 10.887283313797413 10.887283313797605 10.887914667751996 10.88769209571562
10.893601434431881 10.89404412623061 10.893505820065588 10.893505820065789 10.894044126230906 10.893601434431837
10.899025860697737 10.899670790072818 10.89921798117255 10.899217981172756 10.899670790073124 10.899025860697733
10.904004497426625 10.904835207332573 10.904460946228545 10.904460946228733 10.904835207332894 10.904004497426593
10.908573382278302 10.909574731409592 10.909272623742545 10.909272623742734 10.909574731409908 10.90857338227827
10.912765699759838 10.913923760874075 10.913687924647851 10.91368792464806 10.913923760874397 10.912765699759785
10.916611997652723 10.917913963184144 10.917738989049592 10.917738989049777 10.917913963184471 10.91661199765267
10.92014038853017 10.921574483063916 10.92145539746177 10.921455397461965 10.921574483064221 10.920140388530141
10.923376737143943 10.924932136330684 10.924864367324675 10.924864367324863 10.924932136330984 10.92337673714391
10.92634483446348 10.928011589966582 10.927990935600715 10.927990935600894 10.9280115899669 10.926344834463418
10.929066559143665 10.930835529225142 10.930858128244576 10.930858128244768 10.930835529225456 10.92906655914362
10.931562027182585 10.933424812550324 10.933487117330797 10.933487117330992 10.933424812550623 10.931562027182537
10.933849730509127 10.935798615065966 10.935897366603216 10.935897366603394 10.935798615066286 10.933849730509088
10.93594666521627 10.937974561368733 10.938106766185987 10.938106766186172 10.93797456136904 10.935946665216198
10.937868450125592 10.93996884832918 10.940131757168583 10.94013175716878 10.939968848329476 10.937868450125556
10.93962943633968 10.941796358574903 10.94198744674543 10.941987446745625 10.941796358575205 10.939629436339635
10.941242808404176 10.943470765297489 10.943687714559353 10.943687714559543 10.9434707652978 10.94124280840417
10.942720677671762 10.945004628991063 10.945245310864067 10.94524531086426 10.945004628991395 10.942720677671733
10.944074168423978 10.946409486697474 10.946671947087408 10.946671947087596 10.946409486697783 10.944074168423946
10.945313497276842 10.94769593429927 10.947978379343727 10.94797837934391 10.947695934299569 10.94531349727681
10.946448046362445 10.94887370236953 10.949174485410335 10.949174485410522 10.948873702369834 10.946448046362418
10.947486430748617 10.949951726054955 10.950269335651523 10.950269335651717 10.949951726055259 10.947486430748583
10.948436560527991 10.950938209438513 10.951271258341915 10.951271258342105 10.950938209438812 10.948436560527965
10.949305697979831 10.951840684798045 10.9521878998112 10.952187899811383 10.951840684798354 10.94930569797978
10.950100510179693 10.952666067149211 10.953026279804263 10.95302627980446 10.952666067149538 10.950100510179642
10.950827117406588 10.953420704433993 10.953792842422692 10.953792842422887 10.953420704434297 10.950827117406561
10.951491137672088 10.954110423690508 10.954493502988425 10.954493502988608 10.954110423690826 10.951491137672063
10.952097727672795 10.954740573516721 10.95513369114603 10.955133691146214 10.954740573517034 10.952097727672763
10.952651620445648 10.955316063116296 10.955718390496799 10.955718390496987 10.955316063116596 10.952651620445582
10.953157159984752 10.955841398195505 10.956252175036697 10.956252175036887 10.955841398195792 10.953157159984741
10.953618333059975 10.95632071395877 10.956739242649693 10.956739242649881 10.95632071395907 10.953618333059937
10.954038798457438 10.956757805432634 10.95718344588958 10.957183445889775 10.956757805432956 10.954038798457413
10.954421913848588 10.957156155330182 10.957588320265307 10.957588320265483 10.9571561553305 10.95442191384855
10.954770760475286 10.957518959651717 10.957957110228785 10.957957110228975 10.95751895965201 10.954770760475258
10.955088165826833 10.957849151202963 10.958292793048873 10.958292793049058 10.957849151203284 10.955088165826773
10.955376724468803 10.958149421197621 10.958598100740488 10.958598100740668 10.958149421197954 10.955376724468756
10.955638817173476 10.958422239097883 10.958875540205701 10.958875540205884 10.958422239098201 10.955638817173426
10.955876628487616 10.95866987083515 10.959127411730389 10.959127411730575 10.958669870835449 10.955876628487578
10.956092162864607 10.958894395541714 10.959355825969217 10.959355825969402 10.958894395542023 10.956092162864573
10.956287259476467 10.959097720913714 10.959562719541395 10.959562719541587 10.959097720914034 10.95628725947644
10.956463605813367 10.95928159731627 10.95974986934956 10.959749869349757 10.959281597316583 10.956463605813362
10.956622750168506 10.959447630732843 10.959918905725454 10.95991890572563 10.959447630733159 10.956622750168492
10.956766113099242 10.959597294653017 10.960071324497795 10.96007132449799 10.959597294653332 10.956766113099206
10.956894997947934 10.959731940984716 10.960208498070124 10.960208498070308 10.959731940985028 10.95689499794789
10.957010600498846 10.95985281007077 10.960331685588974 10.960331685589159 10.959852810071068 10.957010600498792
10.957114017841816 10.959961039882458 10.960442042277133 10.960442042277332 10.95996103988278 10.957114017841795
10.957206256507563 10.960057674457804 10.960540627999638 10.960540627999833 10.960057674458113 10.957206256507543
10.957288239933817 10.960143671645769 10.960628415125587 10.960628415125763 10.960143671646081 10.957288239933781
10.9573608153174 10.960219910213606 10.960706295743162 10.960706295743355 10.960219910213905 10.957360815317376
10.957424759902592 10.960287196369343 10.960775088281181 10.960775088281368 10.960287196369661 10.957424759902574
10.957480786751688 10.960346269747347 10.960835543585222 10.960835543585418 10.960346269747662 10.957480786751642
10.957529550040144 10.960397808900886 10.960888350493766 10.960888350493958 10.960397808901178 10.95752955004011
10.957571649916137 10.960442436342424 10.960934140954736 10.960934140954937 10.960442436342733 10.957571649916082
10.957607636959056 10.96048072316864 10.960973494720731 10.960973494720927 10.960480723168962 10.95760763695902
10.957638016271058 10.960513193304132 10.961006943657027 10.961006943657223 10.960513193304438 10.957638016271027
10.957663251231022 10.960540327395345 10.961034975694727 10.96103497569491 10.960540327395666 10.957663251230992
10.957683766939107 10.960562566383556 10.961058038457725 10.961058038457912 10.960562566383874 10.957683766939084
10.957699953377295 10.960580314783087 10.96107654259078 10.961076542590964 10.960580314783405 10.957699953377263
10.957712168309055 10.960593943689128 10.96109086481292 10.961090864813103 10.960593943689434 10.957712168308992
10.957720739939925 10.960603793537434 10.961101350718947 10.961101350719142 10.960603793537741 10.95772073993987
10.95772596935866 10.960610176636383 10.961108317349963 10.961108317350151 10.960610176636695 10.957725969358616
10.95772813277673 10.960613379490006 10.961112055551544 10.961112055551732 10.960613379490322 10.957728132776683
10.957727483583081 10.96061366492935 10.96111283213745 10.96111283213764 10.960613664929648 10.957727483583067
10.957724254229344 10.960611274067773 10.961110891874666 10.961110891874853 10.96061127406809 10.957724254229314
10.957718657959287 10.960606428095131 10.96110645930458 10.961106459304768 10.960606428095435 10.957718657959225
10.957710890395532 10.960599329923467 10.961099740413836 10.961099740414022 10.96059932992377 10.957710890395497
10.957701130995515 10.960590165697088 10.961090924167197 10.961090924167381 10.960590165697408 10.957701130995451
10.957689544386694 10.960579106177862 10.961080183913834 10.961080183914019 10.96057910617817 10.957689544386616
10.957676281591947 10.960566308016043 10.961067678677487 10.961067678677685 10.960566308016356 10.957676281591894
10.957661481153675 10.96055191491632 10.961053554340111 10.961053554340308 10.96055191491663 10.957661481153643
10.957645270164937 10.960536058707303 10.961037944727687 10.961037944727881 10.96053605870762 10.957645270164903
10.95762776521541 10.960518860323003 10.96102097260637 10.96102097260655 10.960518860323312 10.95762776521536
10.95760907325935 10.960500430702881 10.961002750596442 10.961002750596627 10.960500430703185 10.957609073259327
10.957589292411877 10.96048087161782 10.960983382010633 10.960983382010822 10.96048087161813 10.957589292411868
10.957568512679234 10.96046027642777 10.96096296162326 10.960962961623437 10.96046027642807 10.957568512679227
10.957546816628955 10.960438730776715 10.96094157637582 10.960941576375996 10.960438730777039 10.95754681662895
10.957524280004586 10.960416313230409 10.960919306024268 10.960919306024449 10.960416313230741 10.957524280004566
10.957500972289587 10.960393095861244 10.960896223732844 10.96089622373302 10.96039309586154 10.957500972289532
10.95747695722459 10.960369144784854 10.96087239661881 10.960872396618992 10.960369144785172 10.957476957224552
10.957452293282248 10.960344520652484 10.960847886252182 10.96084788625238 10.960344520652802 10.957452293282207
10.957427034102292 10.960319279102459 10.960822749114179 10.960822749114364 10.960319279102787 10.957427034102249
10.957401228891184 10.960293471174618 10.960797037017763 10.960797037017958 10.960293471174934 10.957401228891118
10.957374922788283 10.96026714369024 10.96077079749351 10.960770797493696 10.960267143690531 10.957374922788242
10.957348157202256 10.96024033960068 10.960744074143456 10.96074407414365 10.96024033960099 10.957348157202219
10.957320970119154 10.960213098307367 10.96071690696584 10.96071690696603 10.96021309830767 10.957320970119087
10.957293396385321 10.960185455955019 10.960689332652937 10.96068933265312 10.96018545595533 10.95729339638528
10.95726546796703 10.960157445700906 10.960661384864236 10.96066138486443 10.960157445701215 10.957265467967021
10.957237214188527 10.960129097961694 10.960633094477224 10.960633094477425 10.960129097962025 10.957237214188492
10.9572086619501 10.960100440640073 10.960604489817191 10.96060448981737 10.960100440640401 10.957208661950057
10.95717983592871 10.960071499332416 10.960575596868221 10.96057559686841 10.960071499332729 10.957179835928672
10.957150758761689 10.960042297519399 10.960546439466718 10.960546439466908 10.960042297519722 10.957150758761653
10.957121451215254 10.960012856740994 10.960517039478901 10.960517039479084 10.96001285674132 10.957121451215235
10.957091932339234 10.95998319675673 10.96048741696361 10.9604874169638 10.959983196757054 10.957091932339209
10.957062219608831 10.959953335692951 10.96045759032174 10.960457590321928 10.959953335693264 10.9570622196088
10.957032329054895 10.959923290177732 10.960427576433244 10.960427576433423 10.959923290178038 10.957032329054844
10.957002275383195 10.959893075464752 10.960397390782855 10.960397390783049 10.959893075465063 10.957002275383147
10.95697207208401 10.959862705546904 10.960367047575417 10.960367047575616 10.959862705547234 10.956972072083971
10.956941731532563 10.959832193260509 10.960336559841663 10.960336559841844 10.959832193260816 10.956941731532536
10.95691126508122 10.959801550380828 10.960305939535216 10.9603059395354 10.959801550381146 10.956911265081185
10.956880683143982 10.959770787709866 10.96027519762172 10.960275197621899 10.959770787710173 10.956880683143945
10.956849995274059 10.95973991515678 10.960244344160397 10.96024434416058 10.959739915157092 10.956849995274009
10.956819210235002 10.959708941811659 10.960213388379028 10.960213388379213 10.959708941811963 10.956819210234977
10.956788336066104 10.959677876013217 10.960182338742658 10.96018233874285 10.959677876013535 10.956788336066078
10.95675738014207 10.959646725410995 10.96015120301665 10.960151203016848 10.9596467254113 10.956757380142035
10.95672634922803 10.959615497022158 10.960119988324482 10.960119988324665 10.959615497022476 10.956726349228019
10.956695249530013 10.95958419728391 10.960088701200842 10.96008870120104 10.95958419728422 10.956695249529991
10.956664086741007 10.959552832101373 10.960057347640308 10.960057347640493 10.959552832101679 10.956664086740966
10.956632866083462 10.959521406891534 10.96002593314192 10.960025933142113 10.959521406891854 10.956632866083403
10.956601592348116 10.95948992662368 10.959994462750206 10.959994462750396 10.959489926623988 10.956601592348072
10.956570269929781 10.959458395856329 10.959962941092748 10.959962941092938 10.959458395856633 10.95657026992973
10.956538902859966 10.959426818771194 10.959931372414589 10.959931372414779 10.959426818771501 10.956538902859927
10.956507494836977 10.95939519920434 10.959899760609924 10.959899760610114 10.959395199204664 10.95650749483695
10.956476049253437 10.959363540674802 10.959868109251023 10.959868109251216 10.959363540675103 10.956476049253412
10.956444569221508 10.959331846410667 10.959836421614927 10.959836421615123 10.959331846410981 10.956444569221466
10.956413057596048 10.959300119373266 10.9598047007078 10.959804700707982 10.959300119373582 10.956413057596066
10.956381516996181 10.959268362279103 10.959772949287284 10.959772949287466 10.959268362279417 10.956381516996155
10.95634994982426 10.959236577620164 10.959741169883122 10.959741169883308 10.95923657762049 10.956349949824212
10.95631835828423 10.959204767682477 10.959709364815952 10.959709364816145 10.959204767682794 10.95631835828415
10.956286744397726 10.95917293456309 10.959677536214572 10.959677536214764 10.959172934563393 10.956286744397685
10.956255110019471 10.959141080185674 10.95964568603185 10.959645686032042 10.959141080186 10.956255110019423
10.956223456850735 10.959109206314974 10.959613816059196 10.95961381605939 10.959109206315295 10.956223456850717
10.956191786452274 10.959077314569837 10.959581927939976 10.959581927940178 10.959077314570145 10.95619178645223
10.956160100255698 10.959045406435246 10.959550023181727 10.959550023181917 10.959045406435562 10.956160100255678
10.956128399574405 10.959013483273534 10.959518103167353 10.959518103167536 10.959013483273848 10.956128399574375
10.956096685613174 10.958981546334345 10.95948616916544 10.959486169165642 10.958981546334655 10.956096685613145
10.95606495947723 10.958949596764072 10.95945422233977 10.95945422233996 10.95894959676439 10.95606495947718
10.956033222180368 10.958917635614343 10.959422263757883 10.959422263758082 10.95891763561467 10.956033222180354
10.956001474652714 10.958885663849877 10.95939029439907 10.959390294399265 10.958885663850177 10.956001474652693
10.95596971774744 10.958853682355581 10.959358315161714 10.959358315161921 10.958853682355903 10.955969717747383
10.955937952247119 10.958821691943331 10.959326326869963 10.959326326870148 10.958821691943655 10.955937952247094
10.955906178869812 10.958789693357788 10.959294330279741 10.959294330279922 10.958789693358112 10.955906178869771
10.955874398274068 10.958757687282155 10.959262326084566 10.959262326084769 10.958757687282471 10.95587439827402
10.955842611064071 10.958725674343087 10.95923031492064 10.959230314920836 10.958725674343397 10.955842611064035
10.955810817794108 10.95869365511546 10.959198297371536 10.959198297371739 10.958693655115773 10.955810817794063
10.955779018972562 10.958661630126663 10.959166273972619 10.959166273972812 10.958661630126985 10.955779018972505
10.955747215065845 10.958629599860474 10.959134245214985 10.959134245215191 10.958629599860787 10.955747215065767
10.955715406501756 10.95859756476066 10.959102211549158 10.95910221154934 10.958597564760975 10.955715406501707
10.955683593672841 10.958565525234338 10.959070173388382 10.959070173388568 10.958565525234658 10.955683593672816
10.955651776939156 10.95853348165497 10.959038131111795 10.95903813111197 10.958533481655293 10.955651776939117
10.955619956630946 10.958501434365166 10.959006085067156 10.95900608506735 10.958501434365466 10.955619956630905
10.955588133051204 10.958469383679121 10.958974035573519 10.958974035573705 10.958469383679448 10.955588133051174
10.955556306477863 10.958437329885209 10.958941982923522 10.958941982923703 10.958437329885522 10.955556306477813
10.95552447716587 10.958405273247834 10.95890992738563 10.958909927385822 10.958405273248161 10.95552447716583
10.955492645349144 10.958373214009642 10.95887786920613 10.958877869206317 10.958373214009958 10.955492645349107
10.955460811242235 10.958341152393183 10.958845808610945 10.958845808611136 10.958341152393487 10.955460811242183
10.955428975041952 10.958309088602565 10.958813745807312 10.958813745807502 10.958309088602872 10.955428975041919
10.955397136928843 10.958277022825106 10.958781680985366 10.958781680985554 10.958277022825415 10.955397136928816
10.955365297068573 10.958244955232589 10.958749614319487 10.958749614319679 10.958244955232898 10.95536529706854
10.955333455613042 10.958212885982618 10.958717545969671 10.958717545969858 10.958212885982933 10.955333455613019
10.955301612701632 10.958180815219773 10.958685476082684 10.958685476082875 10.95818081522008 10.955301612701613
10.955269768462257 10.95814874307667 10.95865340479314 10.95865340479334 10.95814874307699 10.955269768462221
10.955237923012142 10.958116669674963 10.958621332224565 10.958621332224753 10.958116669675281 10.955237923012094
10.955206076458898 10.958084595126266 10.95858925849023 10.958589258490425 10.958084595126577 10.95520607645886
10.955174228901242 10.958052519532975 10.958557183694076 10.958557183694275 10.958052519533272 10.9551742289012
10.955142380429692 10.958020442988962 10.958525107931454 10.95852510793165 10.958020442989271 10.955142380429654
10.955110531127348 10.9579883655804 10.958493031289809 10.958493031289995 10.95798836558071 10.955110531127307
10.955078681070352 10.957956287386324 10.958460953849347 10.958460953849544 10.957956287386642 10.955078681070315
10.955046830328621 10.957924208479241 10.958428875683712 10.958428875683902 10.95792420847955 10.95504683032859
10.95501497896631 10.957892128925653 10.95839679686039 10.958396796860587 10.957892128925963 10.955014978966263
10.9549831270422 10.957860048786564 10.95836471744132 10.958364717441508 10.957860048786868 10.954983127042134
10.954951274610243 10.95782796811794 10.958332637483318 10.958332637483505 10.957827968118256 10.954951274610194
10.954919421719927 10.957795886971137 10.958300557038498 10.95830055703868 10.957795886971454 10.954919421719886
10.954887568416707 10.957763805393231 10.958268476154673 10.958268476154858 10.957763805393537 10.95488756841666
10.954855714742179 10.95773172342742 10.958236394875701 10.958236394875888 10.957731723427756 10.95485571474215
10.954823860734589 10.957699641113395 10.958204313241808 10.958204313241996 10.957699641113706 10.954823860734557
10.95479200642897 10.957667558487449 10.958172231289923 10.958172231290114 10.95766755848775 10.95479200642893
10.9547601518575 10.957635475582947 10.95814014905388 10.958140149054067 10.957635475583253 10.95476015185745
10.95472829704964 10.957603392430514 10.958108066564744 10.958108066564936 10.957603392430812 10.954728297049598
10.95469644203248 10.957571309058151 10.958075983851005 10.958075983851204 10.957571309058467 10.954696442032423
10.95466458683076 10.95753922549168 10.9580439009388 10.958043900938987 10.957539225491976 10.95466458683075
10.954632731467408 10.957507141754665 10.958011817852126 10.958011817852316 10.957507141754977 10.954632731467372
10.954600875963155 10.957475057868793 10.957979734612946 10.957979734613133 10.957475057869118 10.954600875963141
10.954569020337292 10.95744297385395 10.957947651241437 10.957947651241634 10.957442973854274 10.954569020337244
10.95453716460729 10.957410889728376 10.957915567756128 10.957915567756322 10.957410889728678 10.95453716460724
10.9545053087893 10.957378805508732 10.957883484173985 10.957883484174175 10.957378805509046 10.954505308789258
10.954473452898146 10.957346721210422 10.957851400510576 10.957851400510762 10.957346721210754 10.954473452898098
10.954441596947383 10.957314636847535 10.957819316780208 10.957819316780386 10.957314636847848 10.954441596947328
10.95440974094941 10.957282552432911 10.957787232995956 10.95778723299614 10.957282552433222 10.954409740949382
10.954377884915736 10.957250467978437 10.957755149169868 10.95775514917006 10.957250467978747 10.954377884915687
10.954346028856769 10.957218383494975 10.957723065312978 10.957723065313171 10.957218383495283 10.954346028856715
10.954314172782126 10.957186298992484 10.957690981435388 10.957690981435574 10.9571862989928 10.954314172782063
10.95428231670064 10.957154214480129 10.957658897546393 10.957658897546574 10.957154214480429 10.954282316700578
10.954250460620383 10.957122129966253 10.957626813654482 10.957626813654674 10.957122129966569 10.954250460620319
10.954218604548796 10.957090045458598 10.957594729767493 10.957594729767676 10.957090045458898 10.954218604548723
10.954186748492594 10.957057960964205 10.957562645892569 10.957562645892775 10.957057960964514 10.954186748492573
10.954154892458181 10.957025876489517 10.957530562036318 10.957530562036515 10.95702587648984 10.95415489245813
10.954123036451158 10.95699379204052 10.957498478204732 10.957498478204917 10.956993792040844 10.954123036451094
10.954091180476793 10.956961707622655 10.957466394403353 10.957466394403546 10.95696170762296 10.954091180476755
10.954059324539903 10.956929623240889 10.957434310637252 10.957434310637446 10.956929623241203 10.954059324539898
10.954027468644957 10.956897538899828 10.957402226911094 10.957402226911288 10.956897538900142 10.954027468644957
10.953995612796009 10.956865454603674 10.957370143229138 10.957370143229332 10.956865454603989 10.953995612795982
10.953963756996728 10.956833370356284 10.957338059595308 10.957338059595505 10.956833370356602 10.953963756996693
10.953931901250533 10.956801286161216 10.957305976013185 10.95730597601338 10.956801286161522 10.953931901250515
10.953900045560578 10.95676920202168 10.957273892486091 10.957273892486276 10.956769202021995 10.953900045560559
10.95386818992974 10.956737117940664 10.957241809017024 10.95724180901721 10.956737117941 10.953868189929702
10.953836334360634 10.956705033920963 10.957209725608747 10.957209725608944 10.95670503392126 10.953836334360606
10.953804478855638 10.956672949964986 10.957177642263833 10.95717764226403 10.956672949965297 10.953804478855632
10.953772623417109 10.956640866075096 10.95714555898461 10.9571455589848 10.956640866075393 10.953772623417054
10.953740768046892 10.95660878225337 10.957113475773221 10.957113475773395 10.956608782253676 10.953740768046849
10.953708912746963 10.956576698501733 10.957081392631594 10.957081392631787 10.95657669850207 10.953708912746924
10.95367705751902 10.956544614822043 10.957049309561583 10.957049309561773 10.956544614822336 10.953677057518982
10.953645202364624 10.956512531215832 10.957017226564822 10.957017226565007 10.95651253121613 10.95364520236458
10.953613347285216 10.95648044768461 10.956985143642799 10.956985143642989 10.956480447684928 10.953613347285172
10.953581492282092 10.956448364229768 10.956953060796941 10.956953060797133 10.956448364230098 10.953581492282058
10.953549637356504 10.956416280852602 10.956920978028512 10.956920978028691 10.956416280852912 10.953549637356478
10.953517782509541 10.956384197554192 10.956888895338665 10.956888895338867 10.956384197554499 10.953517782509513
10.953485927742244 10.956352114335626 10.956856812728498 10.956856812728695 10.95635211433593 10.953485927742209
10.953454073055513 10.956320031197873 10.956824730198992 10.956824730199193 10.956320031198192 10.953454073055488
10.953422218450248 10.956287948141826 10.956792647751039 10.956792647751234 10.95628794814215 10.953422218450209
10.953390363927204 10.956255865168298 10.95676056538548 10.956760565385668 10.95625586516861 10.953390363927163
10.953358509487096 10.956223782278059 10.956728483103072 10.956728483103259 10.956223782278357 10.953358509487078
10.953326655130619 10.956191699471727 10.956696400904498 10.95669640090469 10.956191699472061 10.953326655130587
10.953294800858353 10.956159616750039 10.956664318790425 10.956664318790612 10.956159616750352 10.953294800858334
