0.7139367027407001 0.6417262286560433 0.6417262286560448 0.7139367027407028
0.9456434222996789 0.8644593821499378 0.864459382149939 0.9456434222996825
1.165971234387812 1.0817550453258493 1.0817550453258487 1.1659712343878161
1.3948711596921581 1.309151719154982 1.3091517191549806 1.3948711596921612
1.6404280471930968 1.5534021991654854 1.5534021991654832 1.6404280471931005
1.9071247195916043 1.8185833924982766 1.8185833924982722 1.9071247195916092
2.1977291752786203 2.1074002448883347 2.107400244888327 2.1977291752786225
2.513835760144631 2.4215284110342816 2.421528411034272 2.5138357601446333
2.8559945789286902 2.7616669092952053 2.7616669092951938 2.855994578928692
3.22370118917139 3.127493448927297 3.127493448927281 3.2237011891713907
3.615355330720779 3.5176032562102746 3.5176032562102506 3.61535533072078
4.028245602640624 3.9294778628428992 3.9294778628428695 4.028245602640625
4.458594579816153 4.35951488902292 4.359514889022883 4.45859457981615
4.901683331955993 4.803137575944399 4.803137575944352 4.9016833319559865
5.3520591316589305 5.254989253312638 5.254989253312579 5.352059131658923
5.803814652830396 5.709203030491097 5.709203030491031 5.803814652830387
6.250913152584009 6.159722966967288 6.159722966967216 6.250913152583999
6.687524835944829 6.600642830745492 6.600642830745407 6.687524835944812
7.108337040798862 7.026524803748157 7.0265248037480585 7.1083370407988395
7.508805600584853 7.432664064561358 7.432664064561252 7.508805600584827
7.8853253161289905 7.81527498008424 7.815274980084128 7.885325316128963
8.235310999377463 8.17158795757021 8.17158795757008 8.235310999377432
8.557193717595073 8.49985950810515 8.499859508105011 8.557193717595034
8.850346984493342 8.799308890283314 8.799308890283163 8.85034698449331
9.114963326896321 9.07000120354689 9.070001203546735 9.114963326896286
9.351902885762678 9.312698750343545 9.312698750343374 9.351902885762632
9.56253346841349 9.5287007356309 9.528700735630723 9.562533468413458
9.748577172284145 9.71968730815962 9.719687308159433 9.748577172284119
9.911973713210967 9.887578975559448 9.887578975559261 9.911973713210909
10.05476592877369 10.034417635169921 10.034417635169717 10.054765928773648
10.179009169043262 10.162271510456526 10.162271510456318 10.179009169043214
10.286703632261755 10.273163426300428 10.273163426300227 10.286703632261702
10.379747090055348 10.369020069339935 10.369020069339724 10.379747090055302
10.459904677472698 10.451638978623189 10.451638978622963 10.459904677472654
10.528792257760758 10.522669758448995 10.522669758448792 10.528792257760701
10.58787008805576 10.583606170588547 10.583606170588318 10.587870088055704
10.638443932717959 10.635786160406932 10.63578616040671 10.638443932717912
10.68167126962975 10.680397365368302 10.68039736536808 10.681671269629696
10.718570730801806 10.718486156878699 10.718486156878473 10.718570730801723
10.750033366950518 10.750968726743398 10.750968726743174 10.750033366950445
10.776834706041122 10.778643123737513 10.77864312373728 10.776834706041079
10.799646883674434 10.802201467249425 10.802201467249176 10.799646883674358
10.81905036319611 10.822241817065855 10.822241817065617 10.819050363196046
10.835544944441219 10.839279369574111 10.839279369573877 10.835544944441146
10.84955989241447 10.853756791232353 10.853756791232124 10.849559892414403
10.86146311099224 10.866053600306516 10.86605360030629 10.861463110992183
10.871569350822243 10.876494576770424 10.876494576770197 10.871569350822165
10.880147482463927 10.885357225666143 10.8853572256659 10.88014748246386
10.887426891457233 10.892878347398362 10.892878347398126 10.887426891457181
10.89360306611007 10.8992597843044 10.89925978430418 10.89360306611001
10.898842454912476 10.904673420146143 10.904673420145903 10.898842454912401
10.9032866712553 10.90926551070918 10.909265510708952 10.903286671255232
10.907056120477373 10.913160421506111 10.913160421505866 10.907056120477318
10.910253119554842 10.916463844124895 10.916463844124662 10.910253119554769
10.912964573936348 10.919265557063607 10.919265557063374 10.912964573936277
10.915264269765082 10.921641790642987 10.921641790642747 10.91526426976503
10.917214833440397 10.923657249254935 10.923657249254703 10.917214833440333
10.918869404427747 10.925366838077078 10.92536683807685 10.918869404427669
10.92027306158203 10.926817135638332 10.926817135638087 10.920273061581966
10.921464038088224 10.92804764834966 10.92804764834942 10.921464038088159
10.922474755474846 10.929091878356713 10.929091878356472 10.922474755474797
10.923332703019865 10.929978231828358 10.929978231828112 10.923332703019806
10.924061185217845 10.930730791047763 10.930730791047523 10.924061185217786
10.92467995678285 10.931369970387516 10.931369970387275 10.924679956782791
10.925205761877974 10.93191307338653 10.931913073386305 10.925205761877903
10.925652791851226 10.932374765663681 10.932374765663443 10.925652791851162
10.926033073675821 10.932767476257501 10.93276747625725 10.926033073675763
10.926356799499864 10.933101738134198 10.933101738133967 10.92635679949981
10.926632606173252 10.933386477019429 10.933386477019187 10.926632606173184
10.926867812300843 10.933629256349674 10.93362925634945 10.926867812300772
10.927068619244345 10.933836484976737 10.93383648497651 10.927068619244292
10.927240281533317 10.934013593264622 10.934013593264375 10.927240281533253
10.927387251324507 10.934165182371839 10.934165182371602 10.927387251324442
10.927513300850453 10.934295150790039 10.934295150789794 10.92751330085039
10.927621626202395 10.934406801594706 10.934406801594468 10.927621626202331
10.92771493528719 10.934502933342158 10.934502933341916 10.92771493528712
10.92779552236689 10.934585917101476 10.934585917101238 10.927795522366836
10.927865331225151 10.934657761733337 10.9346577617331 10.927865331225087
10.927926008692983 10.934720169206377 10.934720169206134 10.92792600869291
10.927978950004222 10.934774581470007 10.934774581469762 10.927978950004162
10.928025337226316 10.934822220171192 10.934822220170966 10.928025337226257
10.928066171823067 10.934864120306916 10.934864120306687 10.928066171823007
10.928102302244511 10.934901158737556 10.934901158737308 10.928102302244442
10.928134447303261 10.934934078345533 10.934934078345302 10.92813444730321
10.928163215980332 10.934963508504248 10.934963508504001 10.928163215980286
10.928189124205476 10.93498998242016 10.934989982419925 10.928189124205419
10.9282126090743 10.935013951825889 10.93501395182565 10.928212609074217
10.92823404089335 10.93503579942856 10.93503579942833 10.9282340408933
10.92825373338526 10.935055849456575 10.935055849456347 10.928253733385194
10.928271952334354 10.935074376594788 10.935074376594555 10.928271952334292
10.928288922911744 10.935091613554816 10.93509161355458 10.928288922911669
10.928304835880962 10.935107757488554 10.935107757488318 10.928304835880889
10.92831985285556 10.935122975421693 10.935122975421459 10.928319852855493
10.928334110753323 10.935137408857173 10.935137408856935 10.928334110753257
10.928347725569878 10.935151177675127 10.9351511776749 10.928347725569814
10.928360795575735 10.93516438343705 10.935164383436794 10.928360795575669
10.928373404024802 10.93517711218487 10.935177112184626 10.928373404024764
10.928385621449056 10.935189436812582 10.935189436812346 10.928385621448996
10.928397507602442 10.935201419075256 10.935201419075012 10.928397507602387
10.928409113107996 10.935213111291219 10.935213111290969 10.928409113107938
10.928420480853038 10.935224557783998 10.935224557783773 10.928420480852969
10.928431647171228 10.935235796104134 10.935235796103907 10.928431647171173
10.928442642844148 10.93524685806397 10.935246858063731 10.9284426428441
10.9284534939496 10.935257770614614 10.93525777061437 10.928453493949538
10.92846422258044 10.935268556588808 10.935268556588573 10.928464222580356
10.928474847453447 10.935279235330178 10.935279235329944 10.928474847453382
10.928485384425349 10.935289823226444 10.935289823226189 10.928485384425292
10.92849584692977 10.9353003341611 10.935300334160857 10.92849584692971
10.92850624634755 10.935310779896124 10.935310779895895 10.9285062463475
10.928516592320406 10.935321170396124 10.935321170395893 10.92851659232035
10.928526893016684 10.935331514103012 10.935331514102765 10.928526893016624
10.928537155356537 10.93534181816865 10.93534181816842 10.928537155356477
10.928547385202613 10.935352088652076 10.935352088651854 10.928547385202556
10.928557587521729 10.93536233068641 10.93536233068619 10.928557587521665
10.928567766521674 10.935372548620379 10.935372548620142 10.92856776652161
10.928577925767293 10.935382746138192 10.935382746137943 10.928577925767222
10.928588068278644 10.935392926361002 10.935392926360764 10.92858806827857
10.928598196614269 10.935403091933134 10.93540309193288 10.928598196614216
10.928608312941822 10.935413245094743 10.935413245094487 10.928608312941755
10.928618419097576 10.935423387743674 10.935423387743437 10.928618419097532
10.928628516637398 10.935433521487777 10.93543352148755 10.928628516637326
10.928638606879186 10.935443647689237 10.935443647689006 10.928638606879131
10.928648690939601 10.935453767502032 10.935453767501803 10.928648690939523
10.928658769764617 10.935463881903818 10.93546388190358 10.928658769764548
10.928668844155643 10.935473991722855 10.9354739917226 10.928668844155576
10.928678914791632 10.935484097660808 10.935484097660574 10.92867891479158
10.928688982247778 10.935494200312178 10.93549420031194 10.92868898224773
10.928699047011428 10.935504300180572 10.935504300180332 10.928699047011357
10.928709109495376 10.935514397692657 10.935514397692428 10.928709109495298
10.9287191700494 10.935524493209924 10.935524493209682 10.928719170049328
10.928729228969782 10.935534587038573 10.935534587038335 10.928729228969718
10.928739286507563 10.935544679438046 10.9355446794378 10.928739286507504
10.928749342875427 10.935554770628118 10.935554770627885 10.92874934287536
10.928759398253526 10.935564860795008 10.935564860794775 10.928759398253467
10.92876945279451 10.9355749500965 10.935574950096264 10.928769452794452
10.928779506627686 10.935585038666192 10.935585038665943 10.928779506627622
10.928789559862604 10.935595126617306 10.935595126617072 10.928789559862542
10.928799612592082 10.935605214045784 10.935605214045546 10.92879961259203
10.928809664894748 10.935615301032897 10.935615301032659 10.92880966489469
10.92881971683724 10.935625387647452 10.935625387647212 10.928819716837168
10.928829768475927 10.9356354739478 10.935635473947574 10.928829768475868
10.928839819858682 10.935645559983366 10.93564555998312 10.92883981985863
10.928849871025992 10.935655645795991 10.935655645795741 10.928849871025923
10.928859922012153 10.935665731421121 10.93566573142088 10.928859922012098
10.92886997284628 10.935675816888832 10.935675816888596 10.928869972846222
10.928880023552953 10.935685902224577 10.935685902224334 10.928880023552894
10.928890074153063 10.935695987449888 10.935695987449654 10.928890074153
10.928900124664297 10.935706072583072 10.935706072582837 10.928900124664219
10.928910175101588 10.935716157639598 10.935716157639362 10.928910175101528
10.928920225477661 10.935726242632555 10.935726242632308 10.928920225477603
10.928930275803244 10.935736327573066 10.935736327572817 10.92893027580319
10.928940326087503 10.935746412470545 10.935746412470314 10.928940326087423
10.928950376338062 10.935756497332987 10.93575649733274 10.92895037633799
10.928960426561497 10.935766582167112 10.935766582166874 10.928960426561448
10.928970476763364 10.935776666978654 10.935776666978409 10.928970476763302
10.928980526948319 10.935786751772447 10.935786751772207 10.928980526948276
10.928990577120379 10.935796836552635 10.935796836552393 10.928990577120327
10.929000627282866 10.935806921322657 10.935806921322417 10.929000627282813
10.929010677438676 10.935817006085474 10.935817006085246 10.929010677438608
10.929020727590178 10.935827090843603 10.935827090843365 10.92902072759012
10.92903077773944 10.935837175599133 10.935837175598898 10.929030777739388
10.929040827888228 10.935847260353889 10.935847260353635 10.92904082788816
10.929050878037947 10.935857345109351 10.935857345109108 10.92905087803789
10.929060928189898 10.93586742986682 10.935867429866581 10.929060928189838
10.929070978345113 10.93587751462741 10.93587751462716 10.929070978345047
10.929081028504505 10.935887599391995 10.935887599391757 10.929081028504434
10.929091078668788 10.935897684161391 10.935897684161155 10.929091078668716
10.929101128838619 10.93590776893627 10.935907768936024 10.929101128838555
10.92911117901453 10.935917853717173 10.935917853716925 10.929111179014486
10.92912122919707 10.935927938504566 10.935927938504339 10.929121229197003
10.929131279386516 10.93593802329887 10.935938023298636 10.929131279386446
10.929141329583256 10.935948108100453 10.935948108100213 10.929141329583185
10.929151379787537 10.93595819290954 10.93595819290931 10.929151379787498
10.929161429999628 10.935968277726433 10.935968277726205 10.92916142999957
10.929171480219729 10.935978362551296 10.935978362551062 10.929171480219669
10.929181530447982 10.935988447384347 10.935988447384112 10.92918153044791
10.929191580684568 10.935998532225714 10.935998532225474 10.929191580684495
10.929201630929573 10.936008617075508 10.93600861707527 10.929201630929501
10.929211681183101 10.936018701933857 10.936018701933616 10.929211681183054
10.929221731445288 10.936028786800847 10.936028786800605 10.929221731445223
10.929231781716153 10.936038871676546 10.936038871676315 10.92923178171609
10.929241831995792 10.936048956561034 10.936048956560798 10.929241831995732
10.929251882284255 10.936059041454376 10.936059041454145 10.929251882284186
10.929261932581563 10.936069126356587 10.93606912635635 10.9292619325815
10.929271982887775 10.936079211267701 10.936079211267463 10.929271982887709
10.929282033202908 10.936089296187786 10.936089296187552 10.92928203320285
10.929292083527004 10.93609938111686 10.93609938111663 10.929292083526954
10.929302133860103 10.93610946605494 10.936109466054694 10.929302133860034
10.929312184202194 10.936119551002045 10.93611955100181 10.929312184202134
10.929322234553306 10.9361296359582 10.93612963595796 10.929322234553256
10.92933228491346 10.936139720923428 10.936139720923187 10.929332284913398
10.929342335282643 10.936149805897724 10.936149805897491 10.929342335282579
10.929352385660913 10.936159890881095 10.936159890880857 10.929352385660838
10.92936243604822 10.93616997587356 10.936169975873323 10.929362436048152
10.929372486444588 10.93618006087515 10.936180060874902 10.929372486444533
10.929382536850047 10.93619014588581 10.936190145885574 10.92938253684999
10.929392587264598 10.93620023090561 10.936200230905358 10.929392587264534
10.929402637688211 10.936210315934504 10.93621031593426 10.92940263768816
10.929412688120944 10.936220400972527 10.936220400972292 10.92941268812089
10.92942273856276 10.936230486019674 10.93623048601944 10.929422738562707
10.9294327890137 10.936240571075956 10.936240571075714 10.929432789013626
10.929442839473726 10.936250656141357 10.936250656141123 10.92944283947365
10.929452889942803 10.936260741215897 10.936260741215667 10.929452889942764
10.929462940421047 10.936270826299578 10.936270826299346 10.929462940420985
10.929472990908373 10.936280911392384 10.936280911392146 10.929472990908312
10.929483041404795 10.936290996494328 10.936290996494089 10.929483041404735
10.929493091910322 10.936301081605395 10.936301081605164 10.929493091910276
10.929503142424991 10.936311166725604 10.936311166725366 10.929503142424917
10.929513192948743 10.936321251854961 10.936321251854734 10.929513192948667
10.929523243481595 10.93633133699347 10.936331336993224 10.92952324348154
10.929533294023573 10.93634142214111 10.93634142214086 10.929533294023514
10.929543344574668 10.936351507297868 10.93635150729764 10.929543344574606
10.929553395134842 10.93636159246379 10.936361592463536 10.929553395134795
10.929563445704174 10.936371677638842 10.936371677638597 10.9295634457041
10.929573496282591 10.936381762823029 10.936381762822785 10.929573496282506
10.9295835468701 10.936391848016356 10.936391848016129 10.92958354687003
10.929593597466743 10.93640193321885 10.936401933218608 10.929593597466672
10.929603648072485 10.936412018430458 10.936412018430216 10.929603648072424
10.929613698687346 10.936422103651227 10.936422103650983 10.92961369868729
10.929623749311322 10.936432188881122 10.93643218888089 10.92962374931126
10.92963379994442 10.936442274120164 10.936442274119933 10.929633799944341
10.92964385058661 10.936452359368355 10.936452359368113 10.929643850586542
10.92965390123792 10.936462444625665 10.936462444625434 10.92965390123785
10.929663951898352 10.936472529892157 10.936472529891919 10.929663951898268
10.929674002567873 10.936482615167758 10.936482615167527 10.9296740025678
10.929684053246495 10.936492700452506 10.936492700452279 10.929684053246437
10.929694103934256 10.9365027857464 10.936502785746166 10.92969410393419
10.929704154631144 10.936512871049434 10.936512871049196 10.929704154631061
10.929714205337127 10.936522956361628 10.936522956361399 10.929714205337056
10.929724256052209 10.936533041682965 10.936533041682726 10.92972425605216
10.929734306776423 10.936543127013419 10.936543127013183 10.92973430677636
10.929744357509742 10.936553212353017 10.936553212352784 10.929744357509676
10.929754408252181 10.936563297701776 10.936563297701548 10.929754408252109
10.929764459003705 10.936573383059681 10.936573383059443 10.929764459003659
10.929774509764373 10.936583468426704 10.936583468426473 10.929774509764325
10.92978456053413 10.936593553802888 10.936593553802656 10.929784560534076
10.929794611313023 10.936603639188204 10.936603639187974 10.92979461131296
10.929804662101025 10.936613724582656 10.936613724582434 10.92980466210096
10.929814712898127 10.936623809986276 10.936623809986038 10.929814712898063
10.92982476370432 10.936633895399035 10.9366338953988 10.929824763704271
10.929834814519666 10.936643980820905 10.936643980820682 10.929834814519596
10.929844865344114 10.936654066251943 10.93665406625172 10.929844865344052
10.929854916177675 10.93666415169213 10.936664151691883 10.929854916177609
10.929864967020329 10.936674237141453 10.936674237141203 10.929864967020274
10.929875017872119 10.936684322599897 10.936684322599664 10.929875017872059
10.929885068732998 10.93669440806751 10.93669440806728 10.929885068732952
10.929895119603026 10.93670449354426 10.936704493544017 10.929895119602953
10.929905170482138 10.93671457903014 10.936714579029909 10.929905170482073
10.929915221370381 10.936724664525176 10.936724664524947 10.929915221370312
10.929925272267713 10.936734750029347 10.936734750029125 10.92992527226765
10.929935323174156 10.93674483554268 10.936744835542445 10.929935323174107
10.929945374089733 10.936754921065132 10.936754921064885 10.92994537408966
10.929955425014414 10.936765006596726 10.93676500659649 10.929955425014366
10.929965475948233 10.936775092137486 10.936775092137243 10.929965475948153
10.929975526891148 10.936785177687382 10.936785177687138 10.929975526891067
10.92998557784316 10.9367952632464 10.936795263246172 10.929985577843095
10.929995628804296 10.936805348814582 10.936805348814328 10.929995628804225
10.930005679774542 10.936815434391896 10.93681543439166 10.930005679774466
10.930015730753878 10.936825519978342 10.936825519978118 10.930015730753821
10.93002578174238 10.93683560557396 10.936835605573723 10.930025781742309
10.930035832739971 10.936845691178698 10.936845691178467 10.930035832739893
10.93004588374665 10.93685577679259 10.936855776792354 10.930045883746583
10.930055934762454 10.936865862415623 10.936865862415384 10.930055934762406
10.930065985787389 10.936875948047797 10.93687594804756 10.93006598578732
10.93007603682142 10.9368860336891 10.93688603368887 10.930076036821362
10.930086087864552 10.936896119339549 10.936896119339327 10.930086087864508
10.930096138916825 10.936906204999167 10.936906204998927 10.930096138916765
10.9301061899782 10.936916290667911 10.936916290667687 10.930106189978142
10.930116241048685 10.9369263763458 10.936926376345568 10.930116241048625
10.930126292128293 10.936936462032836 10.936936462032596 10.93012629212824
10.930136343217008 10.936946547729011 10.936946547728777 10.930136343216944
10.930146394314809 10.936956633434324 10.936956633434088 10.930146394314766
10.93015644542177 10.936966719148788 10.936966719148556 10.930156445421705
10.930166496537828 10.93697680487239 10.936976804872153 10.930166496537755
10.930176547662986 10.936986890605144 10.936986890604896 10.930176547662928
10.930186598797269 10.936996976347045 10.936996976346808 10.930186598797226
10.93019664994068 10.937007062098067 10.937007062097837 10.930196649940596
10.930206701093166 10.937017147858246 10.937017147858004 10.930206701093097
10.93021675225479 10.937027233627564 10.937027233627315 10.930216752254717
10.930226803425494 10.937037319406008 10.937037319405773 10.930226803425452
10.93023685460534 10.93704740519362 10.937047405193379 10.930236854605289
10.930246905794302 10.937057490990364 10.937057490990115 10.93024690579424
10.930256956992368 10.93706757679626 10.937067576796014 10.9302569569923
10.930267008199538 10.937077662611268 10.937077662611033 10.930267008199488
10.930277059415847 10.937087748435449 10.93708774843522 10.930277059415781
10.930287110641247 10.93709783426877 10.937097834268545 10.930287110641192
10.930297161875776 10.93710792011124 10.937107920111002 10.93029716187572
10.930307213119402 10.93711800596285 10.937118005962615 10.930307213119344
10.930317264372142 10.937128091823602 10.937128091823354 10.93031726437208
10.930327315634013 10.937138177693496 10.937138177693255 10.930327315633951
10.930337366904993 10.937148263572514 10.937148263572292 10.930337366904924
10.930347418185073 10.937158349460681 10.93715834946046 10.93034741818501
10.930357469474277 10.937168435358013 10.937168435357782 10.93035746947421
10.930367520772595 10.937178521264466 10.937178521264245 10.930367520772528
10.930377572080033 10.937188607180088 10.937188607179841 10.930377572079955
10.93038762339658 10.937198693104827 10.9371986931046 10.930387623396493
10.930397674722185 10.937208779038723 10.93720877903849 10.930397674722125
10.930407726056975 10.937218864981743 10.937218864981526 10.930407726056911
10.93041777740085 10.937228950933939 10.9372289509337 10.93041777740078
10.930427828753839 10.937239036895264 10.937239036895027 10.930427828753778
