0.6302473328211288 0.5605482122863105 0.5543302541465573 0.5605482122863096 0.6302473328211282
0.80411352884355 0.717179587743455 0.7071250762884875 0.7171795877434541 0.8041135288435496
0.9551065158023561 0.8581856138168429 0.8455562843126729 0.8581856138168416 0.9551065158023548
1.1000861994496283 0.9967834258726672 0.982540790447724 0.9967834258726661 1.100086199449627
1.2457750315670284 1.1380026940429475 1.1228249819432705 1.1380026940429462 1.2457750315670268
1.3958150974008026 1.2845777578726494 1.268925612823152 1.2845777578726465 1.3958150974008003
1.552508361119328 1.4383050187986204 1.4224825562101386 1.4383050187986166 1.5525083611193258
1.7174489418297636 1.6004971622424204 1.584699854045684 1.6004971622424173 1.71744894182976
1.8917989494670662 1.7721659196041906 1.756515803035161 1.7721659196041868 1.8917989494670635
2.0764190252904475 1.9541014727764765 1.9386721379944911 1.9541014727764723 2.0764190252904435
2.2719305446885483 2.1469056174839847 2.1317395492711473 2.1469056174839785 2.2719305446885434
2.4787427972728624 2.351001877549037 2.3361223078474773 2.351001877549028 2.4787427972728566
2.69706154242065 2.5666335554374515 2.5520524668350473 2.5666335554374418 2.6970615424206437
2.9268879669070795 2.793855764776099 2.7795792277219946 2.793855764776089 2.9268879669070738
3.1680135806515177 3.0325253039224744 3.0185569739522102 3.0325253039224638 3.168013580651509
3.4200148045023853 3.2822911733035096 3.2686345145225237 3.2822911733034954 3.4200148045023733
3.682249994901951 3.5425879537467404 3.5292475726668813 3.542587953746721 3.6822499949019423
3.953860974454157 3.8126338497164567 3.799616199511369 3.812633849716437 3.953860974454144
4.233780577272493 4.091434814290144 4.078748447102963 4.091434814290122 4.23378057727248
4.5207471682965625 4.3777957417400195 4.365451233253525 4.377795741739988 4.520747168296545
4.813326516459518 4.6703392143925 4.658348851247345 4.67033921439247 4.813326516459501
5.109940795030476 4.967531731367908 4.955909031522592 4.9675317313678695 5.109940795030457
5.408903879672905 5.267716760816495 5.256475884741481 5.267716760816454 5.40890387967288
5.708461563987703 5.569153394107489 5.558308497258899 5.569153394107449 5.708461563987684
6.006834867571654 5.870058897364566 5.8596234691359905 5.870058897364517 6.006834867571632
6.30226432139098 6.168653107189927 6.158639336730905 6.168653107189873 6.302264321390952
6.59305301249528 6.463202444828668 6.45362064866414 6.463202444828619 6.59305301249525
6.877606265282731 6.752061346923193 6.742919486721143 6.752061346923131 6.8776062652826875
7.1544661151878906 7.033709126870142 7.0250124379945476 7.033709126870082 7.154466115187848
7.422339155591088 7.306780659631822 7.2985314026668755 7.306780659631746 7.422339155591049
7.680116856447338 7.5700897763175705 7.5622871151691475 7.5700897763174915 7.680116856447301
7.926888002814117 7.822644803574864 7.815284805729633 7.822644803574776 7.926888002814061
8.161943424586536 8.063656226095999 8.056731973772324 8.063656226095908 8.161943424586486
8.384773637105416 8.29253693519373 8.286038730906947 8.292536935193633 8.38477363710536
8.595060353279331 8.508895913310704 8.50281156003775 8.508895913310603 8.59506035327928
8.792663046344884 8.712526471656583 8.706841606329894 8.712526471656476 8.792663046344826
8.977601839578213 8.9033903012312 8.898088760534677 8.90339030123109 8.977601839578154
9.150037989234079 9.08159862606192 9.076662825118326 9.081598626061798 9.150037989234004
9.31025313208428 9.24739168146428 9.24280298859835 9.247391681464165 9.31025313208422
9.45862831513138 9.401117604808373 9.396856698736398 9.40111760480825 9.458628315131312
9.595623638010771 9.543211647952882 9.539258847121635 9.543211647952756 9.595623638010712
9.721759140691011 9.674176423234647 9.670511980309831 9.674176423234526 9.721759140690931
9.8375973779463 9.794563698337669 9.79116805581064 9.794563698337532 9.83759737794624
9.943727949982517 9.904958073897387 9.901812079305401 9.904958073897264 9.943727949982446
10.040754112766438 10.005962720441088 10.003047801719323 10.005962720440955 10.040754112766386
10.129281475014963 10.098187222718185 10.095485525719639 10.098187222718046 10.129281475014887
10.209908701187054 10.182237480487501 10.179731971754357 10.18223748048738 10.209908701186965
10.283220078753072 10.258707543661904 10.256382082172113 10.258707543661766 10.283220078752986
10.349779769786654 10.328173213027325 10.326012594945507 10.328173213027174 10.349779769786563
10.410127547307017 10.391187211425901 10.389177191932301 10.391187211425756 10.410127547306942
10.46477581156509 10.448275720017584 10.446403016143915 10.448275720017437 10.464775811565021
10.514207686730876 10.499936075945524 10.49818835407164 10.49993607594538 10.514207686730805
10.558876010857334 10.546635437842095 10.545001289154863 10.546635437841957 10.558876010857261
10.59920304882263 10.588810241133949 10.58727914795686 10.588810241133793 10.599203048822549
10.635580777051928 10.626866283657874 10.625428579159259 10.626866283657723 10.635580777051837
10.668371608599243 10.661179301885465 10.659826125283491 10.661179301885308 10.668371608599166
10.69790944650553 10.692095917773266 10.690819166792469 10.692095917773116 10.697909446505454
10.724500971504032 10.71993485502917 10.718727137033847 10.719934855029043 10.724500971503945
10.748427086674512 10.744988340864388 10.743842923802552 10.744988340864232 10.748427086674448
10.769944456338735 10.767523624789654 10.766434388829008 10.767523624789487 10.769944456338616
10.78928708928099 10.78778455960255 10.786745950124354 10.787784559602397 10.789287089280933
10.806667927328762 10.805993201414115 10.805000183851 10.805993201413953 10.806667927328707
10.82228040954792 10.82235139547979 10.821399412335834 10.822351395479624 10.822280409547833
10.83629998997223 10.837042322879963 10.836127253150094 10.837042322879798 10.836299989972172
10.848885593060011 10.850231989913137 10.849350111023554 10.850231989912974 10.848885593059913
10.860180996142358 10.862070647603362 10.861218599919049 10.86207064760321 10.860180996142251
10.870316132170757 10.87269413316146 10.871868887048965 10.872694133161305 10.87031613217067
10.879408309242327 10.882225128743249 10.881423954133382 10.88222512874308 10.879408309242248
10.887563345830044 10.890774335570264 10.889994773933868 10.890774335570114 10.88756334582995
10.894876622498217 10.898441563555457 10.897681402182792 10.898441563555291 10.894876622498126
10.901434052249233 10.905316738122522 10.904573986582992 10.905316738122357 10.901434052249149
10.907312972623801 10.911480827029875 10.91075369567958 10.911480827029713 10.907312972623725
10.912582963341292 10.917006690786339 10.916293571187683 10.917006690786177 10.912582963341208
10.917306593685923 10.921959860755553 10.921259307872683 10.921959860755393 10.917306593685817
10.921540104073888 10.926399249342301 10.925709965378127 10.926399249342156 10.92154010407378
10.92533402632004 10.93037779678905 10.929698616534628 10.930377796788894 10.925334026319952
10.928733747097292 10.933943059123063 10.933272936694973 10.933943059122909 10.928733747097203
10.931780018976106 10.937137741716048 10.936475738564456 10.937137741715883 10.931780018976006
10.934509423269478 10.940000182773721 10.939345456850434 10.94000018277355 10.934509423269407
10.93695478870737 10.942564790883257 10.941916586866895 10.942564790883097 10.936954788707268
10.939145569738418 10.944862440528222 10.944220081010162 10.944862440528063 10.939145569738328
10.941108188019543 10.946920829243025 10.94628370678584 10.946920829242858 10.94110818801946
10.94286634040725 10.948764799835493 10.948132369822028 10.948764799835327 10.942866340407186
10.944441276523989 10.950416630860143 10.949788405058229 10.950416630859976 10.944441276523886
10.945852048732634 10.951896298282696 10.95127183905708 10.95189629828254 10.945852048732554
10.947115737126374 10.953221711043538 10.95260062615197 10.953221711043373 10.947115737126287
10.94824765191946 10.954408923002939 10.953790860919895 10.954408923002775 10.948247651919372
10.949261515422371 10.955472323540164 10.95485696925588 10.955472323540006 10.949261515422284
10.950169625589249 10.956424808879046 10.955811880126923 10.956424808878891 10.95016962558918
10.950983002947732 10.957277936027142 10.956667179896813 10.957277936026967 10.950983002947646
10.951711522554017 10.958042061043292 10.957433250940936 10.958042061043127 10.951711522553916
10.952364032463278 10.958726463189455 10.958119396110025 10.958726463189295 10.952364032463194
10.952948460064437 10.959339456376043 10.958733950456264 10.95933945637586 10.95294846006436
10.953471907498793 10.959888489175393 10.95928438149885 10.959888489175245 10.953471907498718
10.953940737264748 10.960380234556368 10.959777379185063 10.960380234556206 10.953940737264649
10.954360649002899 10.960820670378997 10.960218936588447 10.960820670378814 10.954360649002814
10.954736748358325 10.961215151588517 10.9606144222854 10.96121515158835 10.954736748358227
10.955073608727513 10.96156847495374 10.960968645257275 10.961568474953577 10.955073608727401
10.955375326617913 10.961884937111153 10.961285913081767 10.961884937111005 10.955375326617823
10.955645571274538 10.962168386600586 10.961570084100256 10.962168386600414 10.955645571274474
10.955887629162065 10.962422270508615 10.961824614179811 10.962422270508442 10.95588762916197
10.956104443831963 10.962649676274452 10.96205259862492 10.962649676274292 10.956104443831878
10.956298651650563 10.962853369156397 10.962256809739205 10.962853369156226 10.956298651650469
10.956472613814613 10.963035825806292 10.962439730485192 10.963035825806145 10.956472613814531
10.956628445038632 10.963199264354575 10.962603584645704 10.96319926435441 10.956628445038536
10.956768039257902 10.96334567136608 10.962750363848373 10.963345671365907 10.9567680392578
10.956893092656696 10.96347682599127 10.962881851778194 10.963476825991103 10.9568930926566
10.957005124298732 10.963594321603228 10.962999645869477 10.963594321603077 10.95700512429863
10.957105494608808 10.96369958518119 10.963105176738841 10.963699585181038 10.957105494608713
10.957195421928635 10.963793894674676 10.963199725593443 10.963793894674511 10.95719542192854
10.957275997347166 10.963878394557998 10.963284439825197 10.963878394557822 10.957275997347073
10.957348197984716 10.963954109763264 10.963360346979167 10.96395410976311 10.957348197984631
10.957412898891663 10.96402195816057 10.96342836726546 10.964021958160414 10.95741289889158
10.957470883706167 10.964082761736258 10.96348932476615 10.964082761736087 10.957470883706089
10.957522854199807 10.964137256605362 10.963543957473115 10.964137256605216 10.95752285419972
10.95756943882721 10.964186101979168 10.96359292627838 10.964186101979015 10.957569438827136
10.957611200383484 10.964229888196913 10.96363682302645 10.964229888196737 10.957611200383406
10.957648642862248 10.964269143919186 10.963676177725901 10.964269143919033 10.957648642862155
10.957682217597682 10.964304342570586 10.9637114650085 10.964304342570413 10.957682217597615
10.957712328765574 10.964335908109431 10.963743109913636 10.964335908109266 10.957712328765483
10.957739338309525 10.96436422019536 10.963771493069043 10.9643642201952 10.957739338309446
10.95776357035323 10.964389618817087 10.963796955330423 10.964389618816924 10.957763570353144
10.957785315151481 10.964412408437004 10.963819801936559 10.964412408436838 10.957785315151417
10.957804832628984 10.964432861702873 10.963840306230464 10.964432861702702 10.957804832628904
10.957822355549034 10.96445122277174 10.963858712991835 10.964451222771578 10.957822355548952
10.957838092351675 10.96446771028694 10.963875241421537 10.964467710286765 10.957838092351583
10.957852229695078 10.964482520043727 10.963890087814152 10.964482520043559 10.95785222969499
10.957864934731564 10.96449582737677 10.963903427951509 10.964495827376618 10.957864934731466
10.957876357145768 10.964507789298125 10.963915419245991 10.964507789297954 10.95787635714567
10.95788663097995 10.964518546411666 10.963926202660144 10.964518546411519 10.957886630979848
10.957895876268516 10.964528224627893 10.963935904425446 10.964528224627731 10.957895876268413
10.957904200501783 10.964536936699066 10.963944637581774 10.964536936698902 10.95790420050172
10.957911699936938 10.964544783594441 10.963952503355877 10.96454478359428 10.95791169993685
10.957918460771687 10.964551855731445 10.963959592395765 10.964551855731287 10.95791846077161
10.957924560195687 10.964558234078437 10.963965985876264 10.964558234078288 10.95792456019559
10.957930067331702 10.964563991142056 10.963971756488958 10.964563991141906 10.95793006733161
10.957935044078814 10.964569191851611 10.963976969328685 10.96456919185144 10.957935044078718
10.957939545867168 10.96457389435074 10.963981682687434 10.964573894350588 10.957939545867077
10.957943622334115 10.964578150706803 10.963985948765286 10.96457815070663 10.957943622334032
10.95794731792949 10.964582007545614 10.963989814307018 10.964582007545452 10.957947317929392
10.957950672457732 10.964585506620319 10.963993321172229 10.964585506620155 10.95795067245766
10.957953721563518 10.964588685320482 10.963996506845849 10.964588685320308 10.957953721563442
10.957956497166283 10.964591577128186 10.963999404895336 10.964591577128024 10.95795649716619
10.957959027849615 10.964594212026329 10.964002045380052 10.964594212026165 10.957959027849515
10.957961339209858 10.964596616864338 10.96400445521795 10.964596616864176 10.957961339209774
10.957963454168365 10.964598815685676 10.964006658513735 10.96459881568552 10.957963454168295
10.957965393251001 10.964600830021041 10.964008676853048 10.964600830020867 10.95796539325091
10.957967174838405 10.964602679150953 10.9640105295656 10.964602679150785 10.95796717483834
10.957968815390434 10.96460438034096 10.964012233960958 10.96460438034081 10.957968815390348
10.95797032964659 10.964605949052226 10.964013805539707 10.964605949052064 10.95797032964649
10.957971730805998 10.964607399130058 10.964015258182453 10.964607399129894 10.957971730805916
10.95797303068839 10.96460874297279 10.964016604319166 10.964608742972636 10.957973030688315
10.957974239878213 10.964609991683037 10.964017855080778 10.96460999168288 10.957974239878132
10.957975367853713 10.964611155203057 10.964019020434925 10.964611155202892 10.957975367853624
10.957976423102588 10.964612242436079 10.96402010930749 10.964612242435917 10.957976423102497
10.957977413225505 10.964613261354831 10.96402112969158 10.964613261354682 10.957977413225398
10.957978345028682 10.964614219098863 10.964022088744915 10.96461421909869 10.957978345028627
10.957979224607255 10.964615122061495 10.964022992877165 10.964615122061339 10.957979224607172
10.957980057419118 10.96461597596795 10.964023847828104 10.964615975967774 10.95798005741903
10.957980848351845 10.964616785945077 10.964024658737689 10.964616785944909 10.95798084835178
10.957981601782295 10.96461755658392 10.964025430208661 10.964617556583764 10.957981601782214
10.957982321629748 10.964618291995738 10.964026166362776 10.964618291995572 10.957982321629675
10.957983011404064 10.9646189958621 10.964026870890972 10.96461899586193 10.957983011403952
10.957983674248062 10.964619671479815 10.964027547098503 10.964619671479655 10.95798367424797
10.957984312976302 10.964620321801164 10.964028197945126 10.964620321800998 10.957984312976214
10.957984930109125 10.96462094946986 10.964028826081329 10.964620949469692 10.95798493010903
10.957985527903443 10.964621556853322 10.964029433880595 10.964621556853153 10.95798552790335
10.957986108380345 10.964622146071575 10.96403002346831 10.964622146071418 10.957986108380268
10.957986673349671 10.964622719023083 10.964030596747765 10.964622719022907 10.957986673349586
10.957987224432106 10.964623277407842 10.964031155423356 10.964623277407691 10.957987224432028
10.957987763078993 10.964623822748274 10.964031701021328 10.96462382274811 10.9579877630789
10.957988290589958 10.964624356407604 10.964032234908428 10.964624356407436 10.957988290589878
10.95798880812883 10.964624879606653 10.964032758308555 10.964624879606488 10.957988808128736
10.957989316737777 10.964625393438602 10.964033272317689 10.964625393438434 10.957989316737688
10.957989817350088 10.964625898882424 10.964033777917317 10.96462589888226 10.957989817349995
10.957990310801444 10.964626396814761 10.9640342759863 10.964626396814602 10.957990310801376
10.9579907978403 10.96462688802064 10.964034767311663 10.964626888020485 10.95799079784023
10.957991279136795 10.96462737320305 10.96403525259821 10.964627373202877 10.95799127913673
10.957991755291067 10.964627852991486 10.96403573247701 10.964627852991324 10.957991755291005
10.957992226840569 10.964628327949681 10.964036207513274 10.964628327949532 10.957992226840483
10.957992694266508 10.964628798582478 10.964036678213077 10.964628798582318 10.957992694266414
10.957993157999827 10.964629265341884 10.964037145029634 10.964629265341719 10.957993157999748
10.957993618426473 10.964629728632735 10.964037608368782 10.964629728632568 10.957993618426382
10.957994075891996 10.964630188817518 10.964038068593927 10.964630188817347 10.957994075891927
10.957994530705937 10.964630646220842 10.964038526030558 10.96463064622069 10.957994530705848
10.957994983145337 10.964631101133445 10.964038980970068 10.964631101133282 10.957994983145245
10.957995433458372 10.964631553815575 10.964039433673435 10.964631553815416 10.9579954334583
10.957995881867317 10.964632004500352 10.96403988437438 10.964632004500189 10.957995881867229
10.95799632857112 10.964632453396558 10.964040333282153 10.964632453396385 10.957996328571031
10.957996773748002 10.964632900691079 10.964040780584202 10.964632900690926 10.957996773747954
10.957997217557605 10.964633346551349 10.964041226448298 10.964633346551178 10.957997217557505
10.957997660142714 10.96463379112721 10.964041671024727 10.964633791127053 10.957997660142635
10.957998101631377 10.96463423455294 10.964042114448093 10.964634234552777 10.957998101631292
10.957998542138167 10.964634676948732 10.96404255683889 10.96463467694857 10.957998542138085
10.957998981765707 10.96463511842223 10.964042998305047 10.964635118422061 10.95799898176563
10.95799942060587 10.964635559069814 10.964043438943163 10.964635559069642 10.957999420605782
10.957999858740983 10.964635998977778 10.964043878839801 10.964635998977615 10.95799985874088
10.958000296244691 10.964636438223474 10.964044318072464 10.96463643822331 10.95800029624458
10.958000733182983 10.964636876876089 10.964044756710535 10.964636876875923 10.958000733182898
10.958001169614974 10.9646373149976 10.964045194816174 10.964637314997436 10.958001169614898
10.958001605593624 10.964637752643533 10.964045632444995 10.964637752643366 10.95800160559351
10.958002041166223 10.964638189863585 10.964046069646848 10.964638189863415 10.958002041166138
10.958002476375256 10.96463862670227 10.964046506466362 10.964638626702099 10.958002476375174
10.958002911258726 10.96463906319942 10.96404694294349 10.96463906319926 10.958002911258635
10.958003345850658 10.964639499390787 10.964047379114024 10.964639499390616 10.958003345850555
10.958003780181503 10.964639935308266 10.964047815009998 10.9646399353081 10.958003780181418
10.958004214278564 10.96464037098052 10.964048250660117 10.964640370980359 10.958004214278466
10.958004648166263 10.964640806433191 10.964048686090068 10.964640806433025 10.958004648166185
10.958005081866519 10.964641241689195 10.964049121322871 10.96464124168903 10.958005081866423
10.958005515398863 10.964641676769109 10.964049556379145 10.964641676768938 10.958005515398776
10.958005948780897 10.964642111691314 10.964049991277308 10.964642111691152 10.958005948780816
10.95800638202834 10.964642546472328 10.964050426033902 10.964642546472165 10.958006382028227
10.958006815155175 10.964642981126891 10.964050860663727 10.964642981126728 10.958006815155093
10.958007248174113 10.964643415668236 10.96405129518004 10.96464341566806 10.958007248174017
10.958007681096348 10.964643850108152 10.964051729594681 10.96464385010799 10.958007681096266
10.958008113932037 10.964644284457293 10.9640521639183 10.964644284457123 10.958008113931964
10.95800854669023 10.964644718725113 10.964052598160405 10.964644718724943 10.95800854669014
10.958008979378993 10.964645152920136 10.964053032329515 10.964645152919976 10.95800897937891
10.958009412005637 10.96464558704996 10.964053466433269 10.964645587049805 10.958009412005536
10.95800984457657 10.96464602112141 10.964053900478492 10.964646021121242 10.958009844576498
10.958010277097706 10.964646455140581 10.964054334471308 10.964646455140402 10.958010277097628
10.958010709574225 10.964646889112924 10.964054768417176 10.96464688911277 10.95801070957414
10.958011142010747 10.964647323043362 10.964055202321036 10.964647323043208 10.958011142010678
10.958011574411547 10.96464775693626 10.964055636187245 10.96464775693609 10.958011574411447
10.958012006780237 10.964648190795547 10.964056070019769 10.96464819079538 10.95801200678015
10.958012439120264 10.964648624624733 10.964056503822121 10.964648624624578 10.958012439120193
10.958012871434606 10.964649058426978 10.964056937597455 10.964649058426815 10.958012871434525
10.95801330372594 10.96464949220509 10.964057371348604 10.964649492204918 10.95801330372584
10.958013735996683 10.964649925961586 10.964057805078074 10.964649925961433 10.958013735996582
10.958014168248951 10.964650359698751 10.964058238788148 10.964650359698588 10.958014168248866
10.958014600484718 10.964650793418576 10.964058672480862 10.964650793418413 10.958014600484644
10.958015032705722 10.964651227122896 10.964059106158013 10.964651227122737 10.958015032705628
10.958015464913467 10.964651660813331 10.964059539821257 10.96465166081317 10.958015464913379
10.958015897109368 10.964652094491335 10.964059973472022 10.964652094491171 10.958015897109256
10.95801632929464 10.964652528158187 10.964060407111624 10.964652528158018 10.958016329294539
10.95801676147039 10.964652961815077 10.964060840741233 10.96465296181492 10.958016761470304
10.958017193637666 10.964653395463056 10.96406127436189 10.964653395462884 10.958017193637588
10.958017625797334 10.96465382910302 10.964061707974553 10.964653829102863 10.95801762579723
10.958018057950161 10.964654262735847 10.964062141580035 10.964654262735676 10.958018057950065
10.95801849009687 10.964654696362263 10.964062575179089 10.964654696362105 10.958018490096784
10.958018922238162 10.964655129982956 10.964063008772392 10.964655129982793 10.958018922238047
10.958019354374507 10.964655563598493 10.964063442360567 10.964655563598345 10.958019354374414
10.95801978650651 10.964655997209462 10.964063875944145 10.964655997209293 10.958019786506396
10.958020218634559 10.964656430816307 10.964064309523561 10.964656430816152 10.95802021863447
10.958020650759126 10.964656864419487 10.964064743099334 10.96465686441931 10.958020650759035
10.958021082880572 10.96465729801935 10.964065176671754 10.964657298019182 10.95802108288047
10.958021514999153 10.964657731616269 10.964065610241246 10.96465773161611 10.958021514999071
10.958021947115254 10.964658165210546 10.964066043808074 10.964658165210382 10.958021947115164
10.958022379229101 10.964658598802469 10.964066477372564 10.96465859880231 10.958022379229018
10.95802281134095 10.964659032392273 10.964066910934925 10.96465903239212 10.95802281134086
10.95802324345098 10.964659465980212 10.964067344495383 10.964659465980032 10.958023243450889
10.9580236755594 10.964659899566444 10.964067778054154 10.964659899566279 10.958023675559307
10.958024107666391 10.964660333151167 10.964068211611412 10.964660333150995 10.9580241076663
10.958024539772117 10.964660766734529 10.964068645167309 10.964660766734365 10.958024539771994
10.958024971876622 10.964661200316694 10.964069078721982 10.96466120031653 10.95802497187654
10.958025403980116 10.96466163389775 10.964069512275586 10.964661633897585 10.95802540398004
10.958025836082701 10.964662067477867 10.964069945828225 10.964662067477708 10.95802583608263
10.958026268184502 10.964662501057125 10.964070379379978 10.964662501056957 10.958026268184405
10.9580267002855 10.964662934635586 10.964070812930984 10.964662934635417 10.958026700285421
10.958027132385888 10.964663368213385 10.96407124648128 10.964663368213218 10.958027132385812
10.958027564485672 10.964663801790545 10.964071680030962 10.964663801790374 10.958027564485596
10.958027996584919 10.96466423536718 10.964072113580084 10.964664235367005 10.958027996584864
10.958028428683757 10.964664668943293 10.964072547128726 10.964664668943133 10.958028428683669
10.958028860782145 10.964665102518987 10.964072980676915 10.964665102518815 10.95802886078205
10.958029292880163 10.964665536094286 10.964073414224753 10.964665536094126 10.958029292880076
10.958029724977855 10.964665969669255 10.964073847772214 10.964665969669102 10.958029724977761
10.958030157075246 10.9646664032439 10.964074281319373 10.964666403243736 10.958030157075157
10.958030589172388 10.964666836818282 10.964074714866253 10.964666836818115 10.958030589172303
10.958031021269289 10.964667270392402 10.96407514841289 10.964667270392244 10.95803102126918
10.958031453365976 10.964667703966303 10.964075581959296 10.964667703966157 10.958031453365876
10.958031885462484 10.96466813754002 10.96407601550552 10.96466813753987 10.958031885462388
10.958032317558809 10.964668571113581 10.964076449051573 10.964668571113409 10.958032317558734
10.958032749655011 10.964669004686973 10.964076882597483 10.96466900468681 10.958032749654933
10.958033181751091 10.96466943826025 10.964077316143237 10.96466943826008 10.958033181751013
10.958033613847038 10.964669871833372 10.964077749688904 10.964669871833218 10.958033613846977
10.958034045942924 10.96467030540641 10.964078183234436 10.964670305406258 10.95803404594284
10.958034478038696 10.964670738979361 10.964078616779892 10.96467073897921 10.95803447803861
10.958034910134415 10.964671172552242 10.96407905032526 10.964671172552073 10.95803491013432
10.958035342230058 10.964671606125034 10.96407948387055 10.964671606124872 10.95803534222996
10.958035774325635 10.964672039697774 10.964079917415793 10.964672039697609 10.958035774325534
10.958036206421168 10.964672473270454 10.964080350960991 10.964672473270298 10.958036206421076
10.95803663851666 10.964672906843123 10.964080784506137 10.964672906842942 10.95803663851656
10.958037070612095 10.964673340415702 10.964081218051234 10.964673340415542 10.958037070612002
10.958037502707505 10.964673773988274 10.964081651596297 10.964673773988109 10.958037502707432
10.958037934802904 10.96467420756081 10.964082085141332 10.964674207560645 10.95803793480282
10.958038366898288 10.964674641133326 10.964082518686359 10.964674641133167 10.958038366898183
10.95803879899362 10.964675074705822 10.96408295223136 10.964675074705665 10.958038798993558
10.958039231089 10.964675508278306 10.964083385776329 10.96467550827814 10.9580392310889
10.958039663184294 10.964675941850777 10.96408381932131 10.964675941850611 10.958039663184232
10.958040095279632 10.964676375423233 10.964084252866265 10.964676375423064 10.958040095279554
10.958040527374946 10.964676808995677 10.964084686411235 10.96467680899553 10.958040527374862
10.958040959470289 10.964677242568145 10.964085119956172 10.964677242567982 10.958040959470184
10.958041391565578 10.964677676140589 10.96408555350113 10.96467767614043 10.95804139156549
10.958041823660913 10.964678109713038 10.96408598704607 10.964678109712866 10.958041823660816
10.958042255756206 10.964678543285492 10.964086420591023 10.964678543285336 10.95804225575613
10.958042687851526 10.964678976857947 10.964086854135987 10.964678976857787 10.958042687851455
10.958043119946867 10.964679410430398 10.964087287680956 10.964679410430254 10.958043119946787
10.958043552042191 10.964679844002868 10.96408772122592 10.964679844002722 10.958043552042117
10.95804398413756 10.964680277575356 10.964088154770899 10.9646802775752 10.958043984137467
10.958044416232912 10.964680711147832 10.964088588315894 10.964680711147688 10.958044416232829
