0.8802838708233912 0.8102311483129337 0.8802838708233918
1.268182996049657 1.1925688598394 1.268182996049657
1.6890093024668664 1.607590916364795 1.6890093024668664
2.168020542702902 2.0796399542056054 2.1680205427029025
2.714677055626202 2.618986451313174 2.714677055626202
3.3297095132063514 3.2274035264056535 3.3297095132063492
4.005578963710455 3.898463169587955 4.005578963710452
4.726675142041587 4.61757049745314 4.726675142041582
5.470711947734696 5.363142198022856 5.470711947734693
6.211602895612705 6.109297172200822 6.211602895612702
6.923287510321576 6.829620975633704 6.923287510321568
7.583469805091965 7.501001590489615 7.583469805091953
8.17624343675399 8.106469724067901 8.176243436753984
8.693072874828035 8.636422374790907 8.69307287482802
9.132243431825783 9.088258572770723 9.13224343182577
9.497330910441045 9.464939559827156 9.49733091044104
9.795337036706817 9.773128128980375 9.795337036706806
10.03497913451493 10.021428724454259 10.034979134514924
10.225382024612577 10.219010566697278 10.225382024612564
10.375221221345987 10.374686076497982 10.37522122134598
10.492252433818193 10.496390257314136 10.492252433818171
10.583121866264097 10.590957370073133 10.58312186626407
10.65335549895143 10.664090507219608 10.653355498951413
10.70744771920638 10.72044054875151 10.707447719206368
10.74899475085066 10.76373635324434 10.748994750850663
10.780839316122943 10.79692988167141 10.780839316122917
10.805208064857908 10.822335939955858 10.805208064857903
10.823833114378314 10.841756744546283 10.823833114378314
10.83805488695579 10.856587856229236 10.838054886955785
10.848906605698405 10.867905520584662 10.84890660569838
10.857182322268748 10.876537156392777 10.857182322268732
10.86349089813958 10.883117386988841 10.863490898139561
10.868298391596543 10.888132093031155 10.86829839159653
10.871961084406543 10.891952769328634 10.871961084406546
10.874751068020474 10.89486316013901 10.874751068020469
10.876875980826345 10.89707981644233 10.876875980826318
10.878494184654482 10.898767909193063 10.878494184654462
10.879726406191358 10.90005336275537 10.879726406191335
10.880664650434651 10.901032147162162 10.880664650434635
10.881379016010705 10.901777384273016 10.881379016010701
10.881922900779275 10.902344776222382 10.881922900779267
10.882336974767634 10.902776748832023 10.882336974767625
10.882652210498009 10.903105612203 10.882652210497994
10.882892193290067 10.903355970466539 10.882892193290054
10.88307488200804 10.903546558401667 10.883074882008028
10.88321395062058 10.903691640848493 10.883213950620567
10.883319810165355 10.903802078770173 10.88331981016533
10.883400387135016 10.903886141241127 10.883400387135
10.883461716271244 10.903950123840339 10.883461716271231
10.883508391977358 10.903998819562958 10.883508391977358
10.883543912046285 10.904035877398655 10.883543912046274
10.883570939378403 10.90406407535849 10.883570939378362
10.883591501248135 10.90408552835293 10.883591501248125
10.883607141017542 10.904101846462293 10.883607141017519
10.883619033641503 10.904114255434445 10.88361903364149
10.883628073605353 10.90412368842347 10.883628073605344
10.883634941873108 10.904130855831768 10.883634941873098
10.88364015685588 10.904136298481694 10.883640156855865
10.883644113214293 10.904140428095397 10.883644113214274
10.883647111398815 10.904143558112194 10.883647111398792
10.883649380138626 10.904145927149413 10.883649380138621
10.883651093562252 10.904147716863395 10.883651093562243
10.88365238423149 10.90414906554672 10.883652384231487
10.883653353063758 10.904150078479615 10.883653353063748
10.883654076886103 10.90415083581047 10.883654076886078
10.883654614185891 10.90415139855514 10.883654614185875
10.88365500948877 10.904151813164157 10.883655009488752
10.883655296691396 10.904152114999603 10.883655296691384
10.883655501598874 10.904152330982173 10.88365550159887
10.883655643856263 10.904152481606175 10.883655643856248
10.883655738419014 10.904152582473628 10.883655738418984
10.883655796672537 10.904152645462194 10.883655796672521
10.883655827284372 10.904152679614064 10.883655827284368
10.883655836852983 10.90415269181297 10.883655836852956
10.883655830401711 10.904152687299446 10.883655830401693
10.883655811754714 10.904152670062949 10.883655811754707
10.883655783823318 10.90415264314064 10.883655783823295
10.883655748823815 10.904152608844706 10.88365574882379
10.883655708443461 10.904152568935304 10.883655708443449
10.88365566396677 10.904152524752424 10.883655663966739
10.883655616371563 10.904152477316263 10.883655616371549
10.883655566402304 10.904152427403403 10.8836555664023
10.88365551462569 10.904152375605058 10.883655514625687
10.88365546147319 10.904152322371328 10.883655461473174
10.883655407273242 10.904152268044847 10.883655407273212
10.883655352275829 10.904152212886482 10.883655352275833
10.88365529667141 10.904152157094835 10.883655296671396
10.883655240604845 10.904152100821054 10.883655240604835
10.883655184186445 10.904152044180243 10.883655184186427
10.883655127500209 10.90415198726002 10.88365512750019
10.883655070610056 10.904151930127062 10.883655070610056
10.8836550135647 10.90415187283218 10.883655013564693
10.883654956401147 10.90415181541401 10.883654956401141
10.883654899147672 10.904151757902012 10.883654899147649
10.883654841825685 10.904151700318542 10.883654841825676
10.883654784451558 10.904151642680691 10.883654784451556
10.883654727037754 10.90415158500141 10.883654727037733
10.883654669593724 10.904151527290631 10.883654669593687
10.883654612126687 10.90415146955583 10.883654612126648
10.883654554642117 10.904151411802797 10.88365455464209
10.88365449714424 10.904151354035847 10.883654497144217
10.88365443963621 10.904151296258304 10.88365443963619
10.883654382120433 10.90415123847266 10.88365438212043
10.883654324598803 10.904151180680904 10.883654324598782
10.8836542670727 10.9041511228845 10.883654267072673
10.88365420954316 10.904151065084514 10.883654209543145
10.883654152011044 10.904151007281836 10.883654152011019
10.883654094476947 10.904150949477092 10.883654094476926
10.883654036941351 10.90415089167081 10.88365403694134
10.883653979404611 10.904150833863286 10.8836539794046
10.883653921867003 10.904150776054879 10.88365392186698
10.883653864328735 10.904150718245779 10.883653864328716
10.883653806789944 10.904150660436136 10.883653806789923
10.883653749250763 10.904150602626084 10.883653749250756
10.883653691711313 10.904150544815748 10.883653691711276
10.883653634171607 10.904150487005175 10.883653634171612
10.883653576631774 10.90415042919444 10.883653576631751
10.8836535190918 10.90415037138353 10.883653519091764
10.8836534615517 10.904150313572563 10.883653461551688
10.883653404011545 10.904150255761499 10.883653404011538
10.88365334647134 10.904150197950365 10.883653346471323
10.883653288931075 10.904150140139212 10.883653288931072
10.883653231390799 10.904150082327998 10.883653231390774
10.883653173850472 10.90415002451677 10.883653173850465
10.883653116310136 10.904149966705521 10.883653116310136
10.883653058769806 10.904149908894258 10.883653058769797
10.883653001229447 10.904149851082988 10.883653001229444
10.883652943689096 10.904149793271692 10.883652943689071
10.883652886148699 10.904149735460418 10.883652886148703
10.883652828608357 10.904149677649153 10.883652828608332
10.883652771067972 10.90414961983784 10.883652771067968
10.883652713527573 10.904149562026541 10.88365271352757
10.883652655987204 10.904149504215233 10.8836526559872
10.883652598446833 10.904149446403943 10.883652598446817
10.883652540906446 10.904149388592627 10.883652540906427
10.883652483366065 10.904149330781326 10.883652483366046
10.883652425825684 10.904149272970031 10.883652425825668
10.88365236828528 10.904149215158714 10.883652368285281
10.883652310744928 10.904149157347428 10.883652310744896
10.883652253204525 10.904149099536117 10.883652253204522
10.883652195664142 10.90414904172481 10.88365219566413
10.883652138123743 10.90414898391351 10.883652138123733
10.883652080583374 10.904148926102213 10.88365208058337
10.883652023042982 10.904148868290905 10.883652023042972
10.883651965502606 10.90414881047959 10.883651965502587
10.883651907962232 10.904148752668313 10.88365190796219
10.883651850421822 10.904148694857007 10.883651850421813
10.883651792881441 10.904148637045669 10.883651792881427
10.88365173534105 10.904148579234356 10.883651735341031
10.883651677800684 10.904148521423064 10.883651677800655
10.883651620260279 10.904148463611772 10.883651620260261
10.883651562719908 10.904148405800468 10.883651562719896
10.883651505179513 10.904148347989167 10.883651505179504
10.883651447639128 10.904148290177861 10.883651447639117
10.883651390098768 10.90414823236656 10.883651390098745
10.883651332558367 10.904148174555269 10.883651332558372
10.883651275018 10.904148116743967 10.883651275017977
10.883651217477615 10.904148058932662 10.883651217477597
10.883651159937235 10.904148001121355 10.883651159937221
10.883651102396831 10.904147943310052 10.883651102396833
10.883651044856455 10.90414788549875 10.883651044856451
10.883650987316086 10.904147827687451 10.883650987316068
10.883650929775703 10.904147769876133 10.883650929775689
10.883650872235298 10.90414771206483 10.883650872235291
10.883650814694935 10.904147654253551 10.883650814694919
10.883650757154557 10.904147596442245 10.88365075715454
10.883650699614183 10.90414753863095 10.883650699614165
10.883650642073821 10.904147480819656 10.883650642073793
10.88365058453344 10.904147423008357 10.883650584533427
10.883650526993058 10.904147365197067 10.883650526993042
10.8836504694527 10.90414730738578 10.883650469452668
10.883650411912306 10.90414724957448 10.883650411912303
10.883650354371943 10.904147191763192 10.883650354371923
10.88365029683155 10.90414713395189 10.883650296831538
10.883650239291176 10.904147076140603 10.883650239291173
10.883650181750799 10.904147018329294 10.88365018175079
10.88365012421042 10.904146960518002 10.883650124210414
10.883650066670048 10.90414690270671 10.883650066670045
10.883650009129664 10.904146844895415 10.883650009129662
10.883649951589307 10.904146787084125 10.883649951589291
10.883649894048931 10.904146729272812 10.88364989404891
10.883649836508553 10.904146671461513 10.883649836508532
10.883649778968172 10.904146613650227 10.883649778968161
10.883649721427812 10.904146555838938 10.883649721427796
10.883649663887436 10.904146498027641 10.883649663887418
10.883649606347053 10.90414644021636 10.883649606347044
10.883649548806698 10.90414638240507 10.883649548806678
10.883649491266327 10.904146324593778 10.88364949126631
10.883649433725934 10.904146266782488 10.883649433725932
10.883649376185582 10.904146208971191 10.883649376185556
10.883649318645208 10.9041461511599 10.88364931864519
10.883649261104829 10.904146093348613 10.88364926110482
10.883649203564469 10.904146035537341 10.883649203564458
10.88364914602411 10.90414597772603 10.88364914602408
10.883649088483704 10.904145919914736 10.883649088483702
10.883649030943364 10.904145862103448 10.883649030943339
10.883648973402991 10.904145804292165 10.883648973402964
10.883648915862617 10.904145746480879 10.883648915862597
10.883648858322244 10.904145688669571 10.88364885832223
10.88364880078185 10.904145630858308 10.883648800781849
10.883648743241507 10.904145573047003 10.883648743241492
10.883648685701138 10.904145515235717 10.883648685701116
10.883648628160785 10.904145457424427 10.883648628160755
10.883648570620416 10.90414539961312 10.883648570620384
10.883648513080033 10.904145341801858 10.883648513080022
10.883648455539662 10.904145283990584 10.883648455539651
10.883648397999284 10.90414522617926 10.883648397999265
10.883648340458906 10.904145168368006 10.883648340458905
10.883648282918571 10.904145110556716 10.883648282918552
10.883648225378199 10.904145052745413 10.883648225378181
10.88364816783783 10.90414499493412 10.883648167837809
10.883648110297466 10.904144937122847 10.883648110297443
10.883648052757113 10.90414487931157 10.883648052757097
10.883647995216752 10.90414482150029 10.88364799521673
10.88364793767637 10.904144763689004 10.883647937676354
10.88364788013602 10.904144705877712 10.88364788013599
10.883647822595663 10.904144648066444 10.883647822595629
10.883647765055278 10.904144590255147 10.88364776505527
10.883647707514932 10.904144532443866 10.883647707514905
10.88364764997457 10.904144474632584 10.883647649974554
10.883647592434212 10.90414441682132 10.883647592434192
10.883647534893836 10.904144359010022 10.883647534893816
10.883647477353463 10.904144301198748 10.883647477353456
10.883647419813125 10.904144243387474 10.883647419813094
10.883647362272752 10.904144185576182 10.883647362272754
10.883647304732408 10.904144127764923 10.883647304732378
10.883647247192028 10.904144069953626 10.883647247192023
10.883647189651674 10.90414401214235 10.883647189651652
10.883647132111298 10.904143954331051 10.883647132111278
10.883647074570943 10.904143896519795 10.883647074570936
10.883647017030587 10.904143838708505 10.88364701703058
10.88364695949023 10.90414378089723 10.883646959490223
10.883646901949884 10.904143723085962 10.883646901949879
10.883646844409506 10.904143665274683 10.883646844409505
10.883646786869154 10.90414360746341 10.883646786869146
10.883646729328813 10.904143549652144 10.8836467293288
10.883646671788439 10.904143491840841 10.883646671788439
10.883646614248084 10.904143434029589 10.883646614248077
10.883646556707728 10.904143376218304 10.88364655670771
10.883646499167364 10.904143318407005 10.883646499167346
10.883646441627006 10.90414326059573 10.88364644162699
10.883646384086642 10.904143202784482 10.883646384086637
10.8836463265463 10.90414314497318 10.883646326546295
10.883646269005936 10.904143087161906 10.883646269005927
10.883646211465576 10.90414302935064 10.883646211465567
10.88364615392523 10.904142971539347 10.883646153925206
10.883646096384865 10.904142913728077 10.88364609638485
10.883646038844516 10.904142855916815 10.883646038844507
10.883645981304158 10.904142798105529 10.883645981304147
10.883645923763824 10.904142740294263 10.883645923763805
10.883645866223478 10.904142682483009 10.883645866223452
10.883645808683132 10.904142624671735 10.883645808683104
10.88364575114277 10.904142566860461 10.883645751142756
10.883645693602396 10.904142509049183 10.883645693602393
10.883645636062043 10.904142451237904 10.883645636062026
10.883645578521701 10.90414239342662 10.883645578521682
10.883645520981355 10.90414233561537 10.883645520981329
10.88364546344099 10.904142277804095 10.883645463440992
10.883645405900642 10.904142219992826 10.883645405900626
10.883645348360293 10.904142162181536 10.883645348360279
10.883645290819937 10.904142104370282 10.883645290819924
10.883645233279593 10.904142046559008 10.883645233279582
10.883645175739238 10.904141988747726 10.88364517573922
10.883645118198904 10.904141930936479 10.883645118198883
10.883645060658536 10.904141873125191 10.883645060658521
10.883645003118168 10.904141815313933 10.883645003118165
10.883644945577839 10.904141757502659 10.883644945577819
10.883644888037473 10.904141699691385 10.883644888037466
10.883644830497158 10.904141641880136 10.883644830497122
10.88364477295681 10.904141584068869 10.883644772956782
10.883644715416454 10.904141526257604 10.883644715416432
10.8836446578761 10.904141468446337 10.88364465787609
10.883644600335769 10.904141410635061 10.883644600335748
10.883644542795409 10.904141352823785 10.883644542795398
10.883644485255068 10.904141295012522 10.883644485255045
10.883644427714717 10.90414123720126 10.883644427714714
10.88364437017438 10.904141179390024 10.883644370174359
10.88364431263403 10.90414112157875 10.883644312634019
10.8836442550937 10.904141063767485 10.883644255093687
10.883644197553348 10.904141005956236 10.883644197553332
10.883644140013004 10.904140948144944 10.883644140012992
10.883644082472642 10.904140890333686 10.88364408247264
10.883644024932307 10.904140832522428 10.883644024932291
10.883643967391976 10.904140774711175 10.88364396739196
10.883643909851635 10.904140716899906 10.883643909851614
10.883643852311272 10.904140659088634 10.883643852311264
10.883643794770947 10.904140601277389 10.883643794770933
10.883643737230592 10.904140543466115 10.883643737230589
10.883643679690257 10.904140485654874 10.883643679690255
10.883643622149929 10.9041404278436 10.883643622149902
10.883643564609594 10.904140370032348 10.883643564609567
10.883643507069227 10.904140312221088 10.88364350706922
10.883643449528883 10.90414025440981 10.883643449528888
10.883643391988548 10.904140196598542 10.883643391988542
10.883643334448218 10.904140138787286 10.883643334448214
10.883643276907895 10.904140080976042 10.88364327690787
10.883643219367533 10.904140023164786 10.883643219367526
10.883643161827207 10.904139965353547 10.883643161827193
10.883643104286872 10.904139907542268 10.883643104286856
10.883643046746544 10.90413984973103 10.88364304674652
