0.920270256625807 0.900263253930225 0.9202702566258072
1.3528654490711824 1.3436243410313111 1.3528654490711827
1.8348360824238306 1.8331620446882007 1.8348360824238306
2.393320633532872 2.3972698551801583 2.393320633532874
3.0368916794601715 3.045193047340414 3.0368916794601732
3.7612723074464394 3.7727785737311326 3.7612723074464394
4.549450416240781 4.562906233886037 4.5494504162407825
5.3731003850254115 5.387125498711112 5.373100385025414
6.196799869842407 6.210014254487326 6.196799869842407
6.9843960407607115 6.995604230364422 6.984396040760716
7.705469785990662 7.713815696719523 7.70546978599066
8.339711796835264 8.344744566403628 8.339711796835266
8.878150645721487 8.879793731720014 8.878150645721497
9.32164580613408 9.320102609827577 9.321645806134077
9.677922047536988 9.673562985274344 9.677922047536992
9.958425610999068 9.951689828546881 9.95842561099906
10.175789272601499 10.167115409208598 10.175789272601499
10.342159778910396 10.331945873783685 10.342159778910402
10.468301303841889 10.456887115903296 10.468301303841892
10.563257271622506 10.550921027649155 10.563257271622504
10.634352103407085 10.621315117186498 10.634352103407062
10.687366613959176 10.673801317055787 10.687366613959181
10.726779616426732 10.712818361754664 10.726779616426729
10.756015008696473 10.741758289448718 10.756015008696451
10.777664864146276 10.763188381408701 10.777664864146278
10.79367760608795 10.779038055951391 10.793677606087938
10.80551022351106 10.790749888536647 10.805510223511058
10.814248064539177 10.799398379981156 10.81424806453916
10.820697365663031 10.805781648866509 10.820697365663026
10.825455794041511 10.810491311764691 10.825455794041519
10.828965731101752 10.81396525376739 10.82896573110176
10.8315542531231 10.8165272170901 10.831554253123095
10.833462986241424 10.818416359582658 10.833462986241445
10.834870322571541 10.819809248171119 10.834870322571549
10.835907909914216 10.820836182172059 10.83590790991421
10.836672868300521 10.82159328596174 10.836672868300518
10.837236828373927 10.822151455383281 10.837236828373914
10.837652611717386 10.822562969917769 10.837652611717385
10.837959164691808 10.822866376089209 10.837959164691817
10.838185200411015 10.823090092159402 10.838185200411
10.838351886040499 10.82325506789069 10.838351886040499
10.83847482508942 10.82337674651051 10.83847482508943
10.83856551933687 10.823466511638212 10.838565519336877
10.838632446820972 10.823532754209182 10.838632446820965
10.838681856628618 10.82358165910422 10.83868185662863
10.838718354835125 10.82361778507176 10.838718354835118
10.838745336446395 10.823644492233417 10.838745336446399
10.838765303802791 10.823664257216977 10.838765303802779
10.838780101280582 10.823678905446734 10.838780101280593
10.838791088290543 10.823689782364527 10.838791088290549
10.83879926679265 10.823697879634473 10.838799266792664
10.838805375284432 10.823703928165358 10.83880537528441
10.838809958076467 10.823708466674589 10.838809958076475
10.838813416353267 10.82371189222406 10.838813416353256
10.838816045807674 10.8237144974681 10.838816045807672
10.838818064379943 10.82371649810742 10.838818064379947
10.838819632702643 10.823718053123946 10.838819632702647
10.83882086916976 10.823719279695055 10.838820869169766
10.838821861043414 10.823720264186115 10.83882186104341
10.838822672639951 10.823721070252615 10.838822672639969
10.838823351363668 10.823721744811678 10.83882335136365
10.838823932153733 10.82372232244347 10.838823932153721
10.838824440762037 10.823722828635233 10.838824440762034
10.838824896168914 10.823723282172294 10.83882489616892
10.838825312363827 10.82372369690031 10.838825312363838
10.83882569965765 10.823724083024223 10.838825699657647
10.838826065650004 10.823724448065553 10.838826065649993
10.838826415942107 10.823724797568 10.83882641594211
10.83882675466244 10.823725135617577 10.838826754662449
10.83882708485381 10.823725465225815 10.8388270848538
10.83882740875892 10.823725788612403 10.838827408758915
10.838827728030752 10.823726107413313 10.83882772803076
10.838828043887652 10.823726422834419 10.838828043887649
10.838828357227607 10.823726735764401 10.838828357227603
10.838828668712415 10.823727046858314 10.83882866871242
10.83882897882991 10.823727356598985 10.838828978829916
10.838829287939658 10.823727665342238 10.838829287939642
10.838829596306592 10.823727973350334 10.838829596306606
10.838829904126095 10.823728280816603 10.8388299041261
10.838830211542104 10.823728587883535 10.838830211542101
10.838830518660705 10.823728894656108 10.8388305186607
10.838830825560102 10.823729201211746 10.838830825560112
10.838831132297953 10.823729507607498 10.838831132297964
10.838831438916754 10.823729813885388 10.838831438916744
10.838831745447761 10.823730120076437 10.838831745447763
10.8388320519141 10.823730426203443 10.838832051914117
10.838832358332787 10.823730732283288 10.838832358332793
10.838832664716335 10.823731038328368 10.83883266471633
10.838832971073973 10.823731344347808 10.838832971073957
10.838833277412542 10.82373165034838 10.838833277412544
10.838833583737053 10.82373195633502 10.838833583737054
10.838833890051207 10.82373226231142 10.838833890051205
10.838834196357713 10.823732568280256 10.838834196357714
10.838834502658607 10.823732874243523 10.838834502658598
10.83883480895533 10.823733180202693 10.838834808955331
10.838835115249022 10.823733486158831 10.838835115249022
10.838835421540464 10.823733792112744 10.838835421540457
10.838835727830267 10.823734098065046 10.83883572783026
10.83883603411884 10.823734404016122 10.838836034118827
10.838836340406516 10.823734709966299 10.838836340406505
10.838836646693535 10.823735015915876 10.838836646693533
10.838836952980051 10.823735321864923 10.838836952980067
10.838837259266262 10.823735627813633 10.838837259266262
10.838837565552188 10.823735933762105 10.838837565552183
10.838837871837917 10.823736239710376 10.838837871837914
10.838838178123511 10.823736545658532 10.838838178123522
10.838838484409 10.823736851606565 10.838838484409028
10.838838790694444 10.823737157554534 10.838838790694446
10.838839096979825 10.823737463502471 10.83883909697983
10.838839403265194 10.823737769450362 10.838839403265187
10.838839709550506 10.823738075398225 10.83883970955053
10.838840015835837 10.823738381346095 10.83884001583584
10.838840322121143 10.82373868729393 10.838840322121147
10.838840628406441 10.82373899324178 10.838840628406437
10.83884093469175 10.823739299189619 10.838840934691738
10.838841240977041 10.823739605137481 10.838841240977048
10.838841547262351 10.823739911085319 10.838841547262357
10.838841853547665 10.823740217033174 10.838841853547668
10.838842159832977 10.823740522981035 10.83884215983297
10.8388424661183 10.823740828928896 10.838842466118297
10.83884277240363 10.82374113487677 10.838842772403627
10.838843078688956 10.823741440824646 10.838843078688965
10.8388433849743 10.823741746772534 10.838843384974304
10.838843691259646 10.823742052720423 10.838843691259651
10.83884399754501 10.823742358668321 10.838843997545009
10.838844303830372 10.823742664616237 10.838844303830374
10.83884461011574 10.823742970564155 10.838844610115746
10.838844916401127 10.823743276512088 10.838844916401131
10.83884522268652 10.823743582460024 10.838845222686542
10.83884552897193 10.823743888407964 10.83884552897194
10.838845835257352 10.82374419435592 10.838845835257354
10.83884614154276 10.823744500303896 10.838846141542778
10.838846447828207 10.823744806251868 10.838846447828212
10.838846754113643 10.823745112199854 10.838846754113634
10.838847060399086 10.823745418147835 10.838847060399077
10.83884736668453 10.823745724095843 10.83884736668454
10.83884767297 10.823746030043838 10.838847672970003
10.838847979255457 10.823746335991842 10.838847979255473
10.838848285540958 10.823746641939877 10.838848285540957
10.838848591826435 10.823746947887908 10.83884859182644
10.838848898111936 10.823747253835936 10.838848898111939
10.838849204397443 10.823747559784007 10.838849204397446
10.838849510682952 10.82374786573204 10.838849510682952
10.83884981696848 10.823748171680105 10.838849816968459
10.838850123254002 10.823748477628182 10.838850123254003
10.838850429539535 10.823748783576267 10.83885042953954
10.83885073582508 10.823749089524362 10.838850735825092
10.838851042110647 10.823749395472468 10.838851042110655
10.838851348396213 10.823749701420576 10.838851348396222
10.838851654681777 10.823750007368687 10.8388516546818
10.838851960967371 10.823750313316806 10.838851960967363
10.838852267252946 10.823750619264942 10.838852267252953
10.838852573538565 10.823750925213071 10.83885257353856
10.838852879824158 10.823751231161223 10.838852879824161
10.838853186109763 10.823751537109377 10.83885318610977
10.83885349239538 10.82375184305755 10.838853492395392
10.838853798681031 10.823752149005726 10.838853798681017
10.838854104966652 10.823752454953912 10.838854104966652
10.838854411252303 10.823752760902094 10.838854411252312
10.838854717537972 10.82375306685031 10.838854717537973
10.838855023823657 10.823753372798526 10.838855023823648
10.838855330109327 10.82375367874673 10.838855330109315
10.838855636394994 10.823753984694967 10.838855636394996
10.838855942680693 10.823754290643198 10.838855942680706
10.838856248966389 10.823754596591447 10.8388562489664
10.838856555252105 10.823754902539694 10.838856555252097
10.838856861537842 10.823755208487954 10.838856861537824
10.838857167823544 10.82375551443623 10.838857167823551
10.838857474109282 10.823755820384507 10.838857474109295
10.838857780395044 10.823756126332796 10.838857780395031
10.838858086680785 10.823756432281082 10.838858086680784
10.838858392966559 10.823756738229397 10.838858392966555
10.838858699252322 10.82375704417771 10.83885869925232
10.838859005538104 10.823757350126032 10.838859005538104
10.838859311823898 10.823757656074358 10.838859311823892
10.838859618109668 10.82375796202271 10.838859618109671
10.838859924395488 10.823758267971044 10.838859924395482
10.838860230681297 10.823758573919399 10.838860230681298
10.838860536967113 10.82375887986774 10.838860536967097
10.83886084325294 10.82375918581612 10.838860843252938
10.838861149538783 10.82375949176451 10.83886114953879
10.83886145582462 10.823759797712892 10.838861455824611
10.838861762110488 10.823760103661312 10.838861762110488
10.838862068396343 10.823760409609697 10.838862068396343
10.838862374682218 10.823760715558123 10.838862374682225
10.838862680968102 10.82376102150656 10.838862680968115
10.838862987253997 10.82376132745498 10.838862987253984
10.838863293539893 10.823761633403427 10.83886329353989
10.838863599825794 10.823761939351883 10.838863599825794
10.838863906111715 10.823762245300328 10.838863906111717
10.838864212397636 10.823762551248803 10.83886421239764
10.838864518683556 10.82376285719725 10.838864518683566
10.838864824969505 10.823763163145752 10.838864824969507
10.838865131255455 10.823763469094244 10.838865131255455
10.838865437541392 10.82376377504274 10.838865437541404
10.838865743827371 10.823764080991255 10.838865743827386
10.838866050113358 10.823764386939771 10.838866050113351
10.838866356399333 10.823764692888295 10.838866356399329
10.838866662685334 10.823764998836829 10.838866662685323
10.838866968971324 10.82376530478538 10.838866968971335
10.838867275257336 10.823765610733926 10.838867275257346
10.838867581543361 10.823765916682488 10.838867581543356
10.838867887829373 10.823766222631056 10.838867887829382
10.838868194115424 10.823766528579634 10.83886819411542
10.838868500401448 10.823766834528213 10.838868500401459
10.838868806687515 10.823767140476802 10.838868806687506
10.838869112973581 10.82376744642541 10.83886911297358
10.838869419259648 10.823767752374021 10.838869419259645
10.83886972554572 10.823768058322647 10.838869725545724
10.8388700318318 10.823768364271281 10.838870031831814
10.83887033811789 10.823768670219907 10.838870338117905
10.838870644404007 10.82376897616857 10.838870644404013
10.838870950690113 10.823769282117194 10.83887095069012
10.838871256976237 10.823769588065872 10.83887125697624
10.838871563262362 10.82376989401455 10.838871563262371
10.838871869548493 10.823770199963215 10.8388718695485
10.838872175834625 10.823770505911895 10.838872175834643
10.83887248212079 10.823770811860582 10.838872482120792
10.838872788406954 10.823771117809303 10.838872788406961
10.838873094693126 10.823771423758016 10.838873094693124
10.838873400979306 10.823771729706747 10.838873400979313
10.838873707265517 10.823772035655495 10.838873707265517
10.838874013551719 10.823772341604226 10.838874013551706
10.838874319837908 10.823772647552971 10.838874319837908
10.838874626124138 10.823772953501742 10.838874626124126
10.838874932410361 10.823773259450494 10.838874932410366
10.838875238696575 10.82377356539926 10.838875238696579
10.838875544982809 10.823773871348049 10.838875544982825
10.838875851269062 10.823774177296837 10.838875851269067
10.838876157555319 10.823774483245632 10.838876157555333
10.838876463841581 10.82377478919445 10.838876463841588
10.838876770127861 10.823775095143263 10.838876770127873
10.838877076414153 10.823775401092087 10.838877076414152
10.838877382700437 10.823775707040921 10.83887738270044
10.838877688986749 10.82377601298977 10.838877688986749
10.838877995273066 10.823776318938613 10.838877995273064
10.83887830155938 10.82377662488748 10.83887830155937
10.83887860784569 10.823776930836342 10.838878607845707
10.838878914132025 10.823777236785235 10.838878914132017
10.838879220418367 10.823777542734117 10.838879220418386
10.838879526704728 10.823777848682997 10.838879526704734
10.838879832991083 10.823778154631906 10.838879832991083
10.83888013927744 10.823778460580806 10.83888013927745
10.838880445563833 10.823778766529731 10.838880445563824
10.838880751850203 10.823779072478656 10.838880751850201
10.838881058136609 10.823779378427579 10.838881058136604
10.838881364423006 10.82377968437652 10.838881364422996
10.838881670709418 10.823779990325473 10.83888167070942
10.838881976995827 10.823780296274451 10.838881976995825
10.838882283282267 10.823780602223417 10.838882283282258
10.838882589568707 10.82378090817239 10.838882589568705
10.838882895855152 10.823781214121382 10.838882895855155
10.838883202141592 10.823781520070389 10.838883202141595
10.838883508428053 10.823781826019388 10.83888350842806
10.838883814714539 10.823782131968398 10.838883814714542
10.838884121001014 10.823782437917425 10.838884121001021
10.83888442728752 10.823782743866445 10.838884427287516
10.838884733574004 10.82378304981548 10.838884733574009
10.838885039860513 10.823783355764519 10.838885039860509
10.83888534614702 10.823783661713593 10.838885346147022
10.838885652433532 10.823783967662655 10.838885652433529
10.838885958720079 10.823784273611725 10.838885958720079
10.838886265006622 10.823784579560813 10.838886265006627
10.838886571293159 10.823784885509898 10.838886571293155
10.838886877579723 10.823785191458997 10.838886877579716
10.838887183866278 10.823785497408094 10.83888718386628
10.838887490152848 10.82378580335722 10.838887490152846
10.83888779643944 10.823786109306338 10.838887796439439
10.838888102726033 10.823786415255466 10.838888102726028
10.838888409012624 10.823786721204618 10.838888409012629
10.838888715299259 10.823787027153786 10.838888715299246
10.838889021585848 10.823787333102937 10.83888902158587
10.838889327872486 10.8237876390521 10.838889327872494
10.838889634159123 10.823787945001277 10.838889634159111
10.838889940445762 10.823788250950441 10.838889940445753
10.838890246732422 10.823788556899638 10.838890246732412
10.838890553019073 10.823788862848858 10.838890553019068
10.83889085930574 10.823789168798054 10.838890859305724
10.838891165592408 10.823789474747272 10.838891165592402
10.838891471879101 10.823789780696494 10.838891471879094
10.838891778165785 10.823790086645747 10.838891778165781
10.838892084452496 10.823790392594981 10.838892084452489
10.838892390739197 10.823790698544226 10.838892390739197
10.83889269702592 10.823791004493488 10.838892697025925
10.838893003312645 10.823791310442758 10.838893003312661
10.838893309599381 10.823791616392047 10.838893309599394
10.838893615886127 10.82379192234132 10.838893615886125
10.838893922172884 10.823792228290616 10.838893922172884
10.838894228459639 10.823792534239928 10.838894228459644
10.838894534746418 10.82379284018923 10.83889453474642
10.838894841033197 10.82379314613856 10.838894841033188
10.83889514731999 10.823793452087896 10.838895147319986
10.838895453606778 10.82379375803723 10.838895453606781
10.838895759893585 10.823794063986579 10.838895759893584
10.838896066180412 10.823794369935925 10.83889606618041
10.838896372467222 10.82379467588529 10.838896372467218
10.838896678754049 10.823794981834645 10.83889667875405
10.838896985040886 10.823795287784042 10.838896985040892
10.838897291327722 10.82379559373343 10.838897291327735
10.838897597614576 10.823795899682818 10.838897597614585
