0.5993760336775968 0.54592631173219 0.535945257197906 0.5359452571979062 0.5459263117321946 0.5993760336775985
0.7524642419988792 0.6866304349343054 0.6684565015781145 0.6684565015781161 0.6866304349343099 0.7524642419988802
0.8804709298736504 0.8075530985111562 0.7821842322918554 0.7821842322918575 0.807553098511163 0.8804709298736527
0.9988845276545293 0.9216697784009336 0.8902867349690406 0.8902867349690429 0.9216697784009387 0.9988845276545306
1.1136686085974856 1.033833210500593 0.9975326923214838 0.9975326923214853 1.0338332105005996 1.1136686085974872
1.2279998791293483 1.1466026020115112 1.1063121988878672 1.1063121988878686 1.1466026020115168 1.2279998791293487
1.3438786798858642 1.261598406725209 1.218066841248586 1.2180668412485862 1.2615984067252133 1.3438786798858644
1.462698206405186 1.3799674107872295 1.333783167982206 1.3337831679822059 1.3799674107872348 1.4626982064051872
1.5854937599329157 1.5025806385371734 1.4541988949009925 1.4541988949009919 1.5025806385371787 1.5854937599329135
1.7130676601811676 1.6301297562051522 1.5798992840408719 1.5798992840408708 1.6301297562051558 1.7130676601811652
1.8460574440594508 1.7631781131382696 1.7113650806616918 1.7113650806616898 1.7631781131382727 1.846057444059449
1.9849749345460581 1.902188883050991 1.8489967760264416 1.8489967760264394 1.9021888830509925 1.9849749345460541
2.1302289433821615 2.0475405190935074 1.993126361621676 1.9931263616216728 2.0475405190935083 2.130228943382157
2.282138157475694 2.1995346871718726 2.144022071026766 2.1440220710267623 2.199534687171873 2.2821381574756883
2.440937885669206 2.35839954542885 2.3018890346826684 2.3018890346826635 2.3583995454288496 2.4409378856691983
2.606782904391086 2.5242901080898035 2.466867531657055 2.466867531657051 2.5242901080898017 2.6067829043910775
2.7797478725467033 2.6972868402668784 2.6390298948666207 2.6390298948666144 2.6972868402668744 2.7797478725466926
2.9598263524519095 2.877393304080031 2.8183767973292717 2.818376797329264 2.8773933040800275 2.9598263524518966
3.146929215689868 3.064533487299839 3.004833468633598 3.0048334686335876 3.0645334872998333 3.1469292156898505
3.3408830494208313 3.2585493285275913 3.198246288626883 3.198246288626872 3.2585493285275873 3.3408830494208184
3.5414290656825873 3.459198872237797 3.3983801398738023 3.39838013987379 3.459198872237789 3.5414290656825687
3.7482229280812516 3.666155422321589 3.604916849667623 3.6049168496676063 3.6661554223215784 3.748222928081229
3.9608358317842174 3.8790080018348987 3.8174550035488024 3.817455003548788 3.879008001834886 3.9608358317841947
4.178757094944574 4.0972633622781185 4.0355113581488515 4.0355113581488355 4.097263362278101 4.178757094944553
4.401398437907359 4.320349714230527 4.258524018109549 4.258524018109529 4.320349714230511 4.401398437907331
4.628100039235137 4.547622271559639 4.485857468921285 4.485857468921258 4.547622271559621 4.6281000392351075
4.858138365701511 4.778370614974758 4.716809476064513 4.71680947606449 4.778370614974736 4.858138365701474
5.0907356798518935 5.011827790464526 4.950619773909438 4.9506197739094135 5.011827790464498 5.090735679851852
5.325071037856457 5.247180968593258 5.186480379900677 5.1864803799006465 5.247180968593231 5.325071037856412
5.560292507332755 5.483583407020016 5.4235472859880245 5.4235472859879925 5.483583407019981 5.560292507332708
5.795530264918818 5.720167386479577 5.6609532057386005 5.660953205738559 5.720167386479536 5.795530264918767
6.029910181458018 5.956057734956816 5.897820997441638 5.897820997441595 5.956057734956781 6.029910181457948
6.2625674724393505 6.190385520017478 6.1332773452333775 6.133277345233334 6.190385520017441 6.262567472439288
6.492659984962967 6.42230147783591 6.36646626481131 6.366466264811265 6.422301477835862 6.4926599849629
6.719380710240543 6.650988760146544 6.596562008849853 6.596562008849803 6.650988760146496 6.719380710240467
6.941969150824902 6.875674615947498 6.822780978982286 6.822780978982234 6.875674615947446 6.941969150824827
7.159721230975315 7.095640680281594 7.044392303510517 7.04439230351046 7.095640680281536 7.159721230975227
7.371997511982828 7.310231613290748 7.260726808589145 7.260726808589088 7.310231613290684 7.37199751198274
7.578229556242841 7.518861913475525 7.471184190155124 7.471184190155049 7.518861913475453 7.578229556242746
7.777924368416403 7.7210208137607195 7.675238278444698 7.675238278444628 7.721020813760651 7.7779243684163
7.970666923528955 7.916275251814579 7.872440370729471 7.87244037072939 7.9162752518145165 7.970666923528858
8.156120865457174 8.10427098202072 8.062420685675365 8.062420685675297 8.104270982020639 8.156120865457067
8.334027521236756 8.284731961556217 8.244888060254585 8.244888060254505 8.284731961556146 8.334027521236635
8.504203424591902 8.457458194480632 8.419628064453859 8.419628064453775 8.457458194480562 8.50420342459179
8.66653657499488 8.622322254232888 8.586499748515413 8.586499748515326 8.622322254232804 8.666536574994756
8.820981676593348 8.779264726386414 8.745431261801553 8.74543126180146 8.779264726386323 8.820981676593222
8.967554605690646 8.928288820906214 8.896414592391341 8.89641459239124 8.928288820906122 8.96755460569052
9.106326348057152 9.069454398276253 9.039499673853154 9.03949967385306 9.069454398276173 9.106326348057001
9.237416630563814 9.20287163901703 9.174788092516506 9.174788092516401 9.20287163901693 9.237416630563697
9.36098744800483 9.328694563820493 9.302426607494304 9.302426607494208 9.32869456382039 9.360987448004675
9.477236657994979 9.447114584310745 9.422600669225211 9.422600669225108 9.447114584310652 9.477236657994816
9.586391786745388 9.558354234612402 9.535528092783203 9.535528092783096 9.558354234612295 9.586391786745239
9.688704158236405 9.662661203471712 9.641453011709812 9.641453011709695 9.662661203471615 9.688704158236266
9.784443430332006 9.760302757231631 9.74064020834533 9.740640208345212 9.760302757231507 9.784443430331844
9.873892594805481 9.851560616700786 9.83336988884261 9.83336988884249 9.851560616700677 9.873892594805339
9.957343474784713 9.936726326679217 9.919932946113446 9.919932946113331 9.936726326679098 9.957343474784542
10.035092733149371 10.016097136055446 10.000626732395862 10.00062673239575 10.016097136055334 10.035092733149211
10.107438389027054 10.089972389134127 10.07575134515237 10.075751345152245 10.089972389134006 10.107438389026886
10.17467682662282 10.158650415120146 10.145606415586812 10.145606415586695 10.15865041512003 10.174676826622662
10.237100270927932 10.222425892249033 10.210488377999416 10.210488377999294 10.22242589224891 10.237100270927742
10.294994698027686 10.28158765557656 10.27068819016626 10.270688190166137 10.281587655576425 10.29499469802754
10.348638143373192 10.33641691253156 10.326489469547052 10.326489469546921 10.336416912531424 10.34863814337301
10.398299369074351 10.38718582758099 10.378167006978984 10.378167006978853 10.387185827580863 10.398299369074198
10.444236850623401 10.434156436348019 10.4259856181969 10.425985618196782 10.434156436347891 10.444236850623222
10.48669804408477 10.4775798498856 10.470199293643718 10.470199293643589 10.477579849885473 10.486698044084584
10.52591889637496 10.517695711197474 10.511050608251754 10.511050608251614 10.517695711197364 10.525918896374762
10.562123563507871 10.554731868223353 10.548770354882649 10.548770354882521 10.554731868223215 10.562123563507702
10.59552430437176 10.588904230115585 10.583577367651277 10.583577367651138 10.588904230115459 10.595524304371589
10.62632152053441 10.620416776531478 10.615678504219094 10.615678504218955 10.620416776531352 10.626321520534248
10.6547039155984 10.649461692684378 10.645268759154893 10.645268759154758 10.649461692684243 10.654703915598228
10.680848750628577 10.676219605920666 10.672531483496716 10.672531483496575 10.676219605920542 10.680848750628366
10.70492217507128 10.700859902522177 10.697638688610748 10.697638688610612 10.700859902522057 10.704922175071097
10.727079615316786 10.723541106215707 10.7207514152638 10.720751415263665 10.723541106215547 10.727079615316631
10.7474662055876 10.744411302458342 10.74202015145826 10.742020151458123 10.744411302458214 10.747466205587402
10.7662172481461 10.763608594936928 10.761585284996269 10.761585284996128 10.76360859493681 10.7662172481459
10.783458691896282 10.781261582859154 10.779577578928649 10.779577578928505 10.781261582859011 10.783458691896065
10.799307620304944 10.797489849524931 10.796118660003566 10.796118660003424 10.797489849524808 10.799307620304774
10.813872741202118 10.81240445435398 10.811321511962364 10.811321511962234 10.812404454353839 10.813872741201921
10.827254872442476 10.826108422019683 10.825290967049332 10.825290967049192 10.826108422019548 10.827254872442246
10.83954741864349 10.838697223620418 10.838124190420265 10.83812419042013 10.838697223620294 10.839547418643296
10.850836835270913 10.850259245915893 10.849911153270211 10.849911153270071 10.850259245915726 10.85083683527072
10.861203077239496 10.860876245593506 10.860735091467904 10.860735091467765 10.860876245593392 10.861203077239312
10.870720029955724 10.870623786320444 10.870672947304858 10.870672947304715 10.870623786320309 10.870720029955542
10.879455921359687 10.879571656996985 10.87979579265312 10.879795792652997 10.879571656996859 10.879455921359495
10.887473714047594 10.887784270178987 10.888169232397704 10.888169232397557 10.88778427017886 10.8874737140474
10.894831476985617 10.895321040085564 10.895853787478998 10.895853787478853 10.895321040085431 10.894831476985399
10.901582736672312 10.902236739976372 10.902905257264182 10.902905257264045 10.902236739976244 10.901582736672122
10.907776807886066 10.908581838976245 10.90937506127358 10.909375061273428 10.908581838976097 10.90777680788589
10.913459104371146 10.914402818657063 10.915310560532701 10.915310560532559 10.914402818656923 10.913459104370972
10.918671429986144 10.919742469867668 10.92075535901052 10.920755359010373 10.91974246986752 10.918671429985945
10.923452250964655 10.924640170438067 10.925749585748866 10.92574958574872 10.924640170437943 10.923452250964473
10.9278369500308 10.929132144485113 10.930330158395282 10.930330158395126 10.929132144484969 10.927836950030592
10.931858063174705 10.933251704116001 10.93453102892643 10.934531028926289 10.933251704115868 10.931858063174525
10.935545499934745 10.93702947437179 10.93838341239939 10.938383412399247 10.937029474371641 10.93554549993456
10.938926748052143 10.94049360227732 10.941915999596288 10.941915999596146 10.940493602277158 10.938926748051928
10.94202706337107 10.943669950873598 10.945155154440265 10.94515515444012 10.943669950873472 10.942027063370872
10.944869645850098 10.946582279104804 10.9481250970581 10.948125097057959 10.946582279104666 10.944869645849902
10.947475802534727 10.949252408417111 10.95084807335381 10.950848073353672 10.949252408416976 10.94747580253453
10.94986509831842 10.951700376906466 10.953344511936075 10.953344511935928 10.95170037690634 10.949865098318224
10.952055495290784 10.953944581823846 10.955633169216359 10.955633169216219 10.953944581823706 10.952055495290642
10.954063481439423 10.956001911215218 10.957731263463922 10.957731263463788 10.956001911215079 10.954063481439237
10.95590418943642 10.957887865439398 10.959654598568989 10.95965459856883 10.95788786543925 10.955904189436229
10.957591506206112 10.95961666927011 10.961417678230125 10.961417678229987 10.959616669269986 10.957591506205928
10.959138173930723 10.961201375252053 10.96303381124426 10.963033811244108 10.96120137525191 10.959138173930551
10.960555883115624 10.962653958942303 10.964515208540133 10.964515208539988 10.962653958942168 10.960555883115441
10.961855358297386 10.963985406632542 10.965873072558944 10.965873072558795 10.963985406632402 10.961855358297184
10.963046436942687 10.965205796109563 10.96711767954864 10.967117679548496 10.965205796109421 10.963046436942493
10.964138142050547 10.966324370977144 10.968258455303102 10.968258455302946 10.966324370977002 10.964138142050324
10.965138748935997 10.967349609027558 10.969304044842008 10.969304044841865 10.967349609027425 10.965138748935804
10.966055846642254 10.968289285117994 10.97026237649486 10.970262376494729 10.968289285117848 10.966055846642073
10.96689639439583 10.96915052897592 10.971140720819783 10.971140720819635 10.969150528975781 10.966896394395647
10.967666773490983 10.969939878328006 10.971945744758463 10.971945744758319 10.969939878327878 10.967666773490786
10.968372834961647 10.970663327717856 10.97268356139943 10.97268356139929 10.970663327717709 10.968372834961455
10.969019943372908 10.9713263733524 10.973359775694844 10.973359775694703 10.971326373352266 10.969019943372707
10.969613017039283 10.97193405429137 10.973979526451073 10.973979526450925 10.97193405429123 10.9696130170391
10.970156564954891 10.972490990270343 10.974547524888857 10.974547524888724 10.972490990270206 10.97015656495471
10.970654720697757 10.973001416426616 10.97506809004715 10.975068090047012 10.973001416426484 10.97065472069757
10.971111273551774 10.97346921517622 10.975545181283383 10.975545181283229 10.973469215176086 10.971111273551593
10.971529697070354 10.973897945471576 10.975982428104082 10.975982428103935 10.973897945471439 10.971529697070144
10.971913175288316 10.974290869651192 10.976383157541118 10.976383157540969 10.97429086965106 10.971913175288119
10.972264626773292 10.974650978076754 10.976750419272415 10.976750419272264 10.974650978076594 10.972264626773113
10.972586726691603 10.9749810117371 10.977087008670242 10.977087008670106 10.97498101173696 10.972586726691418
10.972881927050919 10.975283482985065 10.977395487946024 10.977395487945866 10.975283482984915 10.972881927050752
10.973152475268535 10.97556069455916 10.977678205546669 10.977678205546539 10.975560694559016 10.973152475268316
10.973400431201934 10.975814757030827 10.9779373139457 10.977937313945569 10.975814757030673 10.973400431201716
10.973627682768507 10.976047604806093 10.97817478596059 10.978174785960453 10.976047604805949 10.973627682768322
10.973835960269662 10.976261010800402 10.978392429717207 10.978392429717069 10.976261010800279 10.97383596026948
10.974026849525918 10.976456599895755 10.978591902372777 10.978591902372628 10.976456599895617 10.974026849525716
10.97420180392132 10.976635861280199 10.978774722699427 10.978774722699285 10.976635861280059 10.974201803921112
10.974362155447063 10.976800159762442 10.978942282622347 10.978942282622198 10.976800159762295 10.974362155446896
10.974509124826849 10.976950746145448 10.979095857798754 10.979095857798615 10.976950746145322 10.974509124826668
10.974643830799588 10.977088766737458 10.979236617317145 10.97923661731699 10.977088766737308 10.9746438307994
10.974767298630065 10.97721527207121 10.979365632589268 10.979365632589122 10.977215272071078 10.974767298629867
10.97488046791051 10.977331224897702 10.979483885502084 10.97948388550194 10.97733122489755 10.974880467910335
10.974984199712884 10.977437507513589 10.979592275890637 10.979592275890488 10.977437507513468 10.974984199712676
10.975079283144364 10.97753492847877 10.979691628388492 10.979691628388347 10.977534928478631 10.97507928314421
10.975166441357597 10.977624228773369 10.979782698707135 10.979782698706998 10.977624228773225 10.97516644135742
10.975246337058554 10.97770608744199 10.979866179391983 10.97986617939185 10.977706087441849 10.975246337058357
10.97531957755597 10.977781126766995 10.979942705098388 10.979942705098248 10.97778112676686 10.975319577555753
10.975386719389162 10.977849917010255 10.980012857427438 10.980012857427287 10.97784991701011 10.975386719388979
10.975448272569928 10.97791298075933 10.980077169358449 10.980077169358308 10.977912980759195 10.975448272569722
10.975504704469978 10.977970796910983 10.980136129311592 10.980136129311443 10.977970796910844 10.975504704469765
10.9755564433844 10.978023804322092 10.98019018487122 10.980190184871068 10.978023804321946 10.975556443384225
10.975603881797426 10.978072405155812 10.98023974619856 10.980239746198412 10.978072405155668 10.975603881797225
10.975647379375246 10.978116967948363 10.980285189159416 10.98028518915927 10.978116967948237 10.975647379375035
10.975687265709244 10.978157830419727 10.980326858190615 10.980326858190478 10.978157830419581 10.975687265709057
10.975723842830028 10.978195302049437 10.980365068927135 10.980365068926979 10.978195302049308 10.975723842829836
10.975757387511178 10.97822966643743 10.980400110609647 10.980400110609496 10.978229666437302 10.975757387511003
10.97578815338095 10.978261183467458 10.98043224829116 10.980432248291015 10.978261183467325 10.97578815338077
10.975816372857137 10.978290091289894 10.980461724859063 10.980461724858912 10.97829009128975 10.975816372856936
10.975842258920517 10.978316608138753 10.98048876288834 10.980488762888193 10.97831660813862 10.97584225892032
10.975866006739988 10.97834093399697 10.980513566339882 10.980513566339745 10.978340933996826 10.975866006739796
10.975887795161947 10.978363252122305 10.980536322116892 10.980536322116746 10.978363252122175 10.975887795161736
10.975907788075014 10.978383730446042 10.98055720149113 10.980557201490981 10.978383730445907 10.975907788074835
10.975926135661007 10.978402522854415 10.980576361410044 10.980576361409904 10.978402522854283 10.975926135660806
10.975942975540883 10.978419770363173 10.980593945694597 10.980593945694455 10.97841977036304 10.97594297554069
10.975958433825408 10.97843560219385 10.98061008613693 10.980610086136792 10.978435602193722 10.975958433825172
10.975972626077374 10.978450136760033 10.980624903506284 10.980624903506143 10.978450136759896 10.975972626077175
10.975985658194213 10.97846348257128 10.980638508470859 10.980638508470712 10.978463482571154 10.975985658194013
10.975997627215811 10.978475739061388 10.980651002442494 10.980651002442363 10.978475739061249 10.975997627215627
10.976008622065603 10.97848699734731 10.98066247835088 10.980662478350737 10.97848699734716 10.976008622065423
10.976018724229242 10.978497340924863 10.980673021352883 10.980673021352738 10.978497340924724 10.976018724229059
10.97602800837674 10.978506846306033 10.980682709482638 10.9806827094825 10.978506846305915 10.976028008376543
10.9760365429324 10.978515583603182 10.980691614247268 10.980691614247124 10.978515583603018 10.976036542932203
10.97604439059726 10.978523617064026 10.980699801172806 10.980699801172657 10.978523617063896 10.976044390597094
10.976051608827895 10.978531005562536 10.980707330304368 10.980707330304227 10.978531005562392 10.97605160882771
10.976058250274772 10.978537803048077 10.980714256664653 10.980714256664504 10.97853780304795 10.97605825027457
10.976064363184435 10.97854405895744 10.980720630673986 10.980720630673837 10.9785440589573 10.976064363184273
10.976069991767956 10.978549818592237 10.980726498535239 10.980726498535091 10.978549818592091 10.976069991767751
10.976075176538103 10.978555123464783 10.98073190258664 10.98073190258649 10.97855512346465 10.976075176537911
10.976079954619085 10.97856001161509 10.980736881624948 10.980736881624797 10.978560011614954 10.976079954618893
10.976084360029716 10.9785645179012 10.980741471201757 10.980741471201606 10.97856451790107 10.976084360029533
10.976088423943285 10.978568674265421 10.98074570389485 10.980745703894705 10.978568674265299 10.976088423943095
10.976092174925496 10.97857250997821 10.980749609556987 10.980749609556849 10.978572509978074 10.976092174925288
10.976095639152554 10.97857605186157 10.980753215543851 10.980753215543706 10.978576051861433 10.976095639152366
10.976098840611236 10.978579324493927 10.980756546922846 10.980756546922706 10.978579324493799 10.976098840611048
10.976101801281777 10.978582350397849 10.98075962666461 10.980759626664472 10.978582350397708 10.97610180128157
10.976104541305807 10.978585150211826 10.980762475818278 10.980762475818139 10.978585150211686 10.976104541305611
10.97610707914018 10.978587742848072 10.980765113672295 10.980765113672154 10.978587742847939 10.976107079139991
10.976109431697903 10.978590145636762 10.980767557901684 10.980767557901535 10.97859014563663 10.976109431697678
10.97611161447711 10.978592374458515 10.980769824702927 10.980769824702783 10.978592374458387 10.976111614476917
10.976113641679719 10.978594443865493 10.980771928917754 10.980771928917614 10.978594443865349 10.976113641679515
10.976115526319516 10.9785963671926 10.980773884146378 10.980773884146226 10.97859636719247 10.976115526319322
10.97611728032182 10.978598156659322 10.980775702851371 10.980775702851227 10.978598156659178 10.97611728032164
10.976118914614355 10.97859982346295 10.980777396452854 10.980777396452707 10.978599823462813 10.976118914614165
10.976120439210751 10.978601377864218 10.980778975415623 10.980778975415486 10.978601377864075 10.976120439210556
10.976121863287043 10.978602829265464 10.980780449329155 10.980780449329018 10.978602829265341 10.976121863286826
10.976123195251624 10.978604186282622 10.980781826980742 10.9807818269806 10.978604186282483 10.976123195251423
10.976124442809633 10.978605456810799 10.980783116422652 10.980783116422502 10.978605456810687 10.976124442809438
10.976125613021637 10.978606648084854 10.980784325033554 10.980784325033405 10.978606648084702 10.976125613021429
10.976126712357544 10.978607766734251 10.980785459574927 10.980785459574781 10.978607766734106 10.976126712357344
10.976127746746167 10.97860881883406 10.980786526242662 10.980786526242518 10.97860881883393 10.976127746745963
10.976128721620269 10.978609809951132 10.980787530714364 10.980787530714212 10.978609809950983 10.976128721620082
10.97612964195825 10.978610745186595 10.980788478192682 10.980788478192535 10.978610745186476 10.976129641958048
10.976130512322012 10.978611629214994 10.98078937344509 10.980789373444939 10.978611629214848 10.976130512321804
10.976131336891871 10.97861246631972 10.98079022084028 10.980790220840134 10.978612466319577 10.976131336891669
10.97613211949847 10.978613260425936 10.980791024381464 10.980791024381324 10.978613260425792 10.976132119498288
10.976132863652055 10.978614015130464 10.980791787737052 10.980791787736903 10.978614015130324 10.976132863651861
10.976133572569182 10.978614733729229 10.980792514268522 10.980792514268368 10.97861473372908 10.976133572568973
10.976134249197345 10.978615419242468 10.980793207056205 10.98079320705607 10.978615419242333 10.976134249197164
10.976134896237543 10.978616074437776 10.980793868922763 10.980793868922625 10.978616074437639 10.976134896237351
10.9761355161648 10.978616701851246 10.980794502454748 10.980794502454602 10.978616701851099 10.976135516164604
10.976136111247094 10.978617303806795 10.980795110022324 10.98079511002217 10.978617303806663 10.976136111246886
10.976136683562649 10.978617882434017 10.980795693797395 10.980795693797251 10.978617882433872 10.976136683562475
10.976137235016015 10.978618439684261 10.980796255770224 10.980796255770077 10.97861843968413 10.976137235015802
10.97613776735222 10.978618977345766 10.980796797764553 10.980796797764402 10.978618977345619 10.976137767351995
10.976138282170384 10.978619497057082 10.980797321451579 10.98079732145143 10.97861949705694 10.976138282170195
10.976138780935985 10.978620000319749 10.98079782836269 10.980797828362553 10.978620000319609 10.976138780935777
10.976139264991717 10.978620488509698 10.980798319901211 10.980798319901062 10.978620488509558 10.976139264991525
10.976139735568154 10.978620962887739 10.980798797353035 10.980798797352886 10.978620962887618 10.976139735567944
10.976140193792748 10.978621424609267 10.980799261896523 10.98079926189637 10.978621424609141 10.976140193792538
10.976140640698745 10.978621874733 10.98079971461144 10.980799714611303 10.978621874732857 10.976140640698567
10.976141077232995 10.978622314229055 10.98080015648727 10.980800156487128 10.978622314228906 10.976141077232809
10.976141504263069 10.978622743986444 10.980800588430668 10.98080058843053 10.97862274398631 10.97614150426287
10.976141922583963 10.978623164819801 10.980801011272511 10.980801011272364 10.978623164819677 10.976141922583766
10.9761423329242 10.978623577475652 10.980801425774118 10.980801425773969 10.978623577475526 10.976142332924018
10.976142735951417 10.978623982638025 10.98080183263316 10.98080183263301 10.978623982637895 10.97614273595122
10.97614313227727 10.978624380933748 10.980802232488927 10.980802232488783 10.978624380933608 10.976143132277093
10.976143522462392 10.978624772937208 10.980802625927259 10.980802625927108 10.978624772937064 10.976143522462197
10.97614390702044 10.978625159174761 10.980803013484957 10.980803013484808 10.978625159174623 10.976143907020228
10.976144286422063 10.978625540128723 10.980803395653947 10.980803395653805 10.97862554012859 10.97614428642188
10.976144661098635 10.978625916241059 10.980803772884993 10.98080377288485 10.97862591624092 10.976144661098465
10.976145031445428 10.978626287916772 10.980804145591145 10.980804145591003 10.978626287916638 10.976145031445256
10.976145397824649 10.978626655527 10.98080451415092 10.980804514150778 10.978626655526863 10.97614539782443
10.976145760568091 10.978627019411805 10.980804878911144 10.980804878911007 10.978627019411675 10.976145760567892
10.976146119979939 10.978627379882829 10.980805240189683 10.98080524018954 10.978627379882687 10.976146119979765
10.976146476338933 10.978627737225633 10.980805598277747 10.980805598277605 10.978627737225493 10.97614647633873
10.976146829900346 10.978628091701864 10.980805953442234 10.980805953442097 10.978628091701744 10.976146829900165
10.976147180898277 10.97862844355135 10.980806305927704 10.98080630592756 10.978628443551235 10.976147180898078
10.976147529547097 10.978628792993817 10.980806655958244 10.980806655958098 10.978628792993689 10.976147529546909
10.976147876043365 10.978629140230604 10.980807003739235 10.980807003739097 10.978629140230465 10.97614787604316
10.976148220567078 10.978629485446206 10.98080734945881 10.980807349458676 10.978629485446062 10.976148220566907
10.976148563283324 10.978629828809698 10.980807693289446 10.980807693289302 10.978629828809549 10.97614856328313
10.976148904343209 10.97863017047597 10.980808035389133 10.980808035388987 10.978630170475851 10.97614890434304
10.976149243885398 10.978630510587106 10.980808375902663 10.98080837590253 10.978630510586969 10.9761492438852
10.976149582036728 10.978630849273095 10.980808714962741 10.980808714962597 10.97863084927296 10.976149582036548
10.976149918913636 10.978631186653178 10.980809052690919 10.980809052690782 10.97863118665305 10.976149918913432
10.976150254622643 10.978631522836599 10.980809389198638 10.980809389198495 10.978631522836476 10.976150254622466
10.97615058926154 10.978631857923473 10.980809724587969 10.98080972458782 10.978631857923329 10.976150589261337
10.976150922919764 10.97863219200549 10.980810058952473 10.980810058952335 10.97863219200536 10.976150922919578
10.976151255679413 10.978632525166743 10.980810392377899 10.980810392377734 10.978632525166617 10.976151255679207
10.976151587615607 10.978632857484243 10.980810724942744 10.980810724942616 10.978632857484104 10.97615158761538
10.97615191879721 10.978633189028578 10.980811056719052 10.980811056718919 10.978633189028425 10.976151918797006
10.976152249287399 10.978633519864403 10.980811387772768 10.980811387772622 10.978633519864237 10.976152249287185
10.976152579143953 10.978633850050976 10.980811718164341 10.9808117181642 10.978633850050835 10.976152579143779
10.976152908419953 10.978634179642656 10.980812047949144 10.980812047949005 10.978634179642505 10.976152908419767
10.976153237163944 10.978634508689142 10.980812377177946 10.980812377177804 10.978634508689014 10.976153237163716
10.976153565420354 10.978634837236122 10.980812705897259 10.980812705897108 10.97863483723597 10.976153565420146
10.97615389323006 10.978635165325299 10.980813034149696 10.98081303414955 10.978635165325164 10.976153893229839
10.976154220630328 10.978635492995018 10.980813361974311 10.980813361974176 10.978635492994892 10.976154220630148
10.97615454765554 10.97863582028036 10.9808136894069 10.980813689406768 10.978635820280227 10.976154547655334
10.976154874336958 10.978636147213475 10.98081401648026 10.98081401648011 10.978636147213335 10.976154874336777
10.976155200703394 10.978636473823823 10.980814343224411 10.98081434322428 10.97863647382367 10.976155200703225
10.976155526781229 10.978636800138405 10.98081466966693 10.980814669666787 10.978636800138256 10.976155526781035
10.976155852594509 10.978637126181937 10.980814995833043 10.980814995832894 10.978637126181818 10.976155852594333
10.976156178165446 10.978637451977162 10.98081532174585 10.980815321745695 10.978637451977024 10.976156178165255
10.976156503514279 10.978637777544789 10.980815647426553 10.980815647426404 10.978637777544655 10.9761565035141
10.976156828659594 10.978638102903878 10.980815972894568 10.980815972894423 10.978638102903739 10.976156828659423
10.97615715361842 10.9786384280719 10.980816298167705 10.980816298167552 10.978638428071745 10.976157153618246
10.976157478406375 10.97863875306477 10.980816623262232 10.98081662326208 10.978638753064631 10.97615747840618
10.976157803037706 10.978639077897206 10.980816948193096 10.980816948192953 10.978639077897064 10.976157803037525
10.976158127525563 10.978639402582616 10.98081727297402 10.980817272973876 10.978639402582463 10.976158127525375
10.976158451881922 10.97863972713327 10.980817597617524 10.980817597617376 10.978639727133121 10.976158451881723
10.976158776117803 10.978640051560456 10.980817922135106 10.980817922134953 10.978640051560301 10.976158776117575
10.976159100243201 10.978640375874514 10.980818246537288 10.980818246537147 10.978640375874372 10.976159100243029
10.976159424267498 10.978640700084908 10.98081857083374 10.980818570833604 10.978640700084759 10.976159424267301
10.976159748199045 10.978641024200291 10.980818895033323 10.980818895033174 10.978641024200144 10.976159748198862
10.97616007204567 10.978641348228637 10.980819219144118 10.980819219143969 10.978641348228503 10.976160072045476
10.976160395814468 10.978641672177197 10.980819543173537 10.980819543173398 10.978641672177071 10.976160395814233
10.976160719511867 10.978641996052687 10.980819867128417 10.980819867128275 10.97864199605254 10.976160719511672
10.976161043143934 10.978642319861173 10.98082019101499 10.980820191014839 10.978642319861034 10.976161043143726
10.97616136671607 10.978642643608296 10.980820514838962 10.980820514838822 10.978642643608156 10.97616136671589
10.976161690233385 10.978642967299189 10.980820838605576 10.980820838605434 10.978642967299033 10.976161690233157
10.97616201370033 10.978643290938505 10.980821162319629 10.980821162319476 10.97864329093837 10.976162013700133
10.976162337121249 10.978643614530636 10.98082148598551 10.98082148598537 10.97864361453049 10.976162337121039
10.976162660499881 10.97864393807947 10.98082180960727 10.980821809607127 10.978643938079337 10.976162660499693
10.97616298383988 10.978644261588665 10.98082213318859 10.980822133188433 10.97864426158853 10.976162983839666
10.976163307144347 10.978644585061552 10.980822456732819 10.98082245673268 10.978644585061387 10.976163307144171
10.976163630416387 10.978644908501101 10.980822780243125 10.980822780242972 10.97864490850095 10.976163630416178
10.976163953658594 10.978645231910141 10.980823103722305 10.980823103722162 10.97864523191001 10.976163953658416
10.976164276873579 10.97864555529125 10.98082342717296 10.980823427172815 10.978645555291099 10.976164276873371
10.976164600063496 10.978645878646727 10.9808237505975 10.980823750597361 10.978645878646578 10.976164600063333
10.976164923230588 10.978646201978734 10.980824073998093 10.980824073997958 10.978646201978597 10.976164923230362
10.976165246376656 10.978646525289253 10.980824397376779 10.980824397376622 10.978646525289097 10.976165246376436
10.97616556950347 10.978646848580025 10.980824720735336 10.9808247207352 10.97864684857989 10.976165569503257
10.976165892612638 10.978647171852764 10.980825044075484 10.980825044075333 10.978647171852623 10.976165892612457
10.976166215705684 10.97864749510895 10.98082536739875 10.980825367398596 10.97864749510881 10.976166215705513
10.976166538783962 10.97864781834997 10.980825690706556 10.980825690706412 10.97864781834984 10.976166538783753
10.97616686184865 10.978648141577091 10.98082601400019 10.980826014000034 10.978648141576956 10.976166861848466
10.976167184900921 10.978648464791497 10.98082633728083 10.980826337280686 10.978648464791359 10.976167184900715
10.976167507941827 10.978648787994233 10.980826660549587 10.980826660549441 10.97864878799409 10.976167507941602
10.976167830972253 10.978649111186273 10.98082698380744 10.98082698380729 10.978649111186146 10.976167830972065
10.976168153993182 10.97864943436854 10.980827307055302 10.98082730705516 10.978649434368384 10.976168153992955
10.976168477005288 10.978649757541806 10.980827630294009 10.98082763029387 10.978649757541678 10.976168477005105
10.976168800009408 10.978650080706872 10.980827953524319 10.980827953524187 10.97865008070673 10.976168800009221
10.976169123006185 10.978650403864378 10.980828276746962 10.980828276746815 10.978650403864243 10.976169123005988
10.976169445996197 10.978650727015014 10.980828599962571 10.980828599962416 10.97865072701485 10.976169445996012
10.976169768980064 10.978651050159293 10.980828923171712 10.980828923171563 10.978651050159158 10.976169768979856
10.976170091958263 10.978651373297787 10.980829246374947 10.980829246374801 10.978651373297653 10.97617009195807
10.976170414931275 10.97865169643098 10.980829569572768 10.98082956957262 10.978651696430845 10.976170414931095
