0.6522590679494026 0.5983199703523971 0.5848625226868042 0.5983199703523909 0.6522590679493998
0.8397672275132175 0.7713672600229433 0.7531658174314079 0.7713672600229364 0.839767227513214
1.0061801835907844 0.9282784712363563 0.9076644597817387 0.9282784712363487 1.0061801835907802
1.168965117290839 1.083950934166636 1.062283185188719 1.0839509341666274 1.1689651172908344
1.3351467298746684 1.2442119008582093 1.2222810822655814 1.2442119008581998 1.3351467298746613
1.5086049335975658 1.4122907269990224 1.3905469931780834 1.4122907269990135 1.508604933597559
1.6918424235163627 1.5903307342115562 1.5690204781956518 1.590330734211545 1.691842423516354
1.8866085224131146 1.779895091043208 1.7591428790593724 1.779895091043196 1.8866085224131064
2.094158682341209 1.9821630472212846 1.9620206791694974 1.9821630472212728 2.0941586823411984
2.3153667378563463 2.1980059613825667 2.1784819407367437 2.198005961382552 2.3153667378563365
2.550768889844033 2.428009485091485 2.409086805707791 2.4280094850914673 2.5507688898440195
2.800574222511499 2.6724700172145437 2.654116952595579 2.6724700172145255 2.8005742225114845
3.0646597497781123 2.9313796388516993 2.913556319537592 2.9313796388516806 3.064659749778099
3.3425607537046473 3.2044081041076153 3.1870705513018036 3.2044081041075936 3.342560753704633
3.633463677523443 3.49088792148645 3.4739905438749834 3.4908879214864266 3.6334636775234253
3.936206823849029 3.7898071765205086 3.773304341841732 3.7898071765204797 3.9362068238490107
4.249292616802351 4.09981369924601 4.083660752306388 4.099813699245985 4.249292616802329
4.570913782804187 4.41923310436251 4.403387055370465 4.4192331043624735 4.570913782804165
4.898994326638102 4.74610198649316 4.7305220011766576 4.746101986493129 4.898994326638076
5.2312446268222565 5.078216136521728 5.062863901329764 5.078216136521685 5.2312446268222255
5.56522845069913 5.413192153650863 5.398032153081965 5.4131921536508205 5.565228450699104
5.898438355206175 5.748539420647155 5.7335391420712885 5.748539420647111 5.8984383552061415
6.228374964739791 6.081738269716424 6.0668683394002265 6.08173826971637 6.22837496473975
6.552625139295429 6.410319457935951 6.395553707257242 6.410319457935895 6.552625139295378
6.8689341307497545 6.731939900796576 6.717255361527833 6.731939900796518 6.868934130749705
7.175267451086584 7.044450002873099 7.029826833049947 7.044450002873032 7.175267451086526
7.46985923682574 7.3459488082115865 7.331370153936329 7.345948808211507 7.469859236825692
7.75124522005511 7.634824426257096 7.620276228609285 7.634824426257029 7.751245220055051
8.018279813140198 7.909778584213277 7.895249343408429 7.90977858421319 8.01827981314014
8.270138098055412 8.169835519978841 8.15531603057443 8.169835519978758 8.27013809805536
8.506304541682383 8.414336597297678 8.399819668480706 8.41433659729758 8.506304541682319
8.72655095460869 8.64292288641376 8.628403060377877 8.642922886413665 8.72655095460861
8.930906554240458 8.855508462277225 8.840981741738688 8.855508462277127 8.930906554240387
9.119623016552955 9.052247339133409 9.037710932540172 9.052247339133315 9.11962301655289
9.293137172103654 9.233496839267596 9.218948929601682 9.2334968392675 9.293137172103588
9.452033603956846 9.399779863108218 9.385219403671742 9.399779863108117 9.452033603956783
9.597008919860821 9.551748072266022 9.537174610680456 9.551748072265918 9.597008919860754
9.728838968015577 9.690147493105194 9.675561023047633 9.690147493105085 9.728838968015504
9.848349796630664 9.81578755669838 9.801188395671637 9.815787556698266 9.848349796630597
9.956392754600756 9.929514152889192 9.914902843539759 9.92951415288907 9.956392754600675
10.053823809427586 10.032186914682878 10.01756414677216 10.032186914682761 10.053823809427502
10.14148692122989 10.124660672191139 10.110027222208997 10.124660672191025 10.14148692122981
10.22020115165117 10.207770819839968 10.193127505340284 10.207770819839842 10.220201151651091
10.290751092020692 10.282322216706921 10.267669862671116 10.28232221670681 10.290751092020596
10.353880152595508 10.349081174594025 10.33442058942899 10.3490811745939 10.35388015259543
10.410286250624656 10.408770067947952 10.394102027056217 10.40877006794783 10.410286250624573
10.460619457287416 10.462064111139606 10.447389346328649 10.462064111139478 10.460619457287342
10.50548120229591 10.509589880890687 10.494909074196988 10.509589880890553 10.505481202295815
10.54542468235329 10.551925205968205 10.537238986747518 10.551925205968065 10.545424682353206
10.580956170048218 10.58960009601506 10.574909040389171 10.589600096014935 10.580956170048122
10.612536969235645 10.623098431839768 10.608403063790913 10.62309843183964 10.612536969235551
10.64058580904125 10.652860187546407 10.638160981116595 10.652860187546276 10.640585809041154
10.665481509946348 10.679283998695261 10.66458138088133 10.679283998695139 10.66548150994625
10.68756579137134 10.702729929312902 10.688024283354697 10.702729929312763 10.687565791371247
10.707146120715331 10.72352232373499 10.708813992577495 10.723522323734846 10.707146120715247
10.724498529206224 10.741952657108804 10.727241946883103 10.741952657108655 10.724498529206109
10.739870340642806 10.758282321299538 10.743569504716625 10.75828232129939 10.739870340642728
10.753482775731086 10.772745301473256 10.758030621061058 10.77274530147313 10.75348277573099
10.765533407814122 10.785550713349085 10.770834384490552 10.785550713348949 10.76553340781404
10.776198455940417 10.79688518260783 10.782167396357321 10.796885182607701 10.776198455940328
10.785634908915762 10.806915056755322 10.792195982424342 10.80691505675518 10.785634908915691
10.793982479708392 10.815788446354595 10.801068233868111 10.815788446354453 10.793982479708289
10.801365393712425 10.823637097389742 10.808915879420196 10.823637097389605 10.801365393712327
10.807894017262374 10.830578099967587 10.815855993858328 10.830578099967461 10.807894017262285
10.813666334702456 10.836715440906909 10.821992550398834 10.836715440906781 10.813666334702363
10.8187692834819 10.842141409258957 10.827417826035607 10.842141409258826 10.818769283481805
10.823279957350678 10.846937864651686 10.832213669718142 10.846937864651542 10.823279957350575
10.827266687917152 10.85117737871624 10.836452643627137 10.851177378716113 10.827266687917069
10.830790014715948 10.854924259868334 10.84019904781939 10.854924259868213 10.830790014715861
10.833903553609266 10.858235471479777 10.8435098382768 10.85823547147965 10.833903553609183
10.836654772880086 10.861161453066796 10.84643544798482 10.86116145306666 10.836654772880001
10.839085685820244 10.863746853600722 10.84902052014498 10.863746853600572 10.839085685820164
10.84123346801412 10.866031185459756 10.851304562039209 10.866031185459626 10.841233468014023
10.843131006894762 10.86804940692114 10.853322527444107 10.868049406921 10.843131006894682
10.844807390528782 10.869832440466107 10.855105334867032 10.869832440465963 10.844807390528695
10.846288341979482 10.871407633553549 10.856680328258335 10.871407633553428 10.846288341979397
10.847596605020147 10.872799167923027 10.85807168626018 10.8727991679229 10.847596605020064
10.848752286421405 10.874028422923498 10.859300785487198 10.874028422923356 10.84875228642132
10.849773159527382 10.875114297834587 10.86038652280542 10.875114297834443 10.849773159527272
10.850674933362049 10.87607349765535 10.86134560108327 10.87607349765521 10.850674933361956
10.851471491074046 10.87692078638088 10.862192782435145 10.876920786380735 10.851471491073962
10.852175101130182 10.877669211372766 10.862941112562538 10.87766921137264 10.852175101130102
10.85279660430802 10.87833030204936 10.863602119418353 10.878330302049214 10.85279660430794
10.853345579210522 10.878914245778414 10.864185989076825 10.878914245778267 10.853345579210451
10.85383048873024 10.879430043543957 10.864701721380088 10.879430043543822 10.853830488730134
10.85425880962535 10.879885647678382 10.86515726765251 10.879885647678254 10.854258809625263
10.854637147131365 10.880288083699512 10.865559652522059 10.880288083699378 10.854637147131283
10.85497133631738 10.880643558065824 10.865915081661655 10.880643558065707 10.854971336317318
10.855266531706306 10.88095755346139 10.866229037061846 10.880957553461254 10.855266531706219
10.855527286505943 10.881234913040675 10.866506361264866 10.881234913040538 10.85552728650586
10.855757622647232 10.881479914902682 10.866751331829171 10.881479914902549 10.855757622647163
10.855961092688727 10.881696337919779 10.866967727149877 10.881696337919639 10.855961092688638
10.856140834526919 10.881887519918697 10.867158884632387 10.88188751991856 10.85614083452685
10.856299619744412 10.882056409097789 10.86732775210303 10.882056409097654 10.856299619744318
10.856439896332008 10.882205609462849 10.867476933239157 10.88220560946271 10.856439896331905
10.856563826437586 10.882337420974691 10.867608727711527 10.882337420974547 10.856563826437503
10.856673319718187 10.882453875021685 10.867725166652455 10.882453875021534 10.856673319718078
10.856770062805854 10.882556765759846 10.867828043991885 10.882556765759716 10.856770062805774
10.856855545339435 10.882647677800762 10.867918944141687 10.882647677800623 10.856855545339362
10.856931082960902 10.882728010671492 10.867999266452664 10.882728010671359 10.856931082960793
10.856997837629777 10.882799000422434 10.868070246819524 10.882799000422295 10.856997837629661
10.85705683556802 10.88286173871466 10.868132976765885 10.882861738714535 10.857056835567937
10.857108983111083 10.88291718968056 10.86818842030276 10.882917189680423 10.857108983110987
10.857155080708921 10.88296620481689 10.868237428819691 10.882966204816759 10.857155080708809
10.85719583529308 10.883009536139724 10.86828075423814 10.883009536139589 10.857195835292986
10.857231871200128 10.883047847803887 10.86831906062931 10.883047847803745 10.857231871200032
10.857263739819457 10.883081726365722 10.868352934475768 10.883081726365585 10.857263739819402
10.857291928115064 10.883111689847889 10.868382893734957 10.883111689847748 10.857291928114954
10.857316866151498 10.883138195745344 10.868409395844283 10.88313819574519 10.857316866151404
10.857338933741726 10.883161648096554 10.868432844791403 10.883161648096417 10.857338933741625
10.857358466317825 10.883182403728874 10.86845359735878 10.883182403728732 10.857358466317713
10.857375760116337 10.883200777774315 10.868471968638797 10.883200777774196 10.857375760116236
10.857391076757906 10.883217048541255 10.868488236904751 10.88321704854112 10.857391076757803
10.85740464729177 10.883231461816763 10.868502647912877 10.883231461816631 10.85740464729167
10.85741667576792 10.883244234666654 10.86851541870167 10.88324423466651 10.857416675767816
10.85742734239184 10.883255558791351 10.86852674094743 10.88325555879121 10.857427342391741
10.857436806310785 10.883265603489821 10.868536783927853 10.883265603489692 10.85743680631067
10.857445208074289 10.883274518277227 10.86854569713927 10.883274518277085 10.857445208074205
10.857452671807625 10.883282435196556 10.868553612608087 10.883282435196426 10.857452671807547
10.85745930713078 10.883289470860468 10.8685606469323 10.88328947086033 10.857459307130666
10.857465210853485 10.883295728254275 10.868566903084261 10.88329572825414 10.857465210853405
10.857470468472426 10.88330129832842 10.868572472002965 10.883301298328274 10.857470468472348
10.85747515549297 10.883306261404796 10.868577434000253 10.883306261404673 10.857475155492875
10.857479338596828 10.883310688418867 10.868581860002596 10.883310688418728 10.857479338596738
10.857483076673216 10.883314642016382 10.868585812647929 10.883314642016238 10.85748307667313
10.857486421729448 10.883318177522273 10.868589347254208 10.883318177522138 10.85748642172935
10.857489419695115 10.883321343796073 10.868592512674802 10.883321343795942 10.857489419695042
10.857492111132427 10.883324183987453 10.868595352053964 10.883324183987309 10.857492111132325
10.857494531863312 10.883326736203529 10.868597903494054 10.883326736203388 10.85749453186322
10.857496713523503 10.883329034098086 10.868600200644611 10.88332903409795 10.857496713523407
10.857498684051686 10.88333110739209 10.868602273222841 10.883331107391957 10.857498684051587
10.857500468121476 10.883332982333162 10.868604147473063 10.88333298233303 10.857500468121396
10.85750208752319 10.883334682101575 10.868605846572667 10.88333468210145 10.857502087523084
10.85750356150048 10.883336227168684 10.868607390990404 10.883336227168547 10.857503561500407
10.857504907048286 10.883337635613449 10.868608798802988 10.883337635613321 10.857504907048195
10.857506139175342 10.88333892340211 10.868610085974638 10.88333892340199 10.85750613917523
10.857507271136425 10.883340104635012 10.868611266603912 10.883340104634891 10.857507271136342
10.857508314637377 10.8833411917647 10.868612353141797 10.883341191764572 10.857508314637288
10.857509280015954 10.883342195788446 10.86861335658419 10.883342195788298 10.857509280015876
10.857510176401918 10.88334312641832 10.868614286641954 10.883343126418186 10.857510176401835
10.857511011857953 10.88334399223145 10.868615151891118 10.883343992231307 10.857511011857873
10.857511793504633 10.883344800802563 10.868615959905476 10.88334480080244 10.857511793504555
10.85751252763032 10.88334555882123 10.868616717373715 10.883345558821103 10.857512527630243
10.857513219788531 10.883346272195208 10.868617430202896 10.883346272195071 10.857513219788448
10.857513874883733 10.883346946141842 10.868618103609682 10.88334694614171 10.857513874883645
10.857514497247292 10.883347585268806 10.868618742201166 10.883347585268659 10.857514497247195
10.857515090704334 10.883348193645233 10.868619350046007 10.883348193645105 10.857515090704242
10.857515658633021 10.883348774864794 10.868619930737381 10.883348774864661 10.857515658632929
10.85751620401668 10.88334933210114 10.868620487448544 10.883349332100996 10.857516204016592
10.857516729490046 10.88334986815705 10.868621022981939 10.883349868156905 10.857516729489967
10.85751723737993 10.88335038550776 10.868621539812505 10.88335038550763 10.85751723737982
10.857517729741152 10.883350886339258 10.86862204012592 10.883350886339114 10.857517729741064
10.857518208388505 10.883351372582 10.868622525852437 10.883351372581878 10.857518208388427
10.85751867492463 10.883351845940972 10.868622998696752 10.883351845940826 10.85751867492457
10.857519130764965 10.883352307921749 10.868623460164358 10.883352307921607 10.857519130764869
10.85751957715938 10.883352759854072 10.868623911584733 10.88335275985394 10.857519577159286
10.8575200152118 10.883353202912236 10.868624354132093 10.88335320291211 10.857520015211716
10.857520445897093 10.883353638133338 10.868624788843343 10.883353638133201 10.857520445897006
10.857520870076248 10.883354066433208 10.868625216634275 10.883354066433085 10.857520870076156
10.857521288509554 10.883354488620741 10.868625638313599 10.883354488620602 10.857521288509473
10.85752170186854 10.883354905410206 10.868626054595564 10.883354905410075 10.857521701868452
10.857522110746192 10.883355317432468 10.86862646611091 10.883355317432342 10.857522110746093
10.857522515666213 10.883355725244646 10.868626873416703 10.88335572524452 10.857522515666123
10.857522917091144 10.883356129338763 10.868627277004888 10.883356129338624 10.857522917091035
10.85752331542938 10.883356530149298 10.86862767730993 10.88335653014916 10.857523315429283
10.857523711041676 10.883356928060008 10.86862807471548 10.883356928059863 10.857523711041592
10.857524104246636 10.88335732340975 10.868628469560424 10.883357323409626 10.857524104246538
10.857524495325535 10.88335771649784 10.868628862143991 10.883357716497724 10.857524495325446
10.857524884526873 10.883358107588597 10.86862925273045 10.88335810758846 10.85752488452677
10.857525272070035 10.883358496915418 10.868629641553202 10.88335849691529 10.857525272069957
10.85752565814885 10.883358884684448 10.868630028818371 10.883358884684311 10.857525658148752
10.857526042934426 10.88335927107774 10.868630414707956 10.883359271077596 10.857526042934321
10.857526426577873 10.883359656256067 10.868630799382737 10.883359656255923 10.85752642657778
10.857526809212692 10.883360040361403 10.868631182984679 10.883360040361264 10.85752680921261
10.857527190956752 10.883360423519177 10.868631565639165 10.88336042351904 10.85752719095668
10.857527571914206 10.883360805840091 10.868631947456915 10.883360805839958 10.857527571914101
10.857527952176866 10.883361187421979 10.86863232853571 10.883361187421851 10.857527952176797
10.857528331826035 10.883361568351198 10.868632708961922 10.883361568351054 10.857528331825945
10.857528710933389 10.883361948704014 10.868633088811796 10.883361948703877 10.857528710933284
10.857529089562183 10.88336232854778 10.86863346815271 10.883362328547646 10.857529089562096
10.857529467768407 10.883362707942023 10.868633847044118 10.883362707941878 10.857529467768329
10.857529845601446 10.883363086939234 10.86863422553858 10.883363086939097 10.857529845601347
10.85753022310487 10.88336346558585 10.868634603682466 10.88336346558571 10.857530223104785
10.857530600317252 10.883363843922805 10.868634981516765 10.883363843922677 10.857530600317158
10.85753097727257 10.883364221986337 10.86863535907764 10.883364221986206 10.857530977272482
10.857531354000887 10.883364599808383 10.86863573639706 10.88336459980823 10.85753135400079
10.857531730528729 10.88336497741714 10.868636113503229 10.883364977417001 10.857531730528633
10.857532106879496 10.883365354837542 10.86863649042109 10.883365354837423 10.857532106879411
10.857532483073928 10.883365732091644 10.868636867172617 10.883365732091502 10.85753248307384
10.857532859130295 10.883366109198834 10.86863724377729 10.8833661091987 10.8575328591302
10.85753323506469 10.883366486176316 10.868637620252267 10.883366486176177 10.857533235064595
10.857533610891394 10.883366863039223 10.868637996612676 10.88336686303909 10.857533610891302
10.857533986623014 10.883367239800966 10.868638372871933 10.88336723980082 10.857533986622904
10.857534362270618 10.883367616473349 10.868638749041853 10.883367616473215 10.857534362270531
10.85753473784406 10.883367993066848 10.868639125132884 10.883367993066711 10.857534737843984
10.857535113352032 10.88336836959065 10.86863950115424 10.883368369590515 10.857535113351936
10.857535488802114 10.883368746052922 10.868639877114061 10.883368746052785 10.857535488802036
10.857535864201134 10.883369122460838 10.868640253019546 10.883369122460703 10.85753586420104
10.85753623955504 10.883369498820777 10.868640628877042 10.88336949882063 10.857536239554943
10.857536614869087 10.883369875138326 10.868641004692172 10.883369875138188 10.857536614869003
10.857536990147981 10.883370251418444 10.868641380469882 10.883370251418317 10.857536990147887
10.857537365395775 10.883370627665526 10.868641756214531 10.883370627665386 10.857537365395702
10.85753774061618 10.883371003883433 10.86864213193002 10.883371003883287 10.857537740616081
10.857538115812313 10.883371380075523 10.868642507619716 10.883371380075397 10.857538115812229
10.85753849098707 10.883371756244886 10.868642883286661 10.883371756244745 10.857538490986986
10.85753886614293 10.88337213239413 10.8686432589335 10.883372132394001 10.857538866142836
10.857539241282096 10.88337250852563 10.868643634562597 10.883372508525495 10.85753924128201
10.857539616406548 10.883372884641457 10.868644010176025 10.88337288464132 10.85753961640645
10.857539991517967 10.883373260743436 10.868644385775607 10.883373260743305 10.857539991517875
10.857540366617897 10.883373636833191 10.868644761362972 10.883373636833067 10.857540366617817
10.857540741707712 10.883374012912178 10.868645136939541 10.88337401291204 10.85754074170761
10.857541116788532 10.883374388981615 10.86864551250659 10.883374388981487 10.857541116788456
10.857541491861458 10.883374765042655 10.868645888065231 10.883374765042511 10.857541491861388
10.857541866927443 10.883375141096245 10.86864626361643 10.883375141096117 10.857541866927333
10.857542241987211 10.883375517143287 10.868646639161085 10.883375517143147 10.857542241987122
10.857542617041544 10.88337589318452 10.868647014699935 10.883375893184395 10.857542617041457
10.857542992091082 10.883376269220658 10.868647390233676 10.88337626922053 10.857542992090991
10.85754336713636 10.883376645252286 10.868647765762901 10.88337664525214 10.857543367136277
10.85754374217792 10.883377021279923 10.868648141288146 10.883377021279784 10.857543742177814
10.857544117216152 10.883377397304029 10.868648516809872 10.8833773973039 10.857544117216058
10.857544492251456 10.88337777332504 10.868648892328501 10.883377773324908 10.857544492251382
10.857544867284217 10.883378149343311 10.868649267844376 10.883378149343175 10.857544867284123
10.857545242314673 10.883378525359161 10.868649643357841 10.883378525359038 10.857545242314597
10.857545617343144 10.883378901372867 10.868650018869168 10.883378901372753 10.85754561734306
10.857545992369825 10.883379277384725 10.868650394378617 10.88337927738459 10.857545992369756
10.857546367394956 10.883379653394876 10.868650769886404 10.883379653394751 10.857546367394889
10.85754674241873 10.883380029403602 10.868651145392715 10.883380029403455 10.857546742418648
10.857547117441271 10.883380405411007 10.86865152089774 10.883380405410872 10.857547117441182
10.857547492462755 10.883380781417278 10.868651896401612 10.883380781417129 10.857547492462654
10.857547867483254 10.883381157422528 10.868652271904493 10.883381157422388 10.857547867483168
10.857548242502954 10.883381533426912 10.868652647406487 10.883381533426768 10.857548242502864
10.857548617521909 10.883381909430499 10.868653022907688 10.883381909430375 10.857548617521823
10.857548992540222 10.883382285433399 10.868653398408208 10.883382285433292 10.857548992540133
10.857549367557956 10.88338266143572 10.868653773908123 10.883382661435574 10.85754936755787
10.8575497425752 10.883383037437474 10.868654149407496 10.883383037437344 10.857549742575113
10.85755011759198 10.883383413438775 10.868654524906402 10.883383413438635 10.857550117591913
10.857550492608413 10.883383789439668 10.868654900404898 10.883383789439518 10.857550492608324
10.857550867624491 10.88338416544017 10.868655275903029 10.883384165440033 10.857550867624383
10.857551242640247 10.883384541440373 10.868655651400841 10.88338454144024 10.85755124264015
10.857551617655735 10.883384917440267 10.86865602689836 10.883384917440148 10.857551617655652
10.85755199267101 10.883385293439963 10.868656402395656 10.883385293439824 10.857551992670931
10.85755236768609 10.883385669439408 10.868656777892712 10.883385669439267 10.85755236768599
10.857552742700962 10.883386045438675 10.868657153389591 10.883386045438533 10.857552742700884
10.85755311771572 10.883386421437763 10.868657528886297 10.883386421437626 10.857553117715616
10.857553492730307 10.883386797436719 10.868657904382857 10.883386797436577 10.857553492730224
10.857553867744816 10.883387173435528 10.868658279879295 10.883387173435407 10.857553867744706
10.857554242759171 10.883387549434255 10.868658655375622 10.883387549434115 10.857554242759074
10.857554617773467 10.883387925432853 10.868659030871852 10.883387925432725 10.857554617773358
10.85755499278766 10.883388301431387 10.868659406367994 10.88338830143126 10.857554992787568
10.857555367801819 10.883388677429862 10.86865978186408 10.88338867742972 10.85755536780173
10.857555742815894 10.883389053428264 10.868660157360091 10.883389053428127 10.857555742815821
10.85755611782994 10.883389429426611 10.86866053285605 10.883389429426478 10.85755611782985
10.857556492843928 10.883389805424908 10.86866090835196 10.883389805424772 10.857556492843838
10.857556867857882 10.883390181423174 10.868661283847837 10.883390181423035 10.8575568678578
10.857557242871819 10.883390557421404 10.868661659343685 10.883390557421267 10.85755724287173
10.857557617885748 10.883390933419609 10.868662034839495 10.883390933419474 10.85755761788563
10.857557992899602 10.883391309417794 10.868662410335286 10.883391309417652 10.857557992899526
10.857558367913455 10.88339168541594 10.868662785831072 10.883391685415818 10.857558367913388
10.857558742927335 10.883392061414096 10.868663161326817 10.883392061413957 10.857558742927239
10.85755911794118 10.883392437412226 10.868663536822572 10.883392437412096 10.85755911794108
10.857559492955017 10.88339281341036 10.868663912318306 10.88339281341021 10.857559492954925
10.857559867968853 10.883393189408466 10.868664287814038 10.883393189408338 10.857559867968755
10.857560242982677 10.883393565406587 10.86866466330978 10.88339356540645 10.85756024298258
10.857560617996509 10.883393941404702 10.868665038805506 10.88339394140457 10.857560617996418
10.857560993010345 10.883394317402828 10.868665414301223 10.883394317402686 10.85756099301024
10.857561368024175 10.883394693400929 10.868665789796957 10.88339469340081 10.85756136802407
10.857561743038017 10.883395069399041 10.868666165292684 10.883395069398912 10.857561743037909
10.857562118051826 10.883395445397168 10.86866654078841 10.88339544539703 10.857562118051746
10.857562493065656 10.883395821395286 10.868666916284143 10.883395821395156 10.857562493065585
10.857562868079517 10.883396197393415 10.86866729177989 10.883396197393283 10.857562868079425
10.857563243093372 10.883396573391563 10.868667667275641 10.88339657339143 10.857563243093281
10.857563618107235 10.88339694938972 10.868668042771407 10.88339694938958 10.857563618107154
10.85756399312111 10.88339732538786 10.86866841826717 10.88339732538773 10.857563993121024
10.857564368134986 10.883397701386029 10.86866879376294 10.883397701385894 10.857564368134904
10.85756474314887 10.883398077384191 10.868669169258727 10.883398077384069 10.857564743148792
10.857565118162762 10.883398453382377 10.868669544754521 10.883398453382243 10.857565118162686
10.85756549317668 10.88339882938056 10.868669920250325 10.883398829380427 10.857565493176592
10.857565868190596 10.883399205378767 10.86867029574613 10.883399205378634 10.857565868190518
10.857566243204522 10.883399581376969 10.86867067124195 10.883399581376837 10.857566243204442
10.857566618218474 10.883399957375184 10.868671046737786 10.883399957375053 10.857566618218378
10.857566993232439 10.883400333373428 10.868671422233636 10.883400333373292 10.85756699323234
10.857567368246382 10.88340070937167 10.868671797729482 10.883400709371521 10.857567368246286
10.857567743260347 10.88340108536992 10.868672173225349 10.883401085369783 10.857567743260269
10.857568118274335 10.883401461368186 10.868672548721225 10.883401461368049 10.857568118274253
10.857568493288335 10.883401837366465 10.868672924217114 10.883401837366321 10.85756849328824
10.857568868302357 10.883402213364748 10.868673299713015 10.883402213364617 10.857568868302263
10.857569243316384 10.883402589363053 10.868673675208939 10.883402589362921 10.857569243316279
10.857569618330391 10.883402965361375 10.868674050704858 10.88340296536124 10.85756961833032
10.857569993344441 10.88340334135971 10.868674426200805 10.883403341359571 10.857569993344354
10.85757036835848 10.883403717358052 10.868674801696752 10.883403717357895 10.857570368358413
10.85757074337257 10.88340409335639 10.868675177192715 10.883404093356262 10.857570743372495
10.85757111838665 10.883404469354746 10.86867555268869 10.883404469354614 10.857571118386566
10.857571493400759 10.88340484535313 10.868675928184691 10.88340484535299 10.857571493400663
10.857571868414878 10.883405221351516 10.868676303680688 10.883405221351385 10.857571868414785
10.857572243429011 10.88340559734992 10.868676679176707 10.883405597349798 10.857572243428907
10.857572618443118 10.883405973348342 10.868677054672725 10.883405973348202 10.857572618443031
10.857572993457262 10.883406349346757 10.868677430168756 10.883406349346632 10.857572993457183
10.857573368471416 10.88340672534522 10.868677805664802 10.883406725345065 10.857573368471328
10.857573743485608 10.883407101343654 10.868678181160876 10.88340710134352 10.857573743485501
10.857574118499794 10.883407477342125 10.868678556656953 10.883407477341978 10.857574118499675
