0.7421728702816782 0.6880876427563608 0.6880876427563607 0.7421728702816784
0.9946047179240614 0.9336433054180363 0.9336433054180366 0.9946047179240618
1.2381960017738585 1.1751800089468538 1.1751800089468543 1.2381960017738585
1.494103133297693 1.429997202886716 1.4299972028867165 1.494103133297693
1.771148669124862 1.7057615196257283 1.705761519625729 1.7711486691248612
2.0742471716177096 2.0070966472720975 2.007096647272098 2.074247171617709
2.4062819649351312 2.3369174533352814 2.3369174533352823 2.4062819649351286
2.7685900489886914 2.6967268330024425 2.6967268330024425 2.7685900489886883
3.1610324029351387 3.0866129685385593 3.0866129685385606 3.1610324029351373
3.581948857297068 3.5051692887919303 3.5051692887919317 3.5819488572970646
4.028127669346043 3.9494401140284348 3.9494401140284365 4.028127669346036
4.494861574387175 4.4149546146369225 4.414954614636924 4.4948615743871665
4.97612912056467 4.895886377904713 4.895886377904713 4.9761291205646625
5.464910378270331 5.385349708623885 5.3853497086238855 5.464910378270324
5.953616235438585 5.8758152077419705 5.875815207741974 5.9536162354385755
6.4345844343922085 6.359600732814018 6.359600732814019 6.434584434392194
6.900579430105551 6.8293761449219605 6.829376144921967 6.900579430105536
7.345231474575093 7.27861637965595 7.27861637965595 7.345231474575072
7.763363230325198 7.7019483217514795 7.7019483217514795 7.763363230325177
8.151175297429543 8.09535897073745 8.095358970737458 8.151175297429514
8.506288196004634 8.456258594862028 8.456258594862039 8.506288196004618
8.827660622562938 8.783415824452124 8.783415824452133 8.827660622562917
9.11541773833653 9.07679700218443 9.076797002184431 9.115417738336506
9.370627765132047 9.337348000233531 9.337348000233527 9.370627765132017
9.595061936001853 9.5667544733078 9.566754473307801 9.595061936001825
9.790964932276928 9.76720908940798 9.76720908940799 9.79096493227689
9.960853428030426 9.941204826231518 9.941204826231505 9.960853428030397
10.107351550608763 10.09136438594716 10.091364385947156 10.10735155060873
10.233065194749976 10.220308565429859 10.220308565429882 10.233065194749939
10.340492546026097 10.330561488160612 10.330561488160612 10.340492546026045
10.43196564978874 10.424487796126975 10.424487796126984 10.43196564978871
10.509616913725056 10.504255747069738 10.504255747069758 10.509616913724999
10.575364522692603 10.571820127169145 10.571820127169158 10.575364522692563
10.630911419232019 10.628919500538082 10.628919500538094 10.630911419231987
10.677753428993837 10.677083222190369 10.67708322219038 10.677753428993794
10.71719307249375 10.71764460872306 10.717644608723063 10.717193072493696
10.750356482861063 10.751757557849322 10.751757557849329 10.750356482861024
10.778211589512786 10.780414671683008 10.78041467168302 10.778211589512754
10.801586317314776 10.804465551691424 10.804465551691429 10.801586317314738
10.821185999940102 10.824634403140337 10.82463440314034 10.821185999940065
10.837609535337092 10.841536433220995 10.841536433221009 10.837609535337045
10.85136404383764 10.855692773164218 10.855692773164229 10.851364043837593
10.862877947597354 10.867543823016065 10.86754382301608 10.862877947597308
10.872512492806 10.877461027965374 10.877461027965376 10.872512492805956
10.880571798873206 10.885757163180166 10.885757163180156 10.880571798873163
10.887311553558037 10.892695242521262 10.89269524252127 10.88731155355799
10.892946488766944 10.89849618468164 10.898496184681635 10.892946488766919
10.897656775062158 10.903345375160017 10.903345375160026 10.89765677506213
10.901593468479254 10.907398258959669 10.907398258959686 10.90159346847923
10.904883134305267 10.910785090453496 10.910785090453503 10.90488313430522
10.90763176121586 10.913614955822824 10.913614955822824 10.907631761215818
10.909928067067584 10.915979171408937 10.915979171408942 10.90992806706752
10.911846285599124 10.91795414919937 10.917954149199376 10.911846285599076
10.9134485118681 10.919603809103428 10.919603809103426 10.913448511868063
10.914786673731639 10.92098160698397 10.920981606983972 10.914786673731577
10.915904187209334 10.922132237761188 10.922132237761199 10.915904187209284
10.916837345173672 10.923093064332045 10.923093064332056 10.91683734517364
10.917616481461327 10.92389531553007 10.923895315530071 10.917616481461287
10.918266946121166 10.92456508981752 10.924565089817529 10.918266946121117
10.918809922019205 10.925124195768486 10.925124195768495 10.918809922019172
10.919263108314155 10.925590855571887 10.925590855571894 10.91926310831412
10.919641292302497 10.925980293662906 10.925980293662912 10.919641292302451
10.919956827723675 10.926305229089238 10.926305229089252 10.919956827723638
10.92022003472669 10.926576287250073 10.92657628725009 10.920220034726649
10.920439534259401 10.926802344137787 10.926802344137807 10.920439534259367
10.920622527584325 10.92699081409638 10.92699081409638 10.920622527584264
10.920775029891905 10.927147890328564 10.927147890328582 10.92077502989187
10.920902065526258 10.92727874588595 10.92727874588597 10.920902065526217
10.92100783111441 10.927387701617493 10.927387701617503 10.921007831114373
10.921095831865072 10.927478366496366 10.927478366496368 10.921095831865024
10.921168995441482 10.927553754859412 10.927553754859424 10.921168995441437
10.921229767092921 10.927616384351937 10.92761638435195 10.921229767092878
10.92128018912523 10.927668357748933 10.92766835774894 10.921280189125179
10.921321967286053 10.927711431304372 10.927711431304377 10.921321967286001
10.921356526217345 10.927747071844635 10.927747071844653 10.921356526217298
10.921385055774419 10.927776504458281 10.927776504458281 10.921385055774373
10.921408549714823 10.927800752330107 10.927800752330112 10.921408549714776
10.921427838013436 10.927820670012771 10.92782067001278 10.921427838013397
10.921443613853379 10.9278369712168 10.927836971216813 10.921443613853352
10.921456456169649 10.927850252021504 10.92785025202152 10.92145645616962
10.921466848477925 10.927861010261385 10.927861010261402 10.92146684847788
10.92147519460061 10.92786966171779 10.927869661717805 10.921475194600571
10.921481831801469 10.927876553642339 10.927876553642342 10.921481831801419
10.92148704175543 10.927881976051705 10.92788197605171 10.921487041755393
10.921491059710709 10.927886171160928 10.927886171160933 10.921491059710679
10.921494082140795 10.92788934126206 10.927889341262059 10.92149408214076
10.921496273135372 10.927891655304315 10.927891655304327 10.92149627313533
10.921497769737885 10.927893254389742 10.92789325438975 10.921497769737854
10.92149868640343 10.927894256363052 10.927894256363057 10.9214986864034
10.921499118721837 10.927894759644964 10.927894759644962 10.921499118721792
10.921499146527092 10.927894846433857 10.927894846433855 10.92149914652705
10.921498836494424 10.927894585379505 10.927894585379512 10.921498836494377
10.921498244309122 10.927894033816377 10.927894033816388 10.921498244309065
10.921497416477958 10.927893239628599 10.927893239628604 10.92149741647792
10.921496391842128 10.927892242807635 10.927892242807644 10.9214963918421
10.921495202840747 10.927891076753285 10.927891076753287 10.921495202840694
10.921493876565922 10.927889769360064 10.927889769360068 10.921493876565883
10.921492435644353 10.927888343924739 10.927888343924733 10.921492435644314
10.921490898973126 10.927886819904042 10.927886819904057 10.921490898973094
10.92148928233461 10.927885213547762 10.927885213547759 10.921489282334566
10.921487598909758 10.927883538427196 10.927883538427205 10.921487598909703
10.921485859706916 10.927881805876735 10.92788180587674 10.92148585970685
10.921484073919952 10.927880025362537 10.92788002536254 10.921484073919908
10.921482249227347 10.927878204790455 10.92787820479046 10.921482249227308
10.921480392041904 10.927876350763244 10.927876350763247 10.921480392041875
10.921478507719463 10.927874468795318 10.92787446879532 10.921478507719426
10.921476600733058 10.92787256349219 10.927872563492194 10.921476600733001
10.921474674818365 10.927870638700211 10.927870638700217 10.92147467481831
10.921472733095397 10.927868697631771 10.927868697631792 10.921472733095344
10.921470778169866 10.927866742969782 10.927866742969789 10.921470778169827
10.921468812218015 10.927864776954873 10.927864776954884 10.921468812217975
10.921466837057345 10.927862801458422 10.927862801458438 10.921466837057304
10.921464854205798 10.927860818043312 10.927860818043326 10.921464854205759
10.921462864931115 10.927858828014818 10.927858828014827 10.921462864931078
10.921460870292071 10.927856832463098 10.927856832463105 10.921460870292028
10.921458871172922 10.927854832298587 10.927854832298587 10.921458871172884
10.921456868312191 10.927852828281647 10.927852828281669 10.921456868312147
10.92145486232664 10.927850821047363 10.927850821047365 10.921454862326598
10.921452853731417 10.927848811126088 10.927848811126088 10.921452853731378
10.92145084295672 10.92784679896077 10.927846798960777 10.921450842956677
10.921448830361838 10.927844784921364 10.927844784921376 10.92144883036179
10.921446816246856 10.927842769316845 10.927842769316849 10.921446816246817
10.92144480086239 10.927840752405228 10.927840752405226 10.921444800862352
10.921442784417753 10.927838734402032 10.92783873440204 10.92144278441773
10.921440767087777 10.927836715487242 10.927836715487247 10.921440767087734
10.921438749018424 10.927834695811175 10.927834695811175 10.921438749018368
10.921436730331616 10.927832675499367 10.927832675499372 10.921436730331573
10.921434711129217 10.927830654656676 10.927830654656686 10.92143471112916
10.921432691496245 10.927828633370677 10.92782863337068 10.9214326914962
10.921430671503758 10.927826611714487 10.927826611714487 10.921430671503705
10.921428651211054 10.92782458974916 10.927824589749173 10.921428651211007
10.921426630667685 10.927822567525771 10.927822567525782 10.921426630667654
10.921424609915038 10.927820545086862 10.927820545086863 10.921424609914993
10.921422588987664 10.927818522468066 10.927818522468053 10.921422588987609
10.921420567914412 10.927816499699038 10.92781649969905 10.921420567914362
10.92141854671939 10.92781447680464 10.927814476804658 10.921418546719357
10.92141652542277 10.927812453805585 10.927812453805602 10.92141652542271
10.921414504041284 10.927810430719223 10.927810430719223 10.921414504041243
10.921412482589044 10.927808407559944 10.927808407559953 10.921412482589002
10.92141046107775 10.92780638433985 10.927806384339856 10.921410461077707
10.921408439517199 10.927804361069047 10.927804361069057 10.921408439517164
10.921406417915579 10.927802337755926 10.927802337755931 10.921406417915538
10.921404396279707 10.927800314407527 10.927800314407548 10.92140439627967
10.921402374615294 10.927798291029772 10.927798291029779 10.921402374615262
10.921400352927117 10.92779626762749 10.927796267627505 10.921400352927074
10.921398331219129 10.927794244204842 10.92779424420485 10.921398331219088
10.921396309494686 10.927792220765207 10.92779222076522 10.92139630949465
10.921394287756538 10.927790197311468 10.92779019731148 10.921394287756502
10.921392266007008 10.927788173845997 10.92778817384601 10.921392266006977
10.921390244248053 10.927786150370805 10.927786150370803 10.921390244248002
10.921388222481278 10.927784126887536 10.927784126887547 10.921388222481228
10.921386200708007 10.927782103397611 10.927782103397611 10.921386200707968
10.921384178929404 10.927780079902151 10.927780079902153 10.921384178929365
10.921382157146404 10.927778056402149 10.927778056402161 10.921382157146358
10.92138013535977 10.927776032898429 10.927776032898441 10.921380135359739
10.921378113570196 10.927774009391646 10.927774009391653 10.921378113570153
10.921376091778209 10.927771985882357 10.92777198588238 10.921376091778166
10.921374069984264 10.927769962371071 10.927769962371064 10.921374069984221
10.921372048188744 10.927767938858148 10.927767938858143 10.921372048188704
10.921370026391978 10.92776591534392 10.927765915343922 10.921370026391939
10.921368004594243 10.927763891828679 10.927763891828674 10.921368004594202
10.92136598279574 10.927761868312631 10.92776186831264 10.921365982795693
10.921363960996647 10.927759844795986 10.927759844795993 10.921363960996608
10.921361939197165 10.927757821278894 10.927757821278908 10.92136193919711
10.921359917397366 10.927755797761503 10.92775579776152 10.921359917397327
10.921357895597406 10.927753774243923 10.927753774243936 10.92135789559735
10.921355873797326 10.927751750726236 10.927751750726234 10.92135587379729
10.921353851997264 10.927749727208518 10.927749727208523 10.921353851997226
10.921351830197253 10.927747703690853 10.927747703690853 10.92135183019721
10.921349808397338 10.927745680173263 10.927745680173276 10.921349808397297
10.921347786597563 10.92774365665583 10.92774365665583 10.92134778659752
10.921345764797964 10.927741633138565 10.92774163313857 10.92134576479794
10.921343742998586 10.927739609621513 10.927739609621524 10.921343742998554
10.92134172119946 10.9277375861047 10.927737586104698 10.921341721199418
10.92133969940058 10.927735562588131 10.927735562588149 10.921339699400537
10.92133767760201 10.927733539071847 10.927733539071863 10.921337677601958
10.921335655803697 10.927731515555868 10.927731515555879 10.92133565580366
10.921333634005704 10.927729492040188 10.92772949204019 10.921333634005661
10.921331612208029 10.927727468524827 10.927727468524825 10.921331612207988
10.921329590410693 10.927725445009774 10.927725445009779 10.921329590410629
10.921327568613647 10.927723421495061 10.927723421495067 10.921327568613618
10.921325546817014 10.927721397980692 10.927721397980694 10.921325546816945
10.921323525020634 10.927719374466657 10.927719374466667 10.92132352502061
10.921321503224648 10.927717350952978 10.927717350952983 10.921321503224616
10.921319481429038 10.927715327439643 10.927715327439653 10.921319481428984
10.921317459633753 10.92771330392667 10.927713303926685 10.921317459633721
10.921315437838832 10.92771128041406 10.927711280414067 10.921315437838787
10.921313416044264 10.927709256901805 10.927709256901812 10.921313416044224
10.921311394250061 10.927707233389894 10.927707233389915 10.921311394250024
10.921309372456214 10.927705209878361 10.927705209878377 10.921309372456184
10.921307350662763 10.927703186367198 10.9277031863672 10.921307350662714
10.921305328869625 10.927701162856394 10.92770116285641 10.92130532886961
10.921303307076904 10.927699139345938 10.927699139345957 10.921303307076863
10.921301285284533 10.927697115835889 10.92769711583589 10.921301285284486
10.921299263492518 10.92769509232618 10.927695092326188 10.921299263492475
10.921297241700861 10.927693068816831 10.927693068816847 10.921297241700831
10.921295219909602 10.927691045307872 10.927691045307887 10.921295219909556
10.921293198118693 10.927689021799281 10.92768902179928 10.921293198118649
10.921291176328166 10.92768699829103 10.927686998291042 10.921291176328117
10.921289154538009 10.927684974783165 10.927684974783176 10.921289154537956
10.921287132748203 10.927682951275672 10.92768295127569 10.921287132748155
10.921285110958747 10.927680927768543 10.927680927768558 10.921285110958712
10.921283089169684 10.927678904261791 10.927678904261795 10.921283089169648
10.921281067380985 10.927676880755397 10.927676880755405 10.921281067380951
10.921279045592676 10.927674857249384 10.92767485724938 10.921279045592637
10.9212770238047 10.92767283374374 10.927672833743747 10.921277023804672
10.921275002017136 10.92767081023845 10.927670810238464 10.921275002017085
10.921272980229917 10.927668786733536 10.927668786733545 10.921272980229865
10.921270958443058 10.927666763229007 10.927666763229015 10.92127095844303
10.921268936656608 10.92766473972482 10.927664739724838 10.921268936656553
10.921266914870476 10.927662716221034 10.927662716221038 10.921266914870438
10.92126489308477 10.927660692717602 10.927660692717616 10.921264893084711
10.921262871299385 10.927658669214543 10.927658669214553 10.921262871299339
10.921260849514379 10.927656645711851 10.927656645711863 10.921260849514344
10.921258827729739 10.927654622209536 10.927654622209534 10.921258827729712
10.921256805945486 10.927652598707585 10.927652598707592 10.921256805945447
10.921254784161631 10.927650575206014 10.927650575206016 10.921254784161569
10.921252762378092 10.92764855170481 10.927648551704808 10.921252762378051
10.921250740594951 10.927646528203965 10.927646528203983 10.921250740594909
10.921248718812171 10.92764450470351 10.927644504703506 10.921248718812123
10.921246697029758 10.927642481203407 10.9276424812034 10.921246697029723
10.92124467524773 10.927640457703681 10.927640457703678 10.921244675247685
10.921242653466063 10.927638434204324 10.927638434204331 10.92124265346602
10.921240631684759 10.927636410705329 10.92763641070533 10.92124063168471
10.92123860990383 10.92763438720671 10.927634387206716 10.92123860990379
10.921236588123273 10.92763236370847 10.92763236370847 10.921236588123234
10.921234566343097 10.92763034021058 10.927630340210591 10.92123456634304
10.921232544563264 10.927628316713081 10.92762831671309 10.921232544563235
10.921230522783823 10.927626293215939 10.92762629321594 10.921230522783782
10.921228501004736 10.927624269719157 10.92762426971917 10.921228501004702
10.921226479226027 10.927622246222764 10.927622246222779 10.921226479225991
10.921224457447705 10.927620222726748 10.927620222726757 10.921224457447652
10.921222435669732 10.927618199231082 10.927618199231091 10.921222435669682
10.921220413892126 10.927616175735801 10.92761617573582 10.92122041389208
10.9212183921149 10.9276141522409 10.927614152240889 10.92121839211486
10.92121637033803 10.927612128746334 10.927612128746354 10.921216370338005
10.921214348561556 10.92761010525216 10.927610105252175 10.921214348561511
10.92121232678543 10.927608081758345 10.927608081758352 10.921212326785396
10.921210305009685 10.927606058264919 10.927606058264931 10.921210305009636
10.921208283234309 10.927604034771862 10.927604034771864 10.921208283234257
10.921206261459306 10.927602011279166 10.927602011279177 10.921206261459252
10.921204239684654 10.927599987786822 10.927599987786838 10.92120423968461
10.92120221791038 10.927597964294883 10.927597964294888 10.921202217910338
10.921200196136509 10.927595940803304 10.927595940803313 10.921200196136446
10.921198174362958 10.927593917312084 10.927593917312086 10.921198174362912
10.921196152589797 10.927591893821223 10.927591893821239 10.921196152589754
10.921194130816998 10.927589870330749 10.927589870330765 10.921194130816962
10.921192109044584 10.92758784684065 10.927587846840659 10.921192109044542
10.921190087272526 10.927585823350915 10.927585823350919 10.921190087272493
10.92118806550084 10.927583799861551 10.927583799861551 10.921188065500806
10.921186043729552 10.927581776372557 10.927581776372568 10.921186043729499
10.921184021958602 10.927579752883936 10.927579752883938 10.921184021958553
10.921182000188036 10.927577729395665 10.927577729395674 10.92118200018798
10.92117997841783 10.92757570590779 10.927575705907792 10.921179978417783
10.92117795664799 10.927573682420265 10.927573682420277 10.921177956647934
10.92117593487851 10.927571658933122 10.927571658933129 10.921175934878484
10.921173913109442 10.927569635446359 10.927569635446362 10.921173913109392
10.921171891340704 10.927567611959958 10.927567611959958 10.921171891340675
10.921169869572365 10.927565588473916 10.927565588473916 10.921169869572324
10.921167847804382 10.927563564988246 10.92756356498825 10.921167847804337
10.921165826036765 10.927561541502964 10.927561541502971 10.921165826036727
10.921163804269522 10.927559518018017 10.927559518018032 10.921163804269483
10.921161782502638 10.927557494533477 10.927557494533483 10.921161782502605
10.921159760736135 10.927555471049287 10.927555471049292 10.921159760736112
10.921157738970003 10.927553447565469 10.927553447565483 10.921157738969976
10.921155717204275 10.927551424082036 10.927551424082043 10.921155717204215
10.921153695438873 10.92754940059897 10.927549400598966 10.921153695438822
10.92115167367384 10.927547377116264 10.927547377116273 10.921151673673801
10.921149651909195 10.92754535363392 10.92754535363393 10.921149651909149
10.921147630144905 10.92754333015196 10.927543330151968 10.921147630144869
10.921145608380995 10.927541306670369 10.92754130667038 10.921145608380963
10.921143586617443 10.927539283189155 10.927539283189159 10.921143586617408
10.9211415648543 10.927537259708286 10.927537259708306 10.921141564854228
10.921139543091462 10.927535236227813 10.92753523622781 10.921139543091428
10.921137521329038 10.927533212747695 10.927533212747713 10.921137521328994
10.921135499566965 10.927531189267956 10.927531189267961 10.921135499566937
10.921133477805288 10.927529165788586 10.927529165788597 10.921133477805244
10.92113145604396 10.92752714230958 10.927527142309593 10.92113145604392
10.921129434283014 10.927525118830962 10.92752511883096 10.921129434282964
10.92112741252243 10.927523095352688 10.927523095352702 10.92112741252239
10.921125390762207 10.927521071874812 10.927521071874812 10.92112539076218
10.921123369002363 10.927519048397276 10.927519048397292 10.921123369002316
10.921121347242886 10.927517024920114 10.927517024920128 10.921121347242853
10.921119325483776 10.92751500144335 10.927515001443348 10.921119325483739
10.921117303725037 10.92751297796694 10.927512977966948 10.921117303725007
10.92111528196668 10.92751095449089 10.927510954490906 10.921115281966651
10.921113260208699 10.92750893101522 10.92750893101523 10.92111326020865
10.921111238451063 10.927506907539902 10.927506907539923 10.921111238451019
10.921109216693813 10.92750488406499 10.927504884064993 10.92110921669377
10.921107194936933 10.92750286059042 10.92750286059043 10.921107194936885
10.921105173180404 10.927500837116227 10.927500837116238 10.921105173180361
10.921103151424253 10.92749881364241 10.927498813642416 10.92110315142422
10.9211011296685 10.927496790168963 10.927496790168973 10.921101129668441
10.921099107913083 10.927494766695883 10.927494766695897 10.921099107913046
10.92109708615806 10.927492743223185 10.927492743223183 10.921097086158001
10.921095064403385 10.927490719750834 10.927490719750843 10.921095064403339
10.921093042649098 10.927488696278859 10.927488696278875 10.921093042649051
10.921091020895178 10.927486672807268 10.927486672807271 10.921091020895119
10.921088999141606 10.92748464933603 10.92748464933604 10.92108899914156
10.921086977388441 10.92748262586519 10.927482625865187 10.92108697738838
