0.6670933447799186 0.6103962622777779 0.5967331266192059 0.6103962622777721 0.6670933447799157
0.8635646274391587 0.7912886667392397 0.7727287862211951 0.7912886667392327 0.863564627439155
1.039439930470685 0.9568361679510335 0.9358499176736101 0.9568361679510269 1.0394399304706805
1.2128010473830981 1.1223663045166887 1.100388374983307 1.1223663045166796 1.2128010473830935
1.3910290802477276 1.2939721763317524 1.2718249900512186 1.2939721763317438 1.3910290802477219
1.5782617237392482 1.4750973880572766 1.4532388230486095 1.4750973880572669 1.5782617237392418
1.7772013002978542 1.668069381745918 1.6467414011597736 1.6680693817459082 1.777201300297845
1.9897497805840414 1.8746064141472716 1.8539230448730626 1.8746064141472596 1.9897497805840325
2.2172674531352565 2.0960074783750313 2.0760066375662887 2.0960074783750176 2.2172674531352476
2.4606785244881246 2.333218615320274 2.3138926601003345 2.3332186153202583 2.460678524488115
2.720505872541333 2.5868439064281157 2.5681576939598676 2.5868439064280997 2.720505872541321
2.996871972108885 2.857130683918436 2.839032297979064 2.8571306839184163 2.9968719721088695
3.2894858138827288 3.143944530666842 3.12637171366846 3.143944530666821 3.2894858138827097
3.5976282160365685 3.4467440450947646 3.429628143767002 3.4467440450947384 3.5976282160365507
3.9201442318411783 3.7645627854659947 3.7478312963694274 3.76456278546597 3.9201442318411597
4.2554490251999715 4.096004254769151 4.07958262376457 4.096004254769123 4.255449025199945
4.6015515986032485 4.439254374546584 4.423067437903981 4.4392543745465485 4.6015515986032245
4.956098688991556 4.792114253620712 4.776087537713171 4.792114253620681 4.956098688991527
5.3164388979721435 5.1520540909678365 5.136115073925509 5.152054090967792 5.316438897972117
5.679704804239115 5.516286854805737 5.50036621657936 5.51628685480569 5.679704804239085
6.042908656948401 5.881858178631514 5.86589101520759 5.8818581786314645 6.042908656948364
6.403045557756009 6.245747006648293 6.229673954462973 6.245747006648236 6.403045557755965
6.757197062989279 6.604970200383148 6.588738405221413 6.604970200383086 6.757197062989232
7.102628029729504 6.956683803097743 6.940247671123383 6.956683803097678 7.102628029729453
7.436870297105075 7.298274032759068 7.281595716340546 7.2982740327589966 7.436870297105036
7.757788291293703 7.6274322645798875 7.610481858018683 7.6274322645798085 7.757788291293657
8.063623606069527 7.942210057023241 7.924965502549727 7.942210057023158 8.063623606069484
8.353017720284484 8.241052368410319 8.223499096587899 8.241052368410239 8.353017720284427
8.625013962604699 8.522809182662057 8.504939530291091 8.52280918266197 8.62501396260463
8.879041385946767 8.786727535877894 8.768539996647283 8.786727535877791 8.879041385946703
9.114884236286539 9.032427225597852 9.013925593577609 9.032427225597754 9.114884236286462
9.332641166756277 9.259864215820233 9.241056680140476 9.25986421582014 9.332641166756202
9.53267831984043 9.469285946824316 9.45018418908194 9.469285946824204 9.532678319840349
9.715579995248019 9.661182515249543 9.641800851212732 9.661182515249433 9.715579995247946
9.882099977351306 9.83623713983566 9.816591735719182 9.83623713983555 9.882099977351254
10.03311584593162 9.99527861044746 9.975386792923667 9.995278610447336 10.03311584593153
10.169587844591224 10.139237653612856 10.119117322865568 10.13923765361273 10.169587844591133
10.292523207182395 10.269108427702315 10.248777574820268 10.269108427702196 10.292523207182324
10.402946286244203 10.385915742536753 10.365392066581276 10.38591574253662 10.402946286244134
10.501874404021835 10.490688109005466 10.469988725088463 10.490688109005342 10.501874404021745
10.590299051992632 10.58443636832586 10.563577595734614 10.584436368325722 10.590299051992547
10.669171882831087 10.668137416516103 10.647134634977768 10.668137416515984 10.669171882831002
10.73939484767949 10.742722407657949 10.72158996988961 10.742722407657814 10.739394847679401
10.801813808687575 10.809068766765437 10.787819956182814 10.8090687667653 10.801813808687463
10.85721498113402 10.867995347399935 10.846642370985963 10.8679953473998 10.857214981133954
10.90632361349407 10.920260111235647 10.898814118893295 10.920260111235523 10.906323613493996
10.949804383851088 10.966559770966088 10.945030894045786 10.966559770965935 10.949804383850998
10.98826306704023 11.007530912460707 10.985928315462969 11.007530912460576 10.988263067040133
11.022249102008457 11.043752188614123 11.02208412926155 11.043752188614002 11.022249102008372
11.05225875879858 11.075747250430357 11.054021144351802 11.07574725043021 11.052258758798471
11.078738666958799 11.103988147344444 11.082210634505834 11.103988147344316 11.078738666958673
11.102089521065057 11.128898987024375 11.107075997781875 11.128898987024227 11.102089521064972
11.122669824358242 11.15085969446753 11.128996513721058 11.150859694467389 11.122669824358152
11.140799568747351 11.170209751383672 11.148311079787678 11.170209751383531 11.140799568747259
11.156763779432413 11.187251830336505 11.16532184189917 11.187251830336361 11.156763779432318
11.170815876102289 11.202255264808587 11.180297660497116 11.202255264808437 11.170815876102196
11.183180821038023 11.215459317234801 11.193477374418475 11.215459317234652 11.183180821037926
11.194058038414774 11.227076223070886 11.205072840790683 11.227076223070748 11.194058038414672
11.203624099473995 11.237294001001503 11.215271741165825 11.23729400100135 11.2036240994739
11.2120351757515 11.246279028224103 11.224240152905976 11.246279028223968 11.212035175751417
11.219429267808593 11.254178386034845 11.232124891093902 11.254178386034717 11.219429267808492
11.225928220429902 11.26112198524985 11.239055630530785 11.261121985249707 11.225928220429806
11.231639537438388 11.267224483779534 11.245146820151248 11.267224483779382 11.231639537438305
11.236658010466547 11.27258701030666 11.25049940380802 11.272587010306527 11.236658010466467
11.241067176480867 11.277298708797542 11.25520236215054 11.277298708797398 11.24106717648076
11.244940618787831 11.281438118735032 11.259334090474429 11.281438118734888 11.24494061878771
11.248343125816794 11.285074405682973 11.262963627137978 11.285074405682831 11.248343125816687
11.251331721298325 11.288268456214373 11.266151746561444 11.288268456214231 11.251331721298223
11.253956578629296 11.291073850466509 11.26895193005545 11.291073850466365 11.253956578629214
11.256261831306565 11.293537724703526 11.271411226842181 11.29353772470338 11.256261831306482
11.25828629036698 11.29570153533012 11.273571016695975 11.29570153532997 11.25828629036687
11.26006407883178 11.297601734849566 11.27546768468065 11.297601734849415 11.260064078831682
11.26162519223891 11.299270369325798 11.27713321752819 11.299270369325654 11.261625192238808
11.262995993475203 11.300735606011568 11.278595730306867 11.300735606011425 11.262995993475124
11.264199649303258 11.302022198956303 11.279879931179252 11.302022198956161 11.264199649303153
11.265256515216537 11.303151899615811 11.281007531260425 11.303151899615674 11.265256515216434
11.266184474558015 11.304143818753134 11.281997605855196 11.304143818752998 11.266184474557933
11.266999237197648 11.305014745250007 11.282866912683597 11.30501474524986 11.266999237197554
11.267714602483576 11.305779426836592 11.283630172093932 11.305779426836454 11.267714602483503
11.268342690658073 11.30645081719422 11.28430031370998 11.306450817194072 11.268342690657965
11.2688941464558 11.307040293386258 11.284888693460601 11.307040293386123 11.268894146455711
11.269378318179673 11.307557847124441 11.285405284492622 11.307557847124299 11.269378318179571
11.269803415169404 11.308012252975702 11.28585884506664 11.308012252975546 11.269803415169305
11.27017664624128 11.308411216256875 11.286257066177956 11.308411216256731 11.270176646241204
11.270504341375949 11.30876150304423 11.286606701325338 11.308761503044082 11.270504341375837
11.270792058663648 11.309069054441135 11.286913680566865 11.309069054440998 11.270792058663568
11.271044678280521 11.30933908699476 11.287183210750497 11.309339086994619 11.271044678280429
11.2712664850574 11.309576180929092 11.287419863583384 11.309576180928946 11.271266485057296
11.271461241018537 11.309784357663528 11.28762765300656 11.309784357663375 11.271461241018452
11.2716322491026 11.309967147911058 11.287810103166832 11.309967147910923 11.2716322491025
11.271782409132522 11.310127651495836 11.28797030812307 11.310127651495709 11.27178240913245
11.27191426697437 11.310268589892608 11.288110984288236 11.310268589892463 11.271914266974289
11.272030057710255 11.310392352370409 11.28823451648728 11.310392352370286 11.272030057710145
11.27213174355286 11.310501036517026 11.288342998406193 11.310501036516888 11.272131743552784
11.27222104714019 11.31059648382598 11.288438268113078 11.310596483825844 11.272221047140109
11.272299480771652 11.31068031094685 11.288521939250176 11.31068031094672 11.272299480771544
11.27236837207992 11.310753937125835 11.288595428423504 11.310753937125693 11.272368372079839
11.27242888657227 11.310818608300222 11.288659979252536 11.310818608300073 11.272428886572182
11.27248204742189 11.310875418254296 11.288716683486777 11.310875418254147 11.272482047421786
11.27252875284505 11.310925327194438 11.288766499546242 11.310925327194298 11.272528752844956
11.27256979135781 11.310969178057777 11.288810268799882 11.310969178057618 11.272569791357723
11.272605855170873 11.311007710830777 11.288848729857484 11.311007710830633 11.272605855170767
11.272637551949362 11.311041575120365 11.288882531117402 11.311041575120223 11.272637551949275
11.27266541513749 11.311071341190495 11.28891224178266 11.311071341190356 11.27266541513741
11.272689913022566 11.311097509651596 11.288938361532285 11.311097509651438 11.272689913022445
11.27271145669228 11.311120519966915 11.288961329011979 11.311120519966776 11.272711456692175
11.272730407020884 11.311140757920624 11.288981529288119 11.311140757920475 11.27273040702079
11.272747080801825 11.311158562173635 11.288999300391543 11.311158562173505 11.272747080801759
11.272761756131878 11.311174230019253 11.28901493906243 11.311174230019118 11.272761756131779
11.272774677137454 11.311188022435784 11.289028705793545 11.311188022435644 11.272774677137352
11.272786058123984 11.311200168522113 11.289040829257543 11.311200168521975 11.27278605812388
11.272796087218461 11.311210869391752 11.289051510193739 11.311210869391617 11.272796087218387
11.272804929567098 11.311220301591074 11.289060924820035 11.311220301590923 11.272804929567037
11.27281273014243 11.311228620100184 11.289069227828188 11.31122862010004 11.272812730142308
11.272819616207327 11.311235960967322 11.289076555013338 11.311235960967165 11.272819616207252
11.272825699478785 11.31124244362136 11.289083025582155 11.311242443621211 11.272825699478682
11.272831078026408 11.311248172901985 11.289088744179217 11.311248172901838 11.272831078026313
11.272835837939814 11.311253240841783 11.289093802665947 11.311253240841642 11.272835837939718
11.27284005479194 11.311257728230734 11.289098281681941 11.311257728230578 11.272840054791843
11.27284379492374 11.311261705989493 11.289102252015965 11.311261705989336 11.272843794923665
11.272847116572038 11.311265236375124 11.289105775809231 11.311265236374973 11.272847116571931
11.272850070859288 11.31126837403933 11.289108907611736 11.311268374039186 11.272850070859207
11.272852702662918 11.31127116695753 11.289111695309666 11.311271166957388 11.27285270266282
11.272855051378034 11.311273657244426 11.289114180939366 11.311273657244293 11.27285505137794
11.272857151587223 11.31127588186999 11.289116401401989 11.311275881869838 11.272857151587138
11.272859033648404 11.311277873287843 11.289118389090818 11.311277873287706 11.272859033648324
11.272860724210945 11.311279659987097 11.289120172441914 11.31127965998695 11.272860724210865
11.272862246668705 11.31128126697653 11.28912177641757 11.311281266976396 11.272862246668616
11.272863621557665 11.311282716209874 11.289123222930645 11.311282716209723 11.27286362155757
11.272864866905142 11.311284026958907 11.289124531217071 11.311284026958756 11.272864866905048
11.272865998536194 11.31128521614115 11.289125718162902 11.311285216140996 11.272865998536087
11.27286703034263 11.311286298607468 11.289126798591345 11.311286298607339 11.272867030342544
11.272867974519272 11.311287287394485 11.289127785514808 11.311287287394363 11.272867974519187
11.272868841771162 11.31128819394631 11.28912869035602 11.31128819394617 11.27286884177106
11.272869641495541 11.311289028308916 11.289129523142387 11.311289028308776 11.272869641495475
11.272870381941786 11.311289799301134 11.289130292676239 11.311289799300992 11.27287038194171
11.272871070351433 11.311290514664412 11.289131006684661 11.311290514664266 11.272871070351353
11.272871713081393 11.311291181194514 11.289131671950756 11.311291181194369 11.272871713081273
11.272872315711941 11.311291804857003 11.289132294429017 11.311291804856863 11.27287231571184
11.272872883141765 11.3112923908887 11.289132879346486 11.311292390888555 11.272872883141677
11.272873419671082 11.31129294388665 11.289133431291681 11.311292943886505 11.272873419670965
11.272873929074713 11.31129346788635 11.289133954292552 11.311293467886207 11.272873929074615
11.272874414666449 11.311293966430274 11.289134451885042 11.311293966430126 11.272874414666349
11.272874879355166 11.311294442628167 11.289134927173059 11.311294442628022 11.272874879355069
11.272875325694447 11.311294899209887 11.289135382881394 11.311294899209736 11.272875325694358
11.272875755925902 11.311295338571764 11.289135821401935 11.311295338571616 11.272875755925812
11.272876172017302 11.311295762817423 11.289136244834395 11.311295762817283 11.27287617201721
11.272876575696005 11.311296173793517 11.289136655021963 11.311296173793377 11.272876575695918
11.272876968478423 11.31129657312108 11.289137053582666 11.311296573120927 11.272876968478322
11.272877351695616 11.311296962223098 11.289137441936854 11.311296962222952 11.272877351695529
11.272877726516155 11.311297342348771 11.289137821331408 11.311297342348622 11.272877726516048
11.27287809396575 11.311297714594659 11.289138192860854 11.311297714594527 11.272878093965659
11.272878454944866 11.311298079923416 11.289138557485998 11.311298079923262 11.272878454944772
11.272878810243965 11.311298439180012 11.2891389160503 11.311298439179868 11.27287881024387
11.272879160556911 11.311298793106236 11.28913926929416 11.311298793106092 11.272879160556815
11.272879506492842 11.311299142353292 11.289139617867535 11.311299142353148 11.272879506492757
11.27287984858647 11.311299487492784 11.289139962340984 11.311299487492642 11.272879848586381
11.272880187307166 11.311299829026492 11.289140303215367 11.311299829026348 11.272880187307077
11.272880523066991 11.311300167394924 11.289140640930372 11.311300167394775 11.272880523066888
11.272880856227612 11.31130050298474 11.289140975871925 11.311300502984588 11.272880856227532
11.272881187106625 11.311300836135388 11.289141308378847 11.311300836135244 11.272881187106524
11.272881515982705 11.311301167144862 11.289141638748571 11.311301167144714 11.272881515982604
11.272881843100542 11.311301496274718 11.289141967242198 11.311301496274574 11.272881843100443
11.272882168674935 11.311301823754567 11.289142294088881 11.311301823754427 11.272882168674842
11.272882492894434 11.311302149786018 11.289142619489837 11.311302149785869 11.272882492894347
11.272882815924564 11.311302474545956 11.289142943621673 11.311302474545817 11.272882815924483
11.272883137910618 11.311302798189756 11.289143266639435 11.311302798189619 11.272883137910542
11.272883458980184 11.31130312085377 11.289143588679224 11.311303120853617 11.272883458980074
11.272883779245143 11.311303442657652 11.289143909860513 11.311303442657502 11.272883779245038
11.272884098803832 11.311303763706515 11.28914423028816 11.311303763706375 11.272884098803738
11.27288441774256 11.31130408409258 11.289144550054235 11.311304084092432 11.27288441774244
11.272884736136987 11.311304403896825 11.289144869239594 11.31130440389668 11.272884736136893
11.272885054053646 11.311304723190318 11.28914518791515 11.31130472319017 11.27288505405358
11.272885371550965 11.31130504203546 11.289145506143187 11.311305042035311 11.27288537155086
11.272885688680082 11.311305360487033 11.28914582397838 11.311305360486884 11.272885688679983
11.272886005486038 11.311305678593085 11.28914614146871 11.311305678592944 11.27288600548592
11.27288632200825 11.311305996395864 11.289146458656322 11.311305996395735 11.27288632200816
11.272886638281467 11.311306313932402 11.289146775578187 11.311306313932276 11.272886638281365
11.272886954336016 11.31130663123524 11.289147092266788 11.3113066312351 11.272886954335936
11.272887270198696 11.311306948332902 11.2891474087506 11.311306948332758 11.272887270198606
11.272887585892896 11.311307265250482 11.289147725054647 11.311307265250353 11.272887585892795
11.272887901439217 11.311307582009963 11.289148041200894 11.311307582009809 11.272887901439097
11.272888216855701 11.31130789863066 11.289148357208614 11.31130789863052 11.272888216855597
11.272888532158232 11.31130821512954 11.28914867309475 11.311308215129399 11.27288853215813
11.272888847360742 11.311308531521467 11.28914898887414 11.311308531521318 11.272888847360633
11.272889162475428 11.311308847819522 11.289149304559823 11.311308847819378 11.272889162475314
11.272889477513028 11.311309164035166 11.289149620163258 11.311309164035018 11.272889477512923
11.272889792482939 11.311309480178474 11.289149935694473 11.311309480178338 11.272889792482855
11.272890107393467 11.311309796258273 11.289150251162324 11.311309796258136 11.272890107393382
11.272890422251878 11.31131011228234 11.289150566574538 11.311310112282204 11.272890422251793
11.272890737064492 11.31131042825747 11.28915088193789 11.311310428257329 11.272890737064394
11.272891051836938 11.311310744189653 11.289151197258391 11.311310744189504 11.272891051836847
11.272891366574127 11.311311060084124 11.28915151254125 11.311311060083977 11.272891366574013
11.272891681280305 11.311311375945493 11.289151827791065 11.311311375945357 11.27289168128023
11.272891995959364 11.31131169177783 11.289152143011885 11.311311691777684 11.272891995959261
11.272892310614541 11.31131200758464 11.289152458207246 11.311312007584503 11.272892310614443
11.272892625248794 11.311312323369089 11.28915277338027 11.311312323368938 11.272892625248689
11.272892939864613 11.31131263913386 11.289153088533677 11.311312639133718 11.272892939864539
11.272893254464346 11.31131295488139 11.289153403669866 11.311312954881252 11.272893254464265
11.272893569049913 11.311313270613791 11.289153718790942 11.311313270613642 11.272893569049826
11.272893883623048 11.3113135863329 11.289154033898749 11.31131358633275 11.272893883622954
11.272894198185279 11.311313902040299 11.289154348994916 11.31131390204018 11.272894198185172
11.272894512737922 11.311314217737497 11.289154664080854 11.311314217737367 11.272894512737816
11.272894827282135 11.31131453342573 11.289154979157836 11.31131453342559 11.272894827282048
11.272895141819008 11.311314849106065 11.289155294226939 11.31131484910591 11.272895141818909
11.272895456349366 11.311315164779439 11.289155609289127 11.311315164779305 11.272895456349273
11.272895770874058 11.311315480446776 11.289155924345255 11.311315480446625 11.272895770873976
11.272896085393775 11.311315796108754 11.289156239396052 11.311315796108609 11.272896085393684
11.272896399909117 11.311316111766086 11.289156554442185 11.311316111765924 11.272896399909017
11.27289671442061 11.311316427419271 11.289156869484216 11.31131642741913 11.27289671442051
11.272897028928707 11.311316743068865 11.289157184522656 11.311316743068732 11.272897028928627
11.272897343433891 11.3113170587153 11.28915749955793 11.311317058715149 11.27289734343379
11.27289765793644 11.311317374358966 11.289157814590432 11.311317374358822 11.272897657936351
11.272897972436724 11.311317690000182 11.289158129620503 11.311317690000037 11.27289797243663
11.272898286935007 11.311318005639254 11.289158444648447 11.311318005639109 11.272898286934915
11.27289860143154 11.311318321276474 11.28915875967451 11.311318321276328 11.272898601431445
11.27289891592655 11.31131863691203 11.289159074698938 11.311318636911881 11.272898915926444
11.27289923042018 11.311318952546143 11.289159389721933 11.311318952546003 11.272899230420082
11.272899544912631 11.311319268178982 11.289159704743641 11.311319268178856 11.272899544912539
11.27289985940406 11.31131958381074 11.28916001976425 11.311319583810599 11.27289985940396
11.27290017389455 11.311319899441491 11.28916033478388 11.311319899441365 11.272900173894472
11.272900488384254 11.311320215071424 11.289160649802671 11.311320215071266 11.272900488384177
11.272900802873295 11.311320530700597 11.289160964820736 11.311320530700447 11.2729008028732
11.272901117361705 11.311320846329114 11.28916127983811 11.31132084632896 11.2729011173616
11.27290143184956 11.31132116195705 11.289161594854937 11.311321161956903 11.27290143184947
11.272901746336963 11.311321477584487 11.289161909871256 11.31132147758434 11.272901746336878
11.272902060823906 11.311321793211471 11.289162224887118 11.311321793211336 11.272902060823846
11.27290237531058 11.31132210883807 11.289162539902597 11.311322108837933 11.272902375310474
11.272902689796885 11.311322424464354 11.289162854917757 11.311322424464205 11.272902689796785
11.27290300428291 11.311322740090318 11.289163169932621 11.311322740090182 11.272903004282824
11.272903318768709 11.311323055716057 11.28916348494723 11.311323055715897 11.272903318768607
11.272903633254293 11.311323371341533 11.289163799961603 11.31132337134141 11.272903633254193
11.272903947739676 11.311323686966842 11.289164114975776 11.311323686966698 11.272903947739588
11.272904262224905 11.311324002591961 11.289164429989778 11.311324002591817 11.272904262224818
11.272904576710024 11.311324318216938 11.289164745003635 11.311324318216792 11.272904576709916
11.272904891195012 11.311324633841776 11.289165060017375 11.311324633841632 11.272904891194907
11.272905205679878 11.311324949466503 11.289165375030988 11.311324949466377 11.272905205679775
11.27290552016465 11.31132526509114 11.289165690044506 11.311325265090998 11.27290552016456
11.272905834649345 11.311325580715687 11.289166005057915 11.311325580715549 11.27290583464926
11.272906149134004 11.31132589634017 11.289166320071296 11.311325896340028 11.272906149133885
11.272906463618565 11.311326211964563 11.289166635084579 11.311326211964435 11.272906463618462
11.272906778103081 11.311326527588925 11.289166950097828 11.311326527588788 11.27290677810298
11.272907092587541 11.311326843213239 11.289167265111017 11.3113268432131 11.272907092587467
11.272907407072 11.311327158837514 11.289167580124174 11.311327158837361 11.27290740707191
11.272907721556418 11.311327474461747 11.289167895137297 11.311327474461612 11.27290772155632
11.272908036040771 11.311327790085954 11.289168210150372 11.311327790085794 11.272908036040699
11.272908350525183 11.311328105710132 11.289168525163445 11.311328105709979 11.272908350525064
11.272908665009505 11.311328421334276 11.289168840176481 11.311328421334142 11.272908665009405
11.272908979493819 11.311328736958407 11.289169155189505 11.311328736958275 11.272908979493735
11.272909293978138 11.311329052582542 11.289169470202518 11.31132905258241 11.272909293978053
11.272909608462454 11.31132936820667 11.289169785215531 11.311329368206529 11.272909608462344
11.272909922946745 11.311329683830763 11.289170100228525 11.311329683830635 11.272909922946651
11.272910237431036 11.311329999454873 11.289170415241498 11.311329999454735 11.272910237430944
11.272910551915329 11.311330315078978 11.289170730254485 11.31133031507884 11.27291055191524
11.272910866399597 11.31133063070307 11.289171045267475 11.311330630702932 11.27291086639952
11.272911180883908 11.311330946327175 11.289171360280443 11.311330946327034 11.272911180883812
11.272911495368168 11.311331261951258 11.289171675293424 11.311331261951109 11.272911495368094
11.272911809852491 11.311331577575357 11.289171990306404 11.31133157757521 11.272911809852381
11.272912124336775 11.311331893199453 11.289172305319395 11.311331893199315 11.272912124336687
11.272912438821063 11.311332208823558 11.289172620332376 11.311332208823421 11.272912438820969
11.272912753305357 11.311332524447657 11.28917293534536 11.311332524447518 11.27291275330526
11.272913067789675 11.311332840071763 11.28917325035835 11.311332840071618 11.272913067789572
11.272913382273963 11.311333155695861 11.289173565371346 11.311333155695728 11.272913382273869
11.272913696758284 11.311333471319996 11.289173880384354 11.311333471319854 11.272913696758183
11.272914011242587 11.311333786944116 11.289174195397365 11.31133378694397 11.272914011242495
11.272914325726932 11.31133410256825 11.289174510410366 11.311334102568084 11.272914325726818
11.27291464021124 11.311334418192358 11.28917482542338 11.311334418192217 11.272914640211152
11.272914954695558 11.311334733816505 11.289175140436402 11.311334733816363 11.272914954695489
11.272915269179908 11.311335049440638 11.289175455449426 11.311335049440503 11.27291526917982
11.272915583664254 11.311335365064808 11.289175770462464 11.311335365064659 11.272915583664167
11.272915898148618 11.31133568068896 11.289176085475521 11.31133568068882 11.27291589814853
11.272916212632975 11.31133599631313 11.289176400488563 11.311335996312991 11.272916212632882
11.272916527117356 11.311336311937298 11.289176715501627 11.311336311937158 11.272916527117257
11.272916841601738 11.31133662756148 11.28917703051469 11.311336627561342 11.27291684160163
11.272917156086098 11.311336943185674 11.28917734552776 11.31133694318553 11.272917156086018
11.272917470570494 11.311337258809868 11.289177660540837 11.31133725880972 11.27291747057042
11.27291778505491 11.311337574434082 11.289177975553942 11.31133757443394 11.272917785054815
11.272918099539293 11.311337890058295 11.289178290567033 11.311337890058152 11.272918099539229
11.272918414023732 11.31133820568251 11.289178605580137 11.311338205682363 11.272918414023637
11.27291872850816 11.31133852130673 11.289178920593255 11.3113385213066 11.272918728508065
11.272919042992596 11.311338836930977 11.28917923560638 11.311338836930835 11.272919042992498
11.272919357477043 11.311339152555227 11.289179550619503 11.311339152555082 11.272919357476935
11.272919671961494 11.31133946817948 11.289179865632656 11.311339468179353 11.272919671961402
11.272919986445956 11.311339783803746 11.289180180645813 11.311339783803618 11.272919986445869
11.27292030093042 11.311340099428016 11.289180495658961 11.31134009942789 11.272920300930343
11.272920615414927 11.311340415052317 11.289180810672137 11.31134041505217 11.272920615414813
11.272920929899396 11.311340730676594 11.28918112568531 11.311340730676454 11.2729209298993
11.272921244383896 11.311341046300909 11.289181440698497 11.311341046300758 11.272921244383793
11.2729215588684 11.311341361925216 11.289181755711692 11.311341361925063 11.272921558868296
11.272921873352914 11.311341677549526 11.289182070724886 11.311341677549382 11.272921873352805
11.272922187837425 11.311341993173844 11.289182385738089 11.311341993173695 11.272922187837324
11.272922502321954 11.311342308798169 11.289182700751303 11.311342308798025 11.272922502321856
11.272922816806485 11.311342624422522 11.289183015764536 11.311342624422377 11.272922816806405
11.272923131291051 11.31134294004686 11.289183330777773 11.311342940046728 11.27292313129094
11.272923445775556 11.311343255671229 11.289183645791002 11.311343255671087 11.2729234457755
11.272923760260154 11.311343571295588 11.289183960804246 11.311343571295462 11.272923760260056
11.272924074744703 11.31134388691996 11.289184275817515 11.311343886919826 11.272924074744616
11.272924389229296 11.311344202544356 11.289184590830782 11.311344202544202 11.272924389229196
11.272924703713882 11.311344518168745 11.289184905844063 11.311344518168598 11.272924703713786
11.272925018198482 11.311344833793136 11.28918522085734 11.311344833793006 11.272925018198384
