0.5968438891807429 0.5274591308312165 0.5229261376774355 0.5229261376774347 0.5274591308312159 0.5968438891807425
0.7504388014657193 0.6619498448674553 0.6514452421971653 0.6514452421971655 0.6619498448674533 0.7504388014657172
0.8788326804801214 0.7780581066155725 0.761940958689103 0.7619409586891032 0.7780581066155704 0.878832680480119
0.9972272660395886 0.8881084570195104 0.8671345511608642 0.8671345511608646 0.8881084570195076 0.997227266039587
1.1115507421095954 0.9966585645150826 0.9716192886825794 0.9716192886825803 0.99665856451508 1.1115507421095936
1.2250160242018664 1.106083608978649 1.0776877509530804 1.077687750953082 1.1060836089786463 1.2250160242018646
1.3396753262804437 1.2178757286866337 1.186718399340581 1.1867183993405808 1.2178757286866293 1.3396753262804413
1.456969726554483 1.3330890742299923 1.2996536345265381 1.299653634526539 1.3330890742299861 1.456969726554478
1.5779730975402921 1.4525277496383562 1.4171993402805756 1.4171993402805758 1.4525277496383517 1.5779730975402897
1.7035174758052352 1.5768362601707053 1.5399181916582143 1.5399181916582152 1.576836260170698 1.7035174758052325
1.8342637744347297 1.706546735074001 1.6682762611041542 1.6682762611041533 1.7065467350739925 1.8342637744347268
1.9707438249667542 1.842104622813085 1.8026668718517236 1.8026668718517258 1.8421046228130764 1.97074382496675
2.1133858808293473 1.983882649292607 1.9434224468143642 1.9434224468143655 1.9838826492925983 2.113385880829344
2.262529924678745 2.132187911742292 2.090819611866403 2.090819611866405 2.13218791174228 2.2625299246787405
2.4184364185921314 2.2872647518435745 2.2450803291491965 2.245080329149198 2.287264751843562 2.4184364185921265
2.5812907525959177 2.449294965617151 2.406370639015545 2.406370639015546 2.44929496561714 2.5812907525959115
2.751204885340687 2.618396347803855 2.574797984087505 2.574797984087508 2.6183963478038397 2.7512048853406808
2.9282172268747217 2.7946202668389315 2.7504077720029043 2.750407772002906 2.7946202668389137 2.9282172268747138
3.112291542600832 2.977948797527537 2.933179662691107 2.9331796626911095 2.9779487975275196 3.112291542600825
3.3033154846099917 3.1682918393032677 3.123023970798918 3.1230239707989202 3.1682918393032478 3.3033154846099806
3.501099239772254 3.3654845848939234 3.319778516952794 3.319778516952797 3.3654845848939 3.5010992397722425
3.7053746983128653 3.569285658250122 3.5232062221487226 3.5232062221487266 3.5692856582500996 3.7053746983128586
3.9157954766301732 3.779376200325205 3.7329937055859026 3.7329937055859075 3.7793762003251756 3.915795476630163
4.131938064068195 3.995360139785894 3.948751110453323 3.9487511104533284 3.9953601397858676 4.131938064068182
4.353304299307297 4.216765838914326 4.170013340346276 4.170013340346282 4.216765838914297 4.353304299307285
4.579325314841338 4.443049250875896 4.396242839118161 4.39624283911817 4.443049250875858 4.57932531484133
4.809367016725268 4.673598662936299 4.626833988784504 4.626833988784508 4.673598662936262 4.8093670167252505
5.042737092235174 4.907741032347273 4.861119134789584 4.861119134789592 4.9077410323472295 5.042737092235161
5.2786934625271345 5.144749849958981 5.098376177971453 5.09837617797146 5.144749849958937 5.278693462527115
5.516454024082992 5.3838543946030395 5.337837601357768 5.337837601357776 5.383854394602993 5.516454024082971
5.755207455563052 5.624250172994227 5.578700731592211 5.578700731592222 5.624250172994172 5.7552074555630295
5.994124809653869 5.865110279610868 5.820138973690073 5.820138973690085 5.865110279610811 5.994124809653845
6.232371566276123 6.105597362795637 6.061313708133395 6.061313708133411 6.105597362795576 6.232371566276101
6.46911979699991 6.344875850567508 6.301386504604157 6.301386504604172 6.344875850567441 6.469119796999875
6.70356008247552 6.582124074708403 6.539531289472454 6.539531289472471 6.58212407470834 6.703560082475488
6.934912835551763 6.816545935626554 6.774946105767676 6.774946105767697 6.816545935626471 6.934912835551742
7.162438711523056 7.047381772907125 7.006864124582404 7.006864124582427 7.047381772907041 7.162438711523014
7.3854478313004215 7.273918145539686 7.2345636040847845 7.234563604084808 7.273918145539605 7.385447831300392
7.603307599829521 7.495496278543423 7.4573765436792785 7.457376543679302 7.495496278543334 7.603307599829477
7.815448966625189 7.71151899518158 7.674695842538677 7.674695842538698 7.711518995181487 7.815448966625141
8.021371043386198 7.921456021746154 7.885980839348693 7.885980839348715 7.921456021746053 8.021371043386152
8.220644060893187 8.124847620505626 8.090761179139031 8.090761179139065 8.124847620505523 8.22064406089314
8.412910709849942 8.32130657166805 8.28863901926988 8.28863901926991 8.321306571667948 8.412910709849886
8.597885964813916 8.510518583588977 8.479289646359495 8.47928964635952 8.510518583588874 8.597885964813871
8.775355534615738 8.692241259296773 8.662460626386322 8.662460626386348 8.692241259296658 8.775355534615695
8.94517311541977 8.866301785046748 8.837969649571198 8.837969649571226 8.866301785046637 8.94517311541971
9.10725664351774 9.032593532370539 9.005701259126075 9.005701259126116 9.03259353237042 9.107256643517669
9.261583754587107 9.191071779167357 9.16560266864624 9.165602668646281 9.191071779167224 9.261583754587042
9.408186655659147 9.34174875873651 9.317678877683448 9.317678877683496 9.341748758736374 9.408186655659081
9.547146607046955 9.48468823975292 9.461987290291416 9.46198729029146 9.484688239752778 9.547146607046873
9.678588195847446 9.619999826845865 9.598632028862742 9.59863202886279 9.61999982684572 9.678588195847384
9.802673562278002 9.747833152591326 9.727758117312943 9.727758117312986 9.747833152591175 9.802673562277912
9.91959671687631 9.868372109271526 9.849545685533828 9.849545685533874 9.868372109271382 9.919596716876281
10.029578062123353 9.981829244430747 9.9642043228075 9.96420432280755 9.981829244430596 10.02957806212328
10.13285920770766 10.088440419558076 10.07196768308045 10.071967683080494 10.088440419557926 10.132859207707616
10.229698145525134 10.188459807357019 10.17308842088934 10.173088420889387 10.188459807356862 10.229698145525065
10.320364829357498 10.282155280916985 10.267833514250022 10.267833514250077 10.28215528091682 10.32036482935744
10.405137185516395 10.369804228291372 10.356480010615224 10.356480010615256 10.369804228291205 10.405137185516324
10.48429756481757 10.451689808861369 10.43931121446005 10.439311214460101 10.451689808861193 10.484297564817515
10.558129633137321 10.5280976535592 10.51661332032879 10.51661332032886 10.52809765355904 10.558129633137263
10.62691568740274 10.599312999502525 10.588672483255513 10.588672483255568 10.599312999502349 10.62691568740265
10.690934375987515 10.665618240694041 10.655772309209496 10.65577230920956 10.66561824069385 10.690934375987434
10.750458796857522 10.727290869921545 10.71819174137714 10.718191741377199 10.72729086992137 10.750458796857428
10.805754943133254 10.78460178256097 10.776203313385361 10.776203313385405 10.78460178256079 10.805754943133172
10.857080463699491 10.837813910325004 10.830071737686414 10.83007173768646 10.837813910324805 10.85708046369941
10.904683705785937 10.887181151800581 10.880052795943135 10.880052795943202 10.887181151800391 10.904683705785882
10.948803006787774 10.932947566584092 10.926392498080498 10.926392498080551 10.932947566583922 10.94880300678768
10.989666203731229 10.975346800683745 10.969326477427556 10.969326477427604 10.975346800683557 10.989666203731158
11.027490330500605 11.014601712379479 11.009079590824294 11.009079590824355 11.014601712379287 11.027490330500527
11.06248147503524 11.050924169708402 11.045865694499291 11.045865694499344 11.050924169708221 11.062481475035176
11.0948347710315 11.084514993008813 11.079887568767845 11.07988756876791 11.084514993008618 11.09483477103142
11.124734501115357 11.115564018375458 11.111336967011992 11.111336967012049 11.115564018375277 11.124734501115297
11.152354290895254 11.144250260344437 11.140394766874952 11.14039476687502 11.144250260344265 11.15235429089522
11.17785737568819 11.170742154555 11.167231204049124 11.167231204049191 11.170742154554814 11.177857375688118
11.201396923984676 11.1951978634738 11.192006171393972 11.192006171394041 11.195197863473618 11.201396923984564
11.223116403845102 11.217765630467603 11.214869568348462 11.214869568348517 11.217765630467401 11.223116403844983
11.243149980379677 11.238584169550968 11.235961687670686 11.235961687670745 11.23858416955078 11.243149980379597
11.261622934247013 11.257783080001206 11.255413628431677 11.25541362843174 11.257783080001001 11.261622934246923
11.278652092707684 11.275483276715093 11.273347725902386 11.27334772590246 11.27548327671491 11.278652092707611
11.294346266197687 11.291797428688104 11.289877990504799 11.289877990504863 11.291797428687913 11.294346266197584
11.308806684639904 11.306830399324834 11.305110549355005 11.305110549355058 11.306830399324648 11.308806684639812
11.322127428813632 11.32067968345841 11.319144085116177 11.319144085116232 11.320679683458215 11.32212742881355
11.334395853050502 11.333435836968265 11.332070267916217 11.332070267916288 11.333435836968084 11.33439585305041
11.345692996345841 11.345182895761688 11.343974176978428 11.343974176978493 11.345182895761509 11.345692996345749
11.356093979670494 11.355998781631419 11.35493470938017 11.354934709380244 11.355998781631216 11.35609397967043
11.365668387859271 11.365955693136723 11.365024974004493 11.365024974004545 11.365955693136524 11.365668387859179
11.374480634946329 11.37512048018973 11.374312669298122 11.37431266929819 11.375120480189539 11.374480634946256
11.382590312231157 11.383555001474065 11.382860443907346 11.382860443907408 11.383555001473887 11.382590312231088
11.390052518695832 11.391316464191668 11.390726239641891 11.39072623964196 11.391316464191476 11.390052518695754
11.396918173672502 11.398457745935584 11.397963616527905 11.397963616527978 11.398457745935385 11.396918173672416
11.403234311881096 11.405027698729823 11.404622059962868 11.404622059962925 11.405027698729628 11.403234311880976
11.409044361133764 11.41107143547199 11.410747270186086 11.410747270186146 11.411071435471799 11.409044361133688
11.414388403140538 11.416630599167332 11.416381434435749 11.41638143443581 11.416630599167139 11.41438840314045
11.41930341795269 11.421743615459315 11.421563482286992 11.421563482287059 11.421743615459098 11.419303417952593
11.423823512659903 11.426445929049263 11.426329324754612 11.42632932475468 11.426445929049057 11.423823512659803
11.427980135008758 11.43077022466063 11.430712077810465 11.430712077810536 11.43077022466042 11.427980135008658
11.431802272645491 11.434746633244124 11.434742271010453 11.434742271010519 11.434746633243947 11.431802272645397
11.435316638706158 11.438402924146923 11.43844804195251 11.438448041952563 11.43840292414673 11.435316638706027
11.438547844482812 11.441764683978262 11.441855317300417 11.441855317300492 11.441764683978075 11.43854784448271
11.44151855989317 11.444855482907126 11.444987981110353 11.444987981110424 11.444855482906942 11.441518559893103
11.444249662467959 11.447697029116137 11.447868031189138 11.4478680311892 11.447697029115954 11.444249662467897
11.446760375554941 11.450309312124135 11.450515724199544 11.450515724199608 11.450309312123949 11.446760375554838
11.449068396416191 11.452710735667017 11.45294971020793 11.452949710207994 11.452710735666813 11.449068396416086
11.451190014870322 11.45491824080367 11.455187157345849 11.455187157345918 11.454918240803488 11.451190014870246
11.453140223103341 11.456947419887003 11.457243867230778 11.457243867230845 11.456947419886813 11.453140223103231
11.454932817243392 11.458812622010264 11.459134381762123 11.45913438176219 11.45881262201008 11.454932817243312
11.456580491265127 11.460527050510539 11.460872081879426 11.46087208187949 11.460527050510343 11.456580491265045
11.458094923757722 11.462102853079733 11.462469278838677 11.462469278838737 11.462102853079543 11.458094923757635
11.459486858062354 11.463551205003414 11.463937298532487 11.463937298532546 11.463551205003213 11.459486858062261
11.460766176253754 11.464882386017615 11.465286559349515 11.465286559349575 11.464882386017424 11.460766176253676
11.461941967412479 11.466105851244619 11.466526644038895 11.466526644038955 11.466105851244418 11.461941967412393
11.463022590605625 11.467230296639311 11.467666366016408 11.467666366016473 11.467230296639105 11.463022590605533
11.464015732967598 11.468263719350974 11.468713830521624 11.468713830521695 11.468263719350784 11.464015732967534
11.46492846324603 11.469213473378009 11.469676491008137 11.469676491008205 11.469213473377806 11.464928463245943
11.465767281152992 11.470086320868296 11.470561201123504 11.470561201123557 11.470086320868102 11.465767281152914
11.46653816283959 11.470888479393704 11.471374262611432 11.471374262611493 11.470888479393492 11.466538162839486
11.467246602787935 11.471625665504076 11.472121469445481 11.472121469445545 11.47162566550388 11.467246602787847
11.467897652395328 11.472303134845161 11.472808148481722 11.472808148481791 11.472303134844957 11.467897652395223
11.468495955504256 11.472925719103728 11.473439196897408 11.473439196897468 11.472925719103522 11.46849595550415
11.469045781115122 11.473497860025057 11.474019116663483 11.474019116663545 11.47349786002486 11.469045781115014
11.469551053499194 11.474023640729222 11.474552046280376 11.474552046280428 11.474023640729039 11.46955105349912
11.470015379915143 11.474506814536262 11.475041789989943 11.475041789989998 11.474506814536065 11.470015379915058
11.470442076115546 11.474950831494827 11.475491844660423 11.475491844660496 11.474950831494649 11.47044207611548
11.470834189817607 11.475358862793962 11.47590542452649 11.475905424526545 11.475358862793776 11.470834189817511
11.47119452229708 11.475733823224218 11.476285483952612 11.476285483952685 11.475733823224033 11.471194522296996
11.471525648254215 11.476078391841968 11.47663473837597 11.47663473837603 11.476078391841781 11.471525648254163
11.471829934087769 11.476395030978473 11.476955683571617 11.476955683571678 11.476395030978285 11.471829934087685
11.4721095547031 11.476686003724822 11.477250613373574 11.477250613373641 11.476686003724609 11.472109554702973
11.472366508971056 11.476953390013579 11.47752163597361 11.477521635973678 11.476953390013398 11.47236650897096
11.472602633944813 11.4771991014087 11.47777068891095 11.477770688911006 11.477199101408525 11.472602633944687
11.4728196179328 11.47742489470625 11.477999552856916 11.477999552856975 11.477424894706065 11.47281961793269
11.473019012520474 11.477632384440964 11.478209864290864 11.47820986429093 11.477632384440776 11.473019012520371
11.473202243623174 11.477823054386027 11.478403127155381 11.478403127155447 11.477823054385821 11.473202243623096
11.473370621648991 11.477998268126179 11.478580723572788 11.478580723572849 11.477998268125974 11.47337062164892
11.473525350841914 11.478159278778893 11.478743923697774 11.478743923697847 11.4781592787787 11.473525350841793
11.473667537871181 11.47830723793117 11.478893894775586 11.478893894775652 11.47830723793097 11.47366753787109
11.473798199728177 11.478443203855528 11.479031709469226 11.479031709469288 11.478443203855338 11.473798199728098
11.473918270984889 11.478568149062665 11.479158353514554 11.47915835351462 11.478568149062454 11.47391827098479
11.474028610466586 11.478682967244058 11.479274732757244 11.479274732757302 11.478682967243866 11.474028610466492
11.474130007385298 11.478788479653934 11.47938167962111 11.47938167962117 11.478788479653733 11.474130007385202
11.474223186977474 11.478885440975276 11.479479959053906 11.479479959053968 11.478885440975073 11.474223186977381
11.474308815685832 11.478974544711667 11.47957027399231 11.47957027399237 11.478974544711473 11.474308815685774
11.474387505922344 11.47905642814314 11.479653270385093 11.479653270385159 11.479056428142925 11.474387505922238
11.474459820445324 11.47913167688111 11.479729541809881 11.479729541809943 11.479131676880916 11.474459820445242
11.47452627638332 11.479200829054879 11.479799633716588 11.47979963371665 11.479200829054692 11.47452627638324
11.474587348932387 11.4792643791593 11.479864047327201 11.479864047327261 11.479264379159092 11.474587348932316
11.474643474754657 11.479322781590822 11.479923243220163 11.479923243220219 11.479322781590614 11.47464347475456
11.474695055101478 11.479376453897633 11.479977644624402 11.479977644624466 11.47937645389745 11.47469505510138
11.474742458683895 11.479425779766403 11.480027640446735 11.480027640446798 11.479425779766201 11.47474245868378
11.47478602431028 11.479471111766948 11.48007358805405 11.4800735880541 11.479471111766763 11.474786024310202
11.474826063310854 11.479512773875175 11.480115815830137 11.480115815830205 11.479512773874978 11.47482606331078
11.47486286176517 11.479551063790936 11.480154625525538 11.480154625525596 11.479551063790728 11.474862861765065
11.474896682549536 11.479586255068618 11.480190294416776 11.48019029441684 11.479586255068424 11.474896682549456
11.474927767218558 11.479618599074941 11.48022307729082 11.480223077290878 11.47961859907476 11.474927767218455
11.47495633773383 11.479648326788043 11.480253208268696 11.480253208268769 11.479648326787835 11.474956337733746
11.474982598053016 11.4796756504507 11.480280902481246 11.480280902481313 11.47967565045051 11.474982598052936
11.475006735589707 11.4797007650898 11.480306357609138 11.480306357609201 11.479700765089584 11.475006735589616
11.475028922555163 11.479723849912384 11.480329755297996 11.480329755298053 11.479723849912196 11.475028922555067
11.475049317191212 11.479745069588814 11.480351262458887 11.480351262458953 11.479745069588617 11.475049317191125
11.475068064903349 11.47976457543146 11.480371032463283 11.480371032463342 11.47976457543125 11.475068064903258
11.475085299301638 11.47978250647831 11.480389206241169 11.480389206241231 11.479782506478104 11.475085299301556
11.475101143157609 11.479798990488513 11.480405913290207 11.480405913290273 11.479798990488321 11.47510114315751
11.475115709283191 11.4798141448571 11.48042127260296 11.480421272603026 11.479814144856896 11.475115709283113
11.475129101338725 11.479828077455668 11.480435393519004 11.480435393519073 11.479828077455485 11.475129101338664
11.475141414575253 11.479840887404908 11.480448376507832 11.480448376507907 11.479840887404706 11.475141414575145
11.475152736516453 11.479852665784351 11.480460313888477 11.480460313888539 11.479852665784161 11.475152736516346
11.475163147585684 11.479863496284745 11.48047129049052 11.48047129049059 11.479863496284544 11.475163147585603
11.475172721681973 11.479873455807276 11.480481384261713 11.480481384261775 11.479873455807075 11.475172721681886
11.475181526708996 11.479882615014452 11.480490666826134 11.4804906668262 11.47988261501425 11.475181526708923
11.475189625061745 11.479891038836104 11.480499203997294 11.48049920399735 11.479891038835913 11.475189625061626
11.475197074073082 11.47989878693455 11.480507056249335 11.480507056249408 11.479898786934365 11.475197074072979
11.475203926424685 11.479905914131729 11.480514279150313 11.480514279150375 11.47990591413153 11.475203926424577
11.475210230524189 11.479912470801997 11.480520923760098 11.480520923760162 11.479912470801795 11.475210230524107
11.475216030852046 11.479918503232884 11.480527036996149 11.480527036996214 11.479918503232701 11.475216030851955
11.475221368279911 11.479924053956704 11.48053266196955 11.480532661969608 11.479924053956502 11.475221368279838
11.475226280363659 11.479929162055036 11.480537838293797 11.480537838293877 11.479929162054844 11.475226280363566
11.47523080161216 11.479933863438884 11.48054260236859 11.480542602368654 11.479933863438703 11.475230801612067
11.475234963734621 11.479938191105742 11.480546987640421 11.480546987640496 11.479938191105555 11.475234963734527
11.475238795867634 11.479942175375976 11.480551024842358 11.480551024842432 11.479942175375776 11.475238795867554
11.47524232478396 11.479945844110096 11.48055474221402 11.480554742214082 11.479945844109894 11.475242324783883
11.47524557508425 11.479949222908195 11.480558165703927 11.480558165703997 11.479949222907997 11.475245575084182
11.475248569373278 11.479952335293486 11.480561319155383 11.48056131915544 11.479952335293294 11.475248569373203
11.475251328421818 11.479955202880666 11.480564224477233 11.480564224477297 11.479955202880475 11.475251328421756
11.475253871315537 11.479957845530777 11.480566901800843 11.480566901800916 11.479957845530603 11.475253871315473
11.47525621559165 11.47996028149358 11.480569369624309 11.480569369624389 11.47996028149337 11.47525621559156
11.475258377364476 11.479962527538122 11.480571644944893 11.480571644944956 11.479962527537905 11.475258377364383
11.47526037144103 11.479964599072968 11.480573743380873 11.480573743380958 11.47996459907277 11.475260371440914
11.475262211426948 11.479966510256586 11.480575679283401 11.480575679283476 11.479966510256387 11.47526221142681
11.475263909823987 11.479968274098727 11.480577465839234 11.480577465839296 11.479968274098523 11.475263909823894
11.47526547811973 11.479969902553577 11.480579115165309 11.48057911516537 11.479969902553375 11.475265478119649
11.475266926869658 11.479971406605518 11.480580638395452 11.480580638395521 11.479971406605328 11.475266926869587
11.475268265772879 11.47997279634776 11.48058204576023 11.48058204576029 11.479972796347562 11.475268265772792
11.475269503741588 11.479974081054554 11.480583346660108 11.48058334666017 11.47997408105435 11.47526950374149
11.475270648964862 11.479975269247715 11.480584549732907 11.480584549732976 11.479975269247529 11.475270648964747
11.47527170896741 11.479976368757715 11.48058566291565 11.48058566291571 11.479976368757516 11.475271708967334
11.475272690663541 11.47997738677969 11.48058669350137 11.48058669350144 11.479977386779499 11.475272690663447
11.475273600406371 11.47997832992501 11.48058764819144 11.480587648191504 11.47997832992481 11.475273600406299
11.475274444033804 11.479979204268647 11.480588533143495 11.480588533143552 11.479979204268458 11.475274444033724
11.475275226909949 11.47998001539272 11.480589354015605 11.480589354015668 11.479980015392513 11.475275226909867
11.475275953963804 11.479980768426385 11.480590116006775 11.480590116006832 11.479980768426191 11.47527595396366
11.475276629724252 11.479981468082723 11.480590823894195 11.48059082389426 11.479981468082535 11.475276629724162
11.475277258353028 11.47998211869245 11.480591482067489 11.480591482067545 11.479982118692247 11.475277258352943
11.47527784367408 11.47998272423482 11.480592094560107 11.480592094560174 11.479982724234594 11.475277843673961
11.475278389200984 11.47998328836629 11.480592665078296 11.480592665078348 11.479983288366096 11.475278389200914
11.475278898162507 11.479983814446687 11.48059319702755 11.480593197027607 11.479983814446497 11.475278898162415
11.475279373525268 11.479984305563228 11.480593693537093 11.48059369353715 11.479984305563027 11.475279373525161
11.475279818015204 11.479984764552597 11.480594157482292 11.48059415748234 11.47998476455241 11.475279818015116
11.475280234137161 11.479985194021433 11.480594591505172 11.480594591505232 11.47998519402125 11.475280234137083
11.475280624192747 11.479985596364807 11.480594998033416 11.48059499803348 11.479985596364601 11.475280624192647
11.47528099029677 11.479985973783483 11.48059537929781 11.480595379297869 11.479985973783293 11.47528099029669
11.475281334392507 11.479986328299711 11.480595737348036 11.4805957373481 11.4799863282995 11.475281334392436
11.475281658265626 11.479986661771635 11.480596074067556 11.48059607406762 11.479986661771443 11.475281658265521
11.475281963556766 11.479986975906634 11.480596391187028 11.480596391187085 11.479986975906451 11.475281963556679
11.475282251773532 11.479987272273592 11.480596690296629 11.480596690296696 11.479987272273403 11.475282251773494
11.475282524301367 11.47998755231409 11.480596972857576 11.480596972857638 11.479987552313892 11.475282524301287
11.475282782413077 11.479987817352725 11.480597240212528 11.48059724021259 11.479987817352542 11.475282782412972
11.475283027278248 11.479988068606678 11.48059749359518 11.48059749359524 11.479988068606485 11.475283027278156
11.475283259971656 11.479988307194365 11.48059773413916 11.480597734139227 11.479988307194168 11.475283259971565
11.475283481480838 11.47998853414339 11.480597962886112 11.480597962886174 11.479988534143182 11.47528348148078
11.475283692713257 11.47998875039804 11.480598180793162 11.480598180793223 11.479988750397844 11.47528369271315
11.475283894502612 11.479988956826016 11.480598388739784 11.480598388739859 11.479988956825816 11.475283894502514
11.475284087615094 11.479989154224583 11.480598587534141 11.480598587534196 11.479989154224379 11.47528408761499
11.475284272754708 11.479989343326322 11.480598777918736 11.480598777918802 11.479989343326125 11.475284272754594
11.475284450568251 11.479989524804383 11.480598960575895 11.480598960575964 11.479989524804184 11.47528445056815
11.475284621650179 11.479989699277304 11.480599136132593 11.480599136132657 11.479989699277107 11.475284621650085
11.475284786546634 11.479989867313416 11.480599305164885 11.48059930516495 11.479989867313227 11.47528478654654
11.475284945759471 11.479990029434989 11.480599468202133 11.480599468202207 11.479990029434793 11.475284945759348
11.475285099749744 11.479990186121874 11.480599625730758 11.480599625730818 11.479990186121686 11.475285099749673
11.475285248941335 11.479990337815012 11.480599778197645 11.480599778197703 11.479990337814826 11.475285248941233
11.475285393723409 11.479990484919547 11.4805999260135 11.480599926013562 11.47999048491937 11.475285393723325
11.47528553445383 11.47999062780779 11.480600069555665 11.480600069555738 11.479990627807599 11.475285534453747
11.475285671461275 11.479990766821814 11.48060020917089 11.48060020917095 11.479990766821624 11.475285671461206
11.475285805047857 11.479990902275924 11.480600345177772 11.48060034517784 11.47999090227574 11.475285805047763
11.475285935491058 11.47999103445899 11.480600477869087 11.480600477869157 11.479991034458797 11.475285935490962
11.475286063045951 11.479991163636392 11.480600607513828 11.48060060751388 11.479991163636202 11.475286063045845
11.475286187946855 11.479991290051975 11.480600734359152 11.480600734359218 11.479991290051768 11.475286187946756
11.475286310409107 11.4799914139298 11.480600858632199 11.48060085863227 11.47999141392961 11.475286310409004
11.47528643063055 11.479991535475792 11.48060098054168 11.480600980541743 11.479991535475605 11.47528643063045
11.475286548793028 11.479991654879138 11.480601100279355 11.480601100279413 11.479991654878955 11.47528654879291
11.475286665063496 11.479991772313657 11.480601218021414 11.480601218021489 11.47999177231348 11.475286665063415
11.475286779595576 11.479991887939144 11.480601333929794 11.480601333929854 11.479991887938956 11.475286779595487
11.47528689253027 11.479992001902305 11.480601448153234 11.480601448153308 11.479992001902117 11.47528689253017
11.475287003997147 11.479992114338055 11.480601560828473 11.480601560828527 11.479992114337856 11.475287003997034
11.475287114115327 11.479992225370276 11.480601672081102 11.480601672081168 11.479992225370077 11.475287114115218
11.475287222994208 11.479992335112867 11.48060178202654 11.480601782026602 11.479992335112666 11.475287222994101
11.47528733073434 11.479992443670463 11.480601890770858 11.480601890770913 11.47999244367027 11.475287330734266
11.475287437428149 11.47999255113918 11.480601998411485 11.480601998411553 11.479992551138992 11.475287437428072
11.475287543160492 11.479992657607408 11.480602105038 11.480602105038065 11.479992657607207 11.475287543160425
11.475287648009433 11.479992763156288 11.480602210732645 11.480602210732714 11.479992763156096 11.475287648009331
11.475287752046562 11.479992867860433 11.480602315571058 11.480602315571122 11.479992867860227 11.47528775204648
11.475287855337813 11.479992971788345 11.480602419622695 11.48060241962276 11.479992971788143 11.475287855337713
11.47528795794363 11.479993075003017 11.48060252295139 11.480602522951445 11.479993075002819 11.475287957943564
11.475288059919729 11.47999317756232 11.480602625615779 11.480602625615836 11.479993177562127 11.475288059919635
11.47528816131712 11.47999327951943 11.480602727669785 11.480602727669847 11.479993279519235 11.47528816131701
11.475288262182753 11.479993380923219 11.48060282916293 11.480602829163008 11.479993380923025 11.475288262182662
11.475288362559807 11.479993481818546 11.480602930140702 11.480602930140773 11.479993481818346 11.475288362559716
11.475288462487892 11.479993582246681 11.480603030644932 11.480603030645 11.479993582246486 11.475288462487814
11.475288562003465 11.479993682245535 11.480603130714032 11.480603130714092 11.479993682245341 11.475288562003385
11.475288661139993 11.47999378184992 11.480603230383297 11.480603230383359 11.479993781849736 11.475288661139906
11.475288759928203 11.479993881091877 11.48060332968518 11.480603329685252 11.479993881091676 11.475288759928128
11.47528885839639 11.47999398000077 11.480603428649486 11.480603428649562 11.479993980000584 11.4752888583963
11.475288956570504 11.479994078603653 11.48060352730362 11.480603527303685 11.479994078603447 11.475288956570393
11.47528905447439 11.479994176925327 11.480603625672709 11.480603625672785 11.479994176925127 11.475289054474272
11.47528915212996 11.479994274988618 11.48060372377991 11.480603723779986 11.479994274988433 11.47528915212987
11.475289249557383 11.479994372814494 11.480603821646454 11.48060382164652 11.479994372814295 11.4752892495573
11.475289346775204 11.479994470422218 11.480603919291871 11.480603919291942 11.479994470422021 11.475289346775106
11.475289443800376 11.479994567829468 11.480604016734116 11.480604016734176 11.479994567829273 11.475289443800293
11.475289540648532 11.479994665052546 11.480604113989656 11.480604113989717 11.47999466505236 11.475289540648449
11.475289637334079 11.479994762106369 11.480604211073643 11.480604211073704 11.479994762106164 11.475289637333988
11.475289733870172 11.479994859004673 11.48060430799999 11.480604308000052 11.47999485900448 11.475289733870067
11.47528983026893 11.479994955760075 11.480604404781493 11.480604404781552 11.479994955759878 11.475289830268828
11.475289926541512 11.479995052384169 11.480604501429925 11.48060450142998 11.479995052383973 11.475289926541416
11.475290022698143 11.479995148887626 11.48060459795604 11.4806045979561 11.479995148887424 11.475290022698056
11.475290118748255 11.479995245280215 11.480604694369802 11.480604694369859 11.479995245280021 11.475290118748166
11.475290214700488 11.479995341570946 11.480604790680292 11.480604790680355 11.479995341570744 11.47529021470039
11.475290310562768 11.479995437768054 11.480604886895916 11.480604886895993 11.479995437767846 11.47529031056267
11.475290406342392 11.479995533879151 11.480604983024367 11.480604983024428 11.479995533878961 11.475290406342292
11.475290502046073 11.479995629911238 11.480605079072703 11.480605079072758 11.479995629911036 11.475290502045974
11.475290597679967 11.479995725870708 11.48060517504742 11.4806051750475 11.479995725870499 11.475290597679852
11.475290693249736 11.479995821763424 11.48060527095453 11.480605270954594 11.479995821763222 11.475290693249635
11.475290788760574 11.479995917594861 11.480605366799487 11.48060536679954 11.479995917594653 11.475290788760491
11.475290884217303 11.479996013369938 11.480605462587326 11.480605462587397 11.479996013369735 11.475290884217198
11.47529097962423 11.479996109093246 11.480605558322694 11.48060555832276 11.479996109093044 11.47529097962418
11.475291074985508 11.479996204769 11.480605654009858 11.480605654009915 11.479996204768797 11.475291074985432
11.475291170304795 11.479996300401055 11.480605749652723 11.480605749652781 11.479996300400858 11.475291170304708
11.475291265585446 11.479996395992911 11.480605845254862 11.480605845254937 11.479996395992735 11.47529126558538
11.475291360830663 11.4799964915479 11.480605940819608 11.480605940819679 11.479996491547714 11.475291360830584
11.475291456043266 11.479996587068962 11.480606036349975 11.48060603635005 11.479996587068761 11.475291456043195
11.475291551225975 11.479996682558884 11.480606131848777 11.480606131848848 11.479996682558694 11.47529155122587
11.475291646381127 11.47999677802016 11.48060622731855 11.480606227318606 11.479996778019975 11.475291646381049
11.475291741511038 11.479996873455145 11.48060632276166 11.480606322761735 11.479996873454951 11.475291741510942
11.47529183661768 11.479996968865933 11.480606418180267 11.480606418180335 11.479996968865748 11.47529183661759
11.475291931703005 11.479997064254526 11.480606513576355 11.480606513576417 11.479997064254329 11.47529193170292
11.47529202676872 11.479997159622714 11.480606608951762 11.480606608951833 11.479997159622519 11.475292026768592
11.475292121816366 11.479997254972137 11.480606704308164 11.480606704308224 11.47999725497194 11.475292121816292
11.475292216847503 11.47999735030434 11.480606799647084 11.480606799647154 11.479997350304137 11.475292216847404
11.475292311863386 11.47999744562068 11.480606894969963 11.480606894970027 11.4799974456205 11.475292311863315
11.47529240686534 11.479997540922522 11.480606990278108 11.480606990278169 11.479997540922318 11.47529240686524
11.475292501854385 11.479997636210971 11.48060708557269 11.48060708557275 11.479997636210765 11.47529250185432
11.475292596831688 11.47999773148712 11.480607180854818 11.480607180854879 11.479997731486945 11.4752925968316
