0.7293796078990348 0.6544159683417997 0.6544159683417978 0.7293796078990374
0.9716523988856632 0.8874297484310584 0.8874297484310545 0.9716523988856677
1.2043128503554097 1.1169356584678372 1.1169356584678307 1.2043128503554152
1.4480885671077073 1.3590273438506744 1.3590273438506641 1.4480885671077137
1.7115354478548332 1.6208927044578563 1.6208927044578447 1.7115354478548408
1.9994812430840665 1.9069667983931748 1.906966798393159 1.9994812430840763
2.3149234406906523 2.2202139474716405 2.22021394747162 2.3149234406906642
2.6595414313901906 2.5624325874875504 2.562432587487524 2.659541431390202
3.033787073613039 2.9342660688870956 2.9342660688870628 3.0337870736130554
3.4368393397447345 3.3351206537614244 3.3351206537613844 3.436839339744754
3.866542165004829 3.7630803416715506 3.763080341671503 3.866542165004849
4.319391224413333 4.214873549244664 4.214873549244607 4.319391224413361
4.7906101559615815 4.685929159656334 4.6859291596562676 4.790610155961613
5.274336463310914 5.170542876651667 5.170542876651584 5.274336463310954
5.763915965410537 5.662155242088429 5.662155242088337 5.763915965410584
6.252283040686394 6.153721489426272 6.153721489426162 6.252283040686438
6.732385941987273 6.638134722578719 6.638134722578595 6.732385941987328
7.197606513151602 7.10865243064364 7.108652430643495 7.1976065131516656
7.642124362190887 7.559275245310615 7.55927524531046 7.642124362190948
8.061186530521498 7.985036310701663 7.9850363107015 8.061186530521555
8.451261553294415 8.382176727669062 8.382176727668874 8.4512615532945
8.810076506712637 8.748202371308931 8.74820237130873 8.810076506712726
9.13655239008697 9.08183498734804 9.08183498734782 9.136552390087067
9.43066391468434 9.38288239856477 9.382882398564542 9.430663914684427
9.693253651445747 9.652057692934832 9.652057692934592 9.69325365144585
9.925828595369474 9.890776225263853 9.890776225263606 9.92582859536957
10.13036161467024 10.100954125228238 10.10095412522798 10.13036161467035
10.309113164737926 10.284825004855565 10.284825004855296 10.30911316473804
10.464481783092914 10.44478453434784 10.444784534347567 10.464481783093028
10.598886268194207 10.583266659163712 10.583266659163442 10.598886268194319
10.714678468438853 10.70265095009694 10.702650950096654 10.714678468438974
10.814083206460019 10.805197911692527 10.80519791169223 10.81408320646015
10.89916073868464 10.893007749960438 10.893007749960123 10.899160738684753
10.971786928628934 10.967997747779256 10.967997747778957 10.971786928629069
11.033646649731548 11.031893660029947 11.031893660029636 11.033646649731663
11.086236558189858 11.08623113368245 11.086231133682132 11.086236558189992
11.130874099368528 11.132363877201374 11.132363877201069 11.130874099368661
11.168710316153435 11.17147602020961 11.171476020209298 11.168710316153565
11.200744652079843 11.2045967478877 11.204596747887372 11.200744652080001
11.22784046119998 11.232615834737032 11.23261583473671 11.227840461200097
11.250740348164868 11.256299133710169 11.256299133709843 11.250740348164983
11.270080775728058 11.2763034076753 11.276303407674977 11.27008077572818
11.286405607917342 11.293190135339538 11.293190135339225 11.286405607917464
11.300178421633296 11.307438099348278 11.307438099347962 11.300178421633438
11.311793532426842 11.319454685677417 11.31945468567709 11.311793532426961
11.321585754548828 11.329585903963801 11.329585903963471 11.321585754548968
11.329838961512458 11.338125188993695 11.338125188993365 11.329838961512586
11.336793539545887 11.345321072783177 11.34532107278286 11.336793539546042
11.342652838652127 11.35138383109096 11.35138383109063 11.342652838652269
11.347588729127033 11.35649121267319 11.356491212672855 11.347588729127178
11.351746368645435 11.360793357657242 11.360793357656911 11.351746368645568
11.355248278752283 11.364417005587189 11.364417005586864 11.355248278752418
11.358197821423103 11.367469085718826 11.367469085718499 11.35819782142323
11.360682157369846 11.37003977319551 11.370039773195183 11.360682157370002
11.362774758683686 11.372205085586712 11.372205085586387 11.36277475868382
11.36453753965821 11.374029085402903 11.374029085402574 11.36453753965835
11.366022661488381 11.375565745898925 11.375565745898593 11.366022661488508
11.367274059114665 11.376860529887177 11.37686052988685 11.36727405911479
11.368328731830221 11.377951724465962 11.37795172446564 11.368328731830344
11.369217833380857 11.37887156852238 11.378871568522065 11.369217833380997
11.369967592128061 11.379647204564026 11.379647204563694 11.36996759212817
11.37060008735574 11.380301481811877 11.380301481811538 11.370600087355884
11.371133903921358 11.38085363348781 11.380853633487487 11.37113390392149
11.37158468410961 11.38131984778518 11.38131984778487 11.371584684109754
11.371965592686557 11.381713749056404 11.381713749056084 11.371965592686688
11.372287708702949 11.382046803226217 11.382046803225888 11.372287708703073
11.372560355512258 11.382328659285415 11.382328659285085 11.372560355512405
11.372791378695092 11.382567436888065 11.382567436887735 11.372791378695217
11.372987380076392 11.382769968519684 11.38276996851935 11.372987380076529
11.373153914746707 11.382942003384802 11.38294200338448 11.373153914746846
11.373295656917485 11.383088379045939 11.383088379045606 11.373295656917644
11.373416539527982 11.383213165900479 11.383213165900141 11.37341653952812
11.373519871748206 11.38331978878465 11.383319788784313 11.373519871748346
11.373608437871924 11.383411129318587 11.383411129318254 11.373608437872067
11.37368458054173 11.383489612037621 11.38348961203729 11.373684580541862
11.373750270785846 11.383557276875282 11.383557276874939 11.373750270785996
11.37380716695418 11.383615840157969 11.38361584015764 11.373807166954311
11.373856664311065 11.383666745930663 11.383666745930345 11.373856664311186
11.373899936765302 11.383711209144982 11.383711209144662 11.373899936765424
11.373937971982954 11.38375025199905 11.383750251998721 11.373937971983091
11.373971600931752 11.38378473451449 11.383784734514169 11.373971600931872
11.37400152273958 11.383815380264004 11.38381538026367 11.374001522739716
11.374028325610489 11.383842798018145 11.383842798017819 11.374028325610611
11.374052504422473 11.38386749995859 11.383867499958262 11.374052504422611
11.374074475534188 11.383889917002275 11.383889917001948 11.37407447553433
11.374094589242386 11.383910411694496 11.383910411694178 11.374094589242532
11.374113140263423 11.383929289056724 11.383929289056399 11.374113140263555
11.374130376551555 11.383946805713327 11.383946805713004 11.374130376551676
11.374146506718427 11.383963177570463 11.383963177570136 11.37414650671858
11.374161706275542 11.383978586276628 11.383978586276305 11.374161706275679
11.374176122885778 11.383993184658113 11.38399318465778 11.374176122885931
11.374189880782476 11.384007101292232 11.384007101291909 11.374189880782595
11.374203084486528 11.384020444354778 11.384020444354451 11.374203084486656
11.37421582193451 11.38403330485716 11.384033304856823 11.374215821934625
11.374228167109859 11.384045759369881 11.384045759369554 11.374228167110005
11.37424018225702 11.384057872313834 11.384057872313502 11.374240182257138
11.374251919743886 11.384069697888144 11.384069697887812 11.374251919744017
11.374263423629088 11.384081281691982 11.384081281691655 11.374263423629204
11.374274730980273 11.384092662089243 11.384092662088928 11.374274730980405
11.374285872983599 11.38410387135652 11.384103871356196 11.374285872983698
11.374296875876666 11.384114936648952 11.384114936648624 11.374296875876807
11.374307761734045 11.384125880812935 11.38412588081261 11.374307761734187
11.374318549127631 11.38413672306974 11.384136723069425 11.374318549127745
11.37432925368235 11.38414747959077 11.384147479590453 11.374329253682467
11.374339888543991 11.384158163981414 11.38415816398108 11.374339888544107
11.374350464772379 11.384168787688287 11.384168787687969 11.374350464772517
11.374360991672585 11.384179360341763 11.384179360341442 11.374360991672704
11.374371477073048 11.384189890044082 11.384189890043752 11.37437147707318
11.374381927560128 11.384200383611896 11.384200383611558 11.374381927560263
11.374392348675125 11.38421084678025 11.384210846779913 11.374392348675247
11.374402745079998 11.384221284374139 11.384221284373826 11.374402745080129
11.37441312069706 11.384231700453064 11.38423170045274 11.374413120697213
11.37442347882627 11.384242098432292 11.38424209843196 11.374423478826401
11.374433822243883 11.384252481185216 11.384252481184888 11.374433822244004
11.374444153285685 11.384262851129295 11.384262851128977 11.37444415328582
11.37445447391686 11.384273210298442 11.384273210298113 11.37445447391699
11.374464785790753 11.384283560403755 11.38428356040344 11.374464785790877
11.37447509029833 11.38429390288494 11.384293902884604 11.374475090298477
11.37448538860991 11.384304238953145 11.384304238952812 11.37448538861005
11.374495681710053 11.384314569627412 11.384314569627083 11.374495681710208
11.37450597042719 11.384324895765053 11.384324895764726 11.37450597042731
11.374516255458124 11.384335218087408 11.384335218087063 11.374516255458271
11.374526537389324 11.384345537201275 11.384345537200938 11.37452653738945
11.374536816714027 11.384355853617219 11.384355853616894 11.374536816714148
11.374547093847236 11.384366167764803 11.384366167764474 11.374547093847376
11.374557369138207 11.384376480005391 11.384376480005065 11.374557369138339
11.374567642880649 11.384386790643047 11.384386790642722 11.374567642880786
11.374577915321746 11.384397099933553 11.384397099933212 11.374577915321888
11.374588186669431 11.384407408092107 11.384407408091798 11.374588186669593
11.374598457098685 11.384417715299826 11.38441771529949 11.374598457098815
11.37460872675664 11.384428021709006 11.384428021708674 11.374608726756778
11.374618995767147 11.384438327447796 11.384438327447471 11.374618995767284
11.3746292642344 11.384448632624055 11.384448632623725 11.374629264234535
11.374639532246052 11.384458937328478 11.384458937328152 11.374639532246183
11.374649799875828 11.3844692416374 11.38446924163707 11.374649799875941
11.374660067185765 11.384479545615008 11.384479545614692 11.374660067185891
11.374670334228083 11.384489849315369 11.384489849315036 11.374670334228218
11.37468060104666 11.384500152783895 11.384500152783572 11.374680601046812
11.374690867678524 11.384510456058823 11.384510456058504 11.37469086767866
11.374701134154703 11.38452075917236 11.384520759172037 11.37470113415484
11.374711400501349 11.384531062151563 11.384531062151227 11.374711400501488
11.374721666740468 11.38454136501917 11.384541365018851 11.374721666740609
11.374731932890588 11.384551667794396 11.384551667794074 11.374731932890723
11.374742198967256 11.38456197049332 11.384561970492985 11.374742198967406
11.374752464983628 11.384572273129498 11.38457227312917 11.374752464983752
11.374762730950632 11.384582575714383 11.38458257571404 11.374762730950781
11.37477299687766 11.384592878257513 11.384592878257198 11.374772996877788
11.37478326277243 11.384603180767009 11.384603180766678 11.374783262772565
11.374793528641538 11.384613483249664 11.384613483249348 11.374793528641668
11.374803794490484 11.38462378571118 11.384623785710865 11.374803794490644
11.374814060323962 11.384634088156373 11.384634088156044 11.374814060324116
11.374824326145868 11.384644390589287 11.384644390588965 11.374824326145992
11.37483459195946 11.384654693013324 11.384654693012994 11.374834591959587
11.374844857767517 11.38466499543134 11.38466499543101 11.374844857767641
11.374855123572367 11.384675297845764 11.384675297845424 11.374855123572509
11.374865389375996 11.38468560025861 11.384685600258283 11.37486538937612
11.374875655180004 11.384695902671574 11.384695902671252 11.374875655180132
11.374885920985822 11.38470620508613 11.384706205085807 11.37488592098595
11.374896186794587 11.384716507503448 11.384716507503136 11.374896186794727
11.374906452607286 11.384726809924558 11.384726809924242 11.374906452607426
11.374916718424783 11.384737112350313 11.38473711234998 11.374916718424894
11.374926984247715 11.384747414781422 11.384747414781096 11.374926984247839
11.374937250076691 11.384757717218502 11.384757717218184 11.374937250076819
11.37494751591223 11.384768019662085 11.384768019661749 11.374947515912359
11.374957781754674 11.384778322112535 11.384778322112199 11.37495778175481
11.374968047604458 11.384788624570268 11.384788624569937 11.374968047604593
11.374978313461812 11.384798927035568 11.384798927035241 11.37497831346194
11.374988579327027 11.384809229508694 11.384809229508368 11.374988579327137
11.374998845200228 11.384819531989866 11.384819531989535 11.374998845200373
11.3750091110817 11.384829834479213 11.384829834478895 11.375009111081827
11.375019376971519 11.38484013697698 11.384840136976642 11.375019376971663
11.375029642869823 11.384850439483209 11.384850439482868 11.375029642869952
11.375039908776726 11.384860741998061 11.384860741997729 11.375039908776872
11.375050174692332 11.384871044521597 11.384871044521281 11.375050174692467
11.375060440616668 11.38488134705393 11.384881347053602 11.37506044061681
11.375070706549831 11.384891649595064 11.38489164959475 11.375070706549977
11.375080972491846 11.384901952145114 11.38490195214479 11.375080972491999
11.375091238442801 11.384912254704105 11.384912254703783 11.375091238442927
11.375101504402657 11.384922557272043 11.384922557271725 11.375101504402814
11.375111770371555 11.384932859849 11.384932859848675 11.375111770371676
11.375122036349405 11.384943162435002 11.384943162434672 11.375122036349545
11.375132302336322 11.384953465030039 11.384953465029705 11.375132302336455
11.375142568332258 11.384963767634144 11.384963767633824 11.375142568332395
11.37515283433727 11.384974070247367 11.384974070247036 11.375152834337404
11.375163100351337 11.384984372869676 11.384984372869356 11.375163100351482
11.375173366374513 11.384994675501103 11.384994675500774 11.37517336637465
11.375183632406792 11.385004978141652 11.38500497814131 11.3751836324069
11.375193898448133 11.385015280791325 11.385015280790991 11.375193898448286
11.3752041644986 11.385025583450151 11.385025583449831 11.37520416449875
11.375214430558199 11.385035886118123 11.385035886117791 11.375214430558346
11.375224696626908 11.38504618879523 11.385046188794895 11.375224696627027
11.375234962704717 11.385056491481489 11.385056491481173 11.375234962704873
11.375245228791684 11.385066794176923 11.3850667941766 11.375245228791822
11.375255494887785 11.385077096881515 11.38507709688119 11.375255494887917
11.375265760993017 11.385087399595275 11.385087399594948 11.375265760993132
11.375276027107356 11.385097702318202 11.38509770231786 11.3752760271075
11.37528629323083 11.385108005050267 11.385108005049934 11.375286293230971
11.37529655936345 11.38511830779152 11.385118307791194 11.375296559363584
11.375306825505236 11.385128610541926 11.385128610541608 11.375306825505351
11.375317091656122 11.38513891330153 11.385138913301194 11.375317091656262
11.375327357816138 11.385149216070282 11.385149216069943 11.37532735781629
11.375337623985324 11.3851595188482 11.38515951884788 11.375337623985457
11.375347890163656 11.385169821635294 11.385169821634967 11.375347890163784
11.375358156351107 11.385180124431567 11.385180124431239 11.37535815635123
11.375368422547721 11.38519042723702 11.385190427236699 11.375368422547837
11.375378688753466 11.385200730051647 11.38520073005131 11.375378688753598
11.375388954968352 11.385211032875445 11.385211032875121 11.375388954968491
11.37539922119241 11.385221335708415 11.385221335708081 11.375399221192515
11.375409487425566 11.385231638550561 11.38523163855023 11.375409487425689
11.375419753667853 11.385241941401876 11.385241941401546 11.375419753667996
11.375430019919332 11.38525224426236 11.385252244262029 11.375430019919454
11.375440286179947 11.385262547132038 11.385262547131711 11.375440286180071
11.375450552449685 11.385272850010868 11.385272850010546 11.375450552449808
11.375460818728568 11.38528315289889 11.385283152898547 11.375460818728701
11.375471085016603 11.385293455796083 11.385293455795754 11.375471085016727
11.37548135131377 11.385303758702447 11.385303758702117 11.375481351313903
11.375491617620078 11.385314061617988 11.385314061617645 11.375491617620224
11.375501883935577 11.38532436454271 11.385324364542381 11.375501883935707
11.375512150260159 11.3853346674766 11.385334667476272 11.375512150260302
11.375522416593913 11.385344970419649 11.385344970419336 11.37552241659405
11.375532682936834 11.385355273371905 11.385355273371578 11.375532682936955
11.37554294928884 11.385365576333328 11.385365576332996 11.375542949288993
11.37555321565004 11.385375879303915 11.385375879303588 11.375553215650172
11.375563482020366 11.385386182283678 11.385386182283362 11.375563482020512
11.37557374839985 11.385396485272631 11.385396485272302 11.375573748399981
11.375584014788448 11.385406788270755 11.385406788270416 11.375584014788595
11.37559428118624 11.385417091278034 11.385417091277713 11.375594281186359
11.375604547593113 11.385427394294535 11.385427394294195 11.375604547593271
11.37561481400919 11.385437697320173 11.385437697319837 11.375614814009309
11.375625080434377 11.385448000354993 11.385448000354662 11.3756250804345
11.375635346868712 11.385458303398988 11.385458303398659 11.37563534686884
11.375645613312209 11.38546860645215 11.385468606451832 11.37564561331233
11.375655879764816 11.385478909514498 11.385478909514172 11.37565587976495
11.375666146226601 11.385489212586043 11.385489212585712 11.375666146226735
11.375676412697505 11.385499515666746 11.385499515666403 11.375676412697626
11.375686679177578 11.385509818756619 11.385509818756288 11.3756866791777
11.375696945666757 11.38552012185565 11.385520121855329 11.375696945666897
11.375707212165105 11.38553042496389 11.385530424963553 11.375707212165242
11.375717478672602 11.38554072808128 11.385540728080956 11.375717478672737
11.375727745189248 11.38555103120786 11.385551031207537 11.375727745189357
11.375738011715022 11.385561334343615 11.385561334343285 11.375738011715155
11.37574827824995 11.385571637488546 11.385571637488216 11.375748278250073
11.37575854479401 11.385581940642648 11.385581940642314 11.37575854479415
11.375768811347227 11.385592243805942 11.385592243805608 11.375768811347362
11.375779077909604 11.385602546978394 11.38560254697806 11.375779077909714
11.37578934448108 11.385612850160033 11.385612850159706 11.375789344481214
11.375799611061742 11.385623153350823 11.385623153350497 11.37579961106187
11.375809877651529 11.385633456550813 11.385633456550487 11.37580987765167
11.375820144250483 11.385643759759981 11.385643759759663 11.375820144250602
11.375830410858544 11.385654062978315 11.385654062977977 11.375830410858674
11.375840677475745 11.385664366205823 11.385664366205498 11.3758406774759
11.37585094410213 11.385674669442519 11.385674669442183 11.37585094410227
11.375861210737645 11.385684972688383 11.385684972688058 11.37586121073777
11.375871477382283 11.385695275943416 11.38569527594308 11.375871477382425
11.375881744036107 11.385705579207624 11.385705579207304 11.37588174403624
11.375892010699035 11.385715882481021 11.385715882480676 11.37589201069918
11.37590227737114 11.385726185763572 11.38572618576325 11.37590227737127
11.37591254405236 11.385736489055311 11.385736489054988 11.37591254405249
11.375922810742754 11.385746792356244 11.385746792355901 11.375922810742884
11.375933077442262 11.385757095666337 11.385757095666003 11.37593307744241
11.37594334415094 11.385767398985601 11.385767398985275 11.375943344151073
11.375953610868736 11.385777702314048 11.38577770231373 11.37595361086888
11.375963877595696 11.385788005651666 11.385788005651339 11.375963877595842
11.37597414433182 11.38579830899846 11.38579830899813 11.375974144331948
11.375984411077019 11.385808612354436 11.385808612354106 11.37598441107718
11.375994677831407 11.385818915719573 11.385818915719243 11.37599467783157
11.376004944594957 11.3858292190939 11.385829219093573 11.376004944595103
11.376015211367633 11.385839522477406 11.385839522477063 11.376015211367774
11.376025478149451 11.385849825870059 11.385849825869732 11.376025478149602
11.376035744940435 11.38586012927192 11.385860129271595 11.376035744940573
11.376046011740558 11.385870432682959 11.385870432682626 11.376046011740685
11.376056278549813 11.385880736103157 11.385880736102827 11.376056278549944
11.376066545368214 11.385891039532542 11.385891039532213 11.376066545368351
11.376076812195775 11.38590134297109 11.385901342970751 11.376076812195887
11.376087079032452 11.38591164641882 11.385911646418494 11.37608707903259
11.37609734587829 11.385921949875724 11.385921949875401 11.376097345878419
11.376107612733259 11.385932253341803 11.38593225334148 11.376107612733405
11.37611787959738 11.385942556817062 11.38594255681673 11.376117879597508
11.376128146470652 11.385952860301485 11.385952860301156 11.37612814647078
11.376138413353058 11.385963163795108 11.385963163794786 11.376138413353202
11.376148680244622 11.385973467297902 11.385973467297564 11.376148680244754
11.376158947145326 11.385983770809865 11.385983770809535 11.37615894714545
11.376169214055164 11.385994074330997 11.385994074330668 11.37616921405531
11.376179480974162 11.386004377861308 11.386004377860976 11.376179480974288
11.376189747902302 11.386014681400786 11.386014681400471 11.376189747902423
11.37620001483955 11.386024984949469 11.386024984949133 11.376200014839705
11.376210281785992 11.386035288507308 11.386035288506974 11.376210281786147
11.376220548741573 11.386045592074325 11.386045592074 11.376220548741719
11.37623081570629 11.386055895650534 11.386055895650205 11.376230815706421
11.376241082680156 11.386066199235893 11.386066199235573 11.37624108268028
11.37625134966313 11.386076502830432 11.386076502830113 11.37625134966328
11.376261616655292 11.386086806434166 11.386086806433843 11.376261616655428
11.376271883656594 11.386097110047057 11.38609711004674 11.376271883656731
11.376282150667018 11.386107413669137 11.386107413668805 11.376282150667155
11.376292417686603 11.386117717300374 11.386117717300046 11.376292417686747
11.37630268471532 11.386128020940818 11.386128020940475 11.37630268471547
11.3763129517532 11.386138324590407 11.386138324590082 11.376312951753352
11.376323218800234 11.386148628249193 11.386148628248858 11.376323218800378
11.376333485856394 11.386158931917143 11.386158931916832 11.376333485856541
11.376343752921708 11.38616923559429 11.386169235593956 11.376343752921844
