0.8972625040977755 0.824779541548286 0.8972625040977755
1.3014242785729309 1.2229766908304849 1.3014242785729309
1.7443808664393263 1.659432505789426 1.7443808664393259
2.2526660544243384 2.159925668103672 2.2526660544243375
2.836346296002596 2.7354951619490175 2.8363462960025974
3.4958043337083784 3.3877538233537243 3.4958043337083775
4.221926025097636 4.108900587467839 4.221926025097633
4.996287167617538 4.8816936955329435 4.996287167617533
5.792927463849459 5.680947212209599 5.792927463849458
6.58194934693091 6.476907189804622 6.581949346930903
7.334170480155997 7.239852351739343 7.334170480155995
8.025469550680201 7.944593795503331 8.025469550680198
8.639589665753332 8.573567787661942 8.639589665753324
9.168879183982018 9.117876076226064 9.168879183982009
9.613265678638772 9.576467362530016 9.613265678638765
9.978231086412428 9.95419338609784 9.978231086412421
10.272577043569951 10.259552722554485 10.272577043569944
10.50651082351463 10.502700534972364 10.506510823514624
10.690272957764607 10.693987557719288 10.6902729577646
10.833303982021434 10.843050600331551 10.833303982021413
10.9438382462528 10.958351468052351 10.943838246252794
11.02878768474641 11.047026499706773 11.028787684746389
11.09379712068442 11.114923611098401 11.09379712068441
11.143385265234004 11.166735756120422 11.14338526523399
11.181116430157417 11.206171508530716 11.181116430157392
11.209771494952317 11.236128267645272 11.209771494952298
11.23150245360535 11.258850492751316 11.23150245360534
11.247964482351621 11.276065802694404 11.247964482351598
11.260424809543533 11.289097650549255 11.26042480954352
11.269850305250209 11.298956241719836 11.269850305250186
11.27697676094325 11.306410596340355 11.276976760943226
11.28236302378466 11.312044942560014 11.282363023784649
11.286432924227512 11.31630244165284 11.286432924227503
11.289507539449877 11.319518861802978 11.289507539449856
11.29182990140827 11.321948381663196 11.29182990140826
11.293583851486762 11.323783289750283 11.29358385148674
11.294908390208406 11.325168982055885 11.29490839020838
11.295908576653735 11.3262153564201 11.29590857665371
11.29666379483482 11.327005455906884 11.296663794834792
11.297234016078718 11.327602017713849 11.297234016078708
11.297664539240957 11.328052430791368 11.29766453924094
11.297989576458114 11.328392486350884 11.297989576458107
11.29823496430695 11.328649213764477 11.298234964306937
11.298420212951276 11.328843024090023 11.29842021295125
11.298560054506012 11.328989329803848 11.298560054506003
11.298665612763042 11.329099768474029 11.298665612763031
11.298745286734544 11.329183127070639 11.298745286734523
11.29880541795282 11.329246040064866 11.298805417952781
11.298850794406777 11.329293516630855 11.298850794406766
11.298885031083435 11.329329338758749 11.298885031083419
11.298910857314358 11.32935636187161 11.298910857314338
11.298930333742913 11.329376741813695 11.298930333742911
11.298945016145195 11.329392106238348 11.298945016145165
11.298956079119954 11.329403684011744 11.298956079119948
11.29896440947765 11.329412402916013 11.298964409477636
11.298970676749734 11.32941896341595 11.29897067674971
11.298975386423693 11.329423894353482 11.298975386423685
11.298978920135578 11.329427594996922 11.298978920135564
11.298981566014943 11.329430366788003 11.298981566014927
11.29898354159516 11.329432437310563 11.298983541595165
11.298985011110593 11.329433978387007 11.298985011110572
11.298986098555503 11.329435119740351 11.2989860985555
11.298986897543505 11.329435959309437 11.298986897543516
11.298987478751439 11.329436571036466 11.29898747875141
11.298987895539057 11.329437010746576 11.29898789553904
11.298988188192071 11.329437320586793 11.298988188192073
11.298988387125641 11.329437532377474 11.298988387125632
11.298988515302572 11.329437670142388 11.298988515302545
11.298988590059425 11.329437752019118 11.298988590059404
11.298988624485025 11.329437791701196 11.298988624485023
11.29898862846127 11.32943779952705 11.298988628461238
11.298988609448708 11.329437783301987 11.29898860944869
11.29898857308002 11.329437748918876 11.29898857308
11.298988523607742 11.329437700826782 11.298988523607715
11.298988464242465 11.32943764238461 11.298988464242454
11.298988397408163 11.329437576128326 11.29898839740814
11.29898832493486 11.329437503972482 11.298988324934841
11.298988248204209 11.32943742736264 11.298988248204207
11.298988168259328 11.329437347390034 11.29898816825931
11.298988085887782 11.329437264878619 11.298988085887766
11.298988001684112 11.329437180450462 11.29898800168411
11.298987916097257 11.329437094575198 11.298987916097229
11.298987829466087 11.329437007607364 11.298987829466068
11.298987742046492 11.329436919814688 11.298987742046474
11.298987654031645 11.329436831399267 11.29898765403163
11.298987565567424 11.329436742513668 11.298987565567389
11.29898747676386 11.329436653273138 11.298987476763845
11.298987387704168 11.329436563764583 11.298987387704164
11.298987298451076 11.329436474053685 11.298987298451049
11.298987209051967 11.329436384190045 11.298987209051946
11.298987119542645 11.329436294211092 11.298987119542627
11.298987029950085 11.329436204145045 11.298987029950059
11.298986940294691 11.329436114013294 11.298986940294679
11.298986850591866 11.329436023831883 11.298986850591847
11.298986760853198 11.329435933613013 11.298986760853186
11.298986671087526 11.329435843365848 11.29898667108751
11.298986581301413 11.329435753097325 11.298986581301408
11.298986491499912 11.32943566281268 11.298986491499896
11.29898640168676 11.329435572515873 11.298986401686747
11.298986311864848 11.329435482209869 11.298986311864812
11.298986222036268 11.329435391896922 11.298986222036238
11.298986132202693 11.329435301578739 11.298986132202673
11.298986042365328 11.329435211256595 11.298986042365305
11.29898595252513 11.329435120931475 11.298985952525113
11.298985862682771 11.3294350306041 11.298985862682757
11.298985772838806 11.329434940275041 11.298985772838792
11.298985682993598 11.329434849944686 11.298985682993573
11.298985593147457 11.329434759613351 11.298985593147426
11.29898550330059 11.329434669281259 11.298985503300582
11.298985413453225 11.329434578948659 11.298985413453206
11.298985323605457 11.329434488615627 11.298985323605445
11.298985233757405 11.329434398282256 11.29898523375737
11.2989851439091 11.329434307948668 11.29898514390908
11.29898505406063 11.329434217614924 11.298985054060621
11.29898496421204 11.329434127281017 11.298984964212016
11.298984874363338 11.329434036947019 11.298984874363319
11.298984784514595 11.329433946612932 11.298984784514573
11.298984694665773 11.32943385627882 11.298984694665757
11.298984604816908 11.32943376594463 11.298984604816894
11.298984514968021 11.329433675610414 11.298984514968005
11.298984425119103 11.32943358527617 11.29898442511908
11.298984335270175 11.329433494941918 11.298984335270159
11.298984245421234 11.329433404607672 11.298984245421222
11.298984155572272 11.329433314273384 11.298984155572244
11.298984065723312 11.329433223939093 11.298984065723294
11.298983975874352 11.32943313360481 11.29898397587432
11.29898388602538 11.329433043270514 11.29898388602535
11.298983796176396 11.329432952936214 11.298983796176381
11.298983706327423 11.329432862601914 11.298983706327405
11.298983616478434 11.32943277226763 11.298983616478424
11.298983526629476 11.32943268193331 11.298983526629463
11.298983436780485 11.329432591599021 11.298983436780482
11.298983346931525 11.329432501264728 11.298983346931506
11.298983257082522 11.329432410930432 11.298983257082504
11.298983167233558 11.329432320596117 11.298983167233535
11.298983077384575 11.329432230261812 11.298983077384563
11.298982987535606 11.329432139927519 11.298982987535586
11.298982897686608 11.329432049593219 11.298982897686598
11.298982807837648 11.329431959258917 11.298982807837612
11.298982717988673 11.329431868924612 11.298982717988657
11.298982628139715 11.3294317785903 11.298982628139683
11.298982538290712 11.329431688256005 11.298982538290694
11.298982448441743 11.329431597921722 11.298982448441727
11.298982358592774 11.329431507587424 11.298982358592765
11.298982268743808 11.329431417253124 11.298982268743785
11.298982178894816 11.329431326918833 11.298982178894809
11.298982089045847 11.32943123658453 11.298982089045827
11.29898199919688 11.329431146250222 11.298981999196863
11.298981909347937 11.329431055915943 11.298981909347903
11.298981819498955 11.329430965581647 11.29898181949893
11.298981729649956 11.329430875247354 11.29898172964995
11.298981639801013 11.32943078491306 11.298981639800987
11.298981549952028 11.32943069457877 11.298981549952018
11.298981460103095 11.329430604244479 11.298981460103056
11.298981370254117 11.329430513910191 11.298981370254095
11.298981280405153 11.329430423575921 11.298981280405139
11.298981190556193 11.329430333241627 11.29898119055618
11.298981100707246 11.32943024290734 11.29898110070722
11.298981010858268 11.329430152573059 11.298981010858256
11.2989809210093 11.329430062238778 11.298980921009296
11.298980831160353 11.329429971904503 11.298980831160339
11.298980741311395 11.329429881570224 11.298980741311375
11.298980651462434 11.329429791235937 11.298980651462413
11.298980561613458 11.32942970090163 11.298980561613448
11.298980471764516 11.329429610567358 11.29898047176449
11.298980381915559 11.329429520233084 11.298980381915534
11.298980292066606 11.329429429898797 11.298980292066574
11.298980202217653 11.329429339564522 11.298980202217622
11.298980112368708 11.32942924923026 11.298980112368687
11.298980022519736 11.329429158895978 11.298980022519732
11.298979932670804 11.329429068561716 11.298979932670779
11.29897984282183 11.329428978227405 11.298979842821815
11.298979752972876 11.329428887893148 11.298979752972874
11.298979663123943 11.329428797558878 11.298979663123916
11.298979573274993 11.329428707224606 11.298979573274963
11.298979483426018 11.329428616890322 11.298979483426015
11.298979393577074 11.329428526556047 11.298979393577058
11.298979303728132 11.32942843622178 11.298979303728121
11.298979213879184 11.32942834588749 11.298979213879154
11.298979124030236 11.329428255553239 11.298979124030222
11.298979034181288 11.329428165218948 11.298979034181277
11.298978944332335 11.329428074884687 11.298978944332314
11.298978854483389 11.329427984550414 11.29897885448338
11.298978764634453 11.329427894216149 11.29897876463443
11.298978674785522 11.32942780388189 11.298978674785488
11.298978584936549 11.329427713547632 11.298978584936547
11.298978495087631 11.32942762321334 11.298978495087606
11.298978405238685 11.329427532879096 11.298978405238651
11.298978315389755 11.329427442544825 11.298978315389723
11.29897822554081 11.329427352210553 11.298978225540775
11.298978135691863 11.329427261876296 11.298978135691836
11.298978045842901 11.329427171542022 11.298978045842897
11.298977955993967 11.329427081207761 11.298977955993944
11.298977866145036 11.3294269908735 11.29897786614501
11.298977776296088 11.329426900539254 11.298977776296088
11.298977686447168 11.329426810204989 11.298977686447142
11.29897759659821 11.32942671987074 11.298977596598213
11.298977506749287 11.329426629536467 11.29897750674928
11.298977416900359 11.329426539202194 11.298977416900348
11.298977327051409 11.329426448867958 11.2989773270514
11.298977237202502 11.32942635853371 11.298977237202465
11.298977147353572 11.329426268199455 11.298977147353558
11.298977057504638 11.32942617786521 11.29897705750461
11.298976967655703 11.329426087530944 11.298976967655687
11.298976877806787 11.329425997196678 11.298976877806751
11.29897678795783 11.329425906862426 11.298976787957818
11.29897669810892 11.329425816528182 11.298976698108897
11.29897660825998 11.329425726193929 11.29897660825997
11.298976518411056 11.329425635859668 11.29897651841104
11.298976428562131 11.329425545525414 11.298976428562117
11.29897633871323 11.329425455191183 11.29897633871321
11.298976248864284 11.329425364856938 11.298976248864289
11.298976159015396 11.329425274522697 11.298976159015359
11.298976069166452 11.329425184188434 11.29897606916644
11.298975979317536 11.329425093854205 11.298975979317508
11.298975889468613 11.32942500351996 11.298975889468588
11.298975799619685 11.32942491318571 11.298975799619667
11.298975709770744 11.329424822851461 11.298975709770732
11.29897561992184 11.329424732517216 11.298975619921817
11.298975530072909 11.329424642182984 11.298975530072907
11.29897544022399 11.329424551848732 11.298975440223975
11.298975350375065 11.329424461514494 11.298975350375054
11.298975260526177 11.329424371180254 11.298975260526156
11.298975170677261 11.32942428084601 11.298975170677235
11.298975080828324 11.32942419051178 11.298975080828315
11.298974990979422 11.329424100177548 11.298974990979406
11.298974901130531 11.329424009843308 11.2989749011305
11.298974811281592 11.32942391950908 11.29897481128158
11.298974721432673 11.329423829174827 11.298974721432668
11.298974631583775 11.329423738840582 11.298974631583757
11.298974541734859 11.329423648506364 11.29897454173484
11.298974451885947 11.329423558172142 11.298974451885936
11.298974362037045 11.329423467837891 11.298974362037017
11.298974272188131 11.329423377503668 11.298974272188113
11.298974182339235 11.329423287169426 11.298974182339208
11.29897409249032 11.329423196835194 11.298974092490292
11.298974002641401 11.32942310650097 11.298974002641383
11.298973912792498 11.32942301616673 11.298973912792466
11.298973822943593 11.329422925832512 11.298973822943582
11.298973733094689 11.329422835498276 11.298973733094673
11.298973643245771 11.32942274516404 11.298973643245759
11.298973553396843 11.329422654829797 11.298973553396849
11.298973463547952 11.329422564495566 11.298973463547942
11.298973373699054 11.329422474161351 11.298973373699042
11.29897328385015 11.329422383827133 11.298973283850136
11.298973194001267 11.329422293492915 11.29897319400124
11.29897310415237 11.329422203158677 11.29897310415234
11.298973014303465 11.329422112824469 11.298973014303462
11.298972924454565 11.329422022490256 11.298972924454553
11.298972834605669 11.329421932156022 11.298972834605637
11.298972744756767 11.329421841821796 11.298972744756753
11.29897265490789 11.3294217514876 11.298972654907871
11.298972565058977 11.329421661153377 11.29897256505896
11.298972475210087 11.329421570819154 11.298972475210068
11.298972385361207 11.329421480484946 11.298972385361179
11.2989722955123 11.329421390150708 11.298972295512279
11.298972205663386 11.329421299816476 11.298972205663361
11.29897211581449 11.329421209482268 11.298972115814465
11.298972025965607 11.329421119148053 11.298972025965593
11.298971936116722 11.329421028813849 11.298971936116708
11.298971846267841 11.329420938479638 11.298971846267811
11.298971756418942 11.329420848145439 11.298971756418933
11.298971666570043 11.329420757811224 11.298971666570033
11.29897157672119 11.329420667477017 11.298971576721167
11.298971486872283 11.329420577142796 11.29897148687226
11.298971397023399 11.329420486808612 11.298971397023385
11.298971307174495 11.329420396474383 11.298971307174492
11.298971217325635 11.329420306140186 11.298971217325612
11.298971127476774 11.329420215805982 11.29897112747674
11.298971037627886 11.329420125471763 11.298971037627854
11.298970947778983 11.329420035137575 11.29897094777898
11.29897085793011 11.329419944803343 11.298970857930088
11.298970768081208 11.329419854469137 11.298970768081201
11.298970678232335 11.329419764134924 11.29897067823231
11.29897058838349 11.329419673800741 11.29897058838344
11.298970498534596 11.329419583466535 11.298970498534576
11.298970408685696 11.329419493132338 11.298970408685694
11.298970318836835 11.329419402798143 11.298970318836801
11.298970228987965 11.329419312463932 11.29897022898794
11.298970139139065 11.329419222129745 11.298970139139053
11.298970049290197 11.32941913179553 11.298970049290178
11.29896995944133 11.329419041461344 11.2989699594413
11.298969869592444 11.329418951127138 11.298969869592424
11.298969779743585 11.329418860792941 11.298969779743558
11.2989696898947 11.329418770458746 11.298969689894683
11.29896960004582 11.329418680124554 11.298969600045812
11.298969510196951 11.32941858979037 11.29896951019692
11.298969420348081 11.329418499456162 11.29896942034805
11.298969330499213 11.329418409121963 11.298969330499185
11.298969240650326 11.329418318787774 11.29896924065032
11.29896915080147 11.329418228453601 11.298969150801456
11.298969060952594 11.329418138119394 11.298969060952585
11.298968971103736 11.329418047785204 11.298968971103717
11.298968881254865 11.329417957451028 11.29896888125486
11.298968791406004 11.329417867116817 11.298968791405983
11.298968701557145 11.329417776782657 11.298968701557119
11.298968611708272 11.329417686448448 11.298968611708263
11.298968521859418 11.329417596114276 11.298968521859406
11.298968432010536 11.329417505780073 11.298968432010522
11.298968342161656 11.329417415445883 11.298968342161652
