0.937901396794542 0.9166943667695543 0.9379013967945421
1.3886198147398783 1.3782951766231784 1.3886198147398783
1.8960205732811521 1.8931480269151397 1.8960205732811526
2.4887410137091206 2.491255648277884 2.4887410137091206
3.17574630564498 3.1822650511280006 3.1757463056449793
3.951531586438633 3.9607731725021593 3.951531586438634
4.795964280918336 4.806521672279354 4.795964280918337
5.676067049182105 5.686417677776272 5.676067049182108
6.551293034378138 6.559961572345845 6.551293034378137
7.381260267197426 7.387032347327734 7.381260267197432
8.133248829622046 8.135331361017862 8.13324882962205
8.78682863703658 8.784895814145113 8.786828637036574
9.334598933774242 9.328728333671009 9.334598933774245
9.77985102335963 9.770398254577836 9.779851023359624
10.13284554965747 10.120311374248274 10.132845549657462
10.407195773062247 10.39211995742849 10.407195773062242
10.617149338765733 10.600042129000672 10.617149338765733
10.775927014678476 10.757234018252248 10.77592701467848
10.89492901360842 10.87501959802879 10.894929013608419
10.98352054132478 10.9626900798954 10.983520541324777
11.049142588960011 11.027621387605526 11.049142588960015
11.097570050018648 11.075534471579793 11.097570050018644
11.13321033066844 11.11079368979402 11.133210330668453
11.159386913962145 11.136689044984438 11.159386913962145
11.178584228107425 11.155679387248949 11.17858422810744
11.192647804722935 11.169590951605112 11.192647804722931
11.202942313726096 11.179773980209493 11.2029423137261
11.210473497518553 11.187223497238096 11.210473497518558
11.215980777589548 11.19267099858061 11.215980777589538
11.220006815799268 11.196653305145775 11.220006815799266
11.222949358702914 11.199563869333486 11.222949358702909
11.22509966234983 11.201690795792077 11.22509966234983
11.22667085710121 11.203244905102304 11.22667085710121
11.227818825711692 11.204380388679457 11.227818825711699
11.22865753855426 11.205209979256642 11.228657538554259
11.229270300403984 11.205816076414923 11.229270300403991
11.229717989649888 11.206258896736333 11.229717989649894
11.230045089344626 11.206582439540181 11.230045089344626
11.230284099301867 11.206818851134004 11.23028409930187
11.230458762445238 11.20699161614026 11.230458762445245
11.230586423341187 11.207117890408275 11.230586423341187
11.230679751946127 11.207210206026431 11.230679751946123
11.230748003207529 11.20727771722767 11.230748003207525
11.230797937385729 11.207327110701936 11.230797937385729
11.230834492423304 11.207363270651324 11.230834492423309
11.2308612751335 11.207389764634497 11.230861275133517
11.230880920012739 11.207409198474869 11.230880920012751
11.230895351343918 11.207423475511732 11.230895351343921
11.230905974651014 11.207433985971539 11.230905974651016
11.230913816545732 11.207441745292206 11.230913816545726
11.230919626875774 11.207447495160144 11.230919626875767
11.230923953336722 11.207451777309686 11.23092395333672
11.230927195969834 11.20745498742799 11.230927195969842
11.230929646968201 11.207457414527875 11.230929646968207
11.230931519751701 11.207459269706309 11.230931519751701
11.230932970203593 11.207460707149899 11.230932970203586
11.230934112182032 11.20746183947751 11.230934112182034
11.230935028849634 11.20746274894666 11.230935028849649
11.230935780948956 11.207463495638708 11.23093578094896
11.230936412846637 11.20746412343741 11.230936412846654
11.230936956948376 11.207464664395767 11.230936956948387
11.23093743692346 11.20746514192544 11.23093743692348
11.230937870060105 11.207465573126465 11.230937870060115
11.230938268985643 11.207465970488762 11.230938268985657
11.230938642923261 11.207466343135078 11.230938642923258
11.230938998609503 11.207466697728702 11.230938998609503
11.230939340964873 11.20746703913655 11.230939340964872
11.23093967358331 11.207467370913434 11.230939673583302
11.230939999089793 11.207467695655781 11.230939999089802
11.230940319401734 11.207468015260126 11.230940319401736
11.23094063591951 11.207468331111592 11.230940635919506
11.230940949666007 11.207468644221956 11.230940949666016
11.230941261388384 11.207468955330198 11.230941261388374
11.230941571632302 11.207469264976114 11.230941571632293
11.230941880796358 11.2074695735539 11.230941880796365
11.230942189171687 11.207469881351546 11.230942189171673
11.230942496970913 11.207470188579375 11.230942496970911
11.23094280434936 11.207470495390986 11.230942804349354
11.23094311142046 11.207470801898607 11.230943111420476
11.230943418267099 11.207471108184194 11.230943418267092
11.230943724949757 11.2074714143076 11.23094372494976
11.230944031512681 11.20747172031258 11.230944031512681
11.230944337988136 11.207472026231004 11.230944337988134
11.230944644399708 11.207472332086297 11.23094464439969
11.230944950764604 11.207472637895414 11.230944950764613
11.23094525709546 11.207472943670822 11.230945257095444
11.230945563401406 11.207473249421618 11.230945563401386
11.230945869689146 11.20747355515442 11.230945869689153
11.230946175963648 11.207473860874078 11.23094617596364
11.230946482228422 11.207474166584158 11.23094648222843
11.23094678848616 11.207474472287254 11.230946788486154
11.230947094738717 11.20747477798524 11.230947094738708
11.230947400987477 11.207475083679475 11.230947400987489
11.230947707233497 11.207475389370998 11.230947707233499
11.23094801347751 11.207475695060571 11.23094801347753
11.23094831972008 11.207476000748626 11.230948319720076
11.230948625961563 11.207476306435673 11.230948625961572
11.230948932202281 11.20747661212194 11.230948932202297
11.230949238442436 11.207476917807654 11.23094923844242
11.230949544682153 11.207477223492942 11.230949544682154
11.2309498509216 11.207477529177941 11.23094985092161
11.2309501571608 11.207477834862734 11.230950157160816
11.230950463399886 11.2074781405474 11.230950463399884
11.23095076963884 11.207478446231924 11.230950769638838
11.23095107587771 11.20747875191637 11.230951075877714
11.230951382116551 11.207479057600764 11.230951382116544
11.230951688355312 11.207479363285097 11.230951688355294
11.230951994594058 11.207479668969434 11.23095199459405
11.230952300832806 11.207479974653769 11.230952300832808
11.23095260707151 11.20748028033807 11.230952607071522
11.230952913310237 11.207480586022363 11.230952913310244
11.230953219548974 11.207480891706664 11.230953219548967
11.230953525787687 11.207481197390978 11.230953525787687
11.230953832026415 11.207481503075273 11.230953832026412
11.230954138265153 11.20748180875958 11.230954138265158
11.230954444503894 11.20748211444391 11.230954444503887
11.230954750742626 11.20748242012822 11.230954750742628
11.230955056981365 11.207482725812543 11.230955056981378
11.230955363220131 11.207483031496874 11.230955363220126
11.2309556694589 11.207483337181232 11.230955669458893
11.230955975697668 11.20748364286557 11.230955975697665
11.230956281936443 11.207483948549937 11.230956281936443
11.230956588175236 11.207484254234299 11.230956588175244
11.230956894414033 11.207484559918674 11.230956894414037
11.230957200652838 11.207484865603051 11.230957200652833
11.230957506891654 11.207485171287441 11.23095750689164
11.23095781313046 11.207485476971856 11.23095781313046
11.230958119369287 11.207485782656253 11.230958119369294
11.230958425608126 11.207486088340666 11.230958425608133
11.230958731846975 11.207486394025093 11.230958731846977
11.230959038085823 11.20748669970953 11.23095903808583
11.230959344324676 11.207487005393958 11.230959344324686
11.230959650563554 11.207487311078422 11.230959650563559
11.23095995680243 11.207487616762862 11.230959956802442
11.230960263041315 11.20748792244733 11.230960263041327
11.23096056928022 11.20748822813181 11.230960569280217
11.230960875519116 11.207488533816294 11.230960875519123
11.230961181758042 11.207488839500783 11.230961181758035
11.230961487996932 11.207489145185269 11.230961487996957
11.230961794235883 11.207489450869776 11.230961794235894
11.230962100474809 11.207489756554287 11.230962100474823
11.230962406713752 11.207490062238826 11.230962406713761
11.230962712952719 11.207490367923342 11.230962712952714
11.230963019191663 11.20749067360788 11.230963019191666
11.230963325430636 11.207490979292407 11.23096332543063
11.230963631669594 11.207491284976973 11.230963631669603
11.230963937908575 11.207491590661533 11.230963937908584
11.230964244147577 11.20749189634609 11.230964244147582
11.230964550386595 11.207492202030695 11.230964550386574
11.230964856625576 11.207492507715267 11.2309648566256
11.230965162864605 11.207492813399869 11.230965162864623
11.230965469103637 11.20749311908449 11.230965469103637
11.23096577534267 11.207493424769089 11.230965775342677
11.230966081581725 11.20749373045371 11.230966081581718
11.230966387820777 11.20749403613834 11.230966387820775
11.230966694059825 11.207494341822974 11.230966694059829
11.230967000298897 11.207494647507618 11.230967000298898
11.23096730653798 11.207494953192283 11.230967306537979
11.230967612777063 11.207495258876943 11.230967612777068
11.230967919016154 11.20749556456162 11.230967919016166
11.230968225255264 11.207495870246293 11.230968225255255
11.23096853149436 11.207496175930968 11.230968531494357
11.230968837733487 11.20749648161567 11.230968837733474
11.230969143972615 11.20749678730037 11.230969143972601
11.230969450211733 11.207497092985097 11.230969450211736
11.230969756450873 11.207497398669792 11.230969756450886
11.230970062690021 11.207497704354532 11.230970062690023
11.230970368929194 11.20749801003926 11.230970368929189
11.230970675168349 11.20749831572401 11.230970675168358
11.230970981407534 11.207498621408758 11.230970981407529
11.230971287646707 11.207498927093543 11.230971287646721
11.2309715938859 11.207499232778286 11.230971593885906
11.230971900125105 11.207499538463074 11.2309719001251
11.230972206364298 11.207499844147845 11.230972206364294
11.230972512603536 11.207500149832654 11.230972512603522
11.230972818842746 11.207500455517437 11.230972818842744
11.230973125081992 11.207500761202269 11.230973125081977
11.230973431321218 11.207501066887078 11.230973431321221
11.230973737560458 11.207501372571894 11.230973737560468
11.230974043799716 11.207501678256735 11.230974043799723
11.230974350039 11.207501983941585 11.230974350038995
11.230974656278278 11.207502289626433 11.230974656278276
11.230974962517553 11.207502595311308 11.230974962517548
11.230975268756834 11.207502900996182 11.230975268756842
11.230975574996139 11.207503206681041 11.230975574996139
11.230975881235436 11.20750351236593 11.230975881235446
11.230976187474768 11.207503818050826 11.230976187474786
11.230976493714087 11.20750412373571 11.230976493714087
11.230976799953407 11.207504429420617 11.230976799953416
11.230977106192743 11.207504735105545 11.230977106192752
11.230977412432107 11.20750504079048 11.230977412432123
11.230977718671465 11.2075053464754 11.230977718671463
11.230978024910819 11.20750565216034 11.230978024910833
11.230978331150201 11.20750595784529 11.230978331150204
11.230978637389592 11.207506263530265 11.230978637389585
11.230978943628966 11.207506569215218 11.230978943628973
11.230979249868355 11.207506874900188 11.230979249868374
11.230979556107801 11.207507180585202 11.23097955610779
11.230979862347198 11.207507486270163 11.230979862347187
11.230980168586601 11.207507791955171 11.230980168586608
11.23098047482605 11.207508097640188 11.23098047482605
11.230980781065485 11.207508403325187 11.23098078106548
11.230981087304919 11.207508709010215 11.230981087304928
11.230981393544404 11.207509014695257 11.230981393544393
11.230981699783836 11.20750932038028 11.230981699783841
11.230982006023318 11.207509626065345 11.230982006023316
11.230982312262816 11.207509931750403 11.230982312262798
11.230982618502289 11.20751023743546 11.230982618502287
11.230982924741808 11.20751054312056 11.230982924741802
11.230983230981293 11.207510848805624 11.230983230981291
11.230983537220801 11.207511154490717 11.23098353722081
11.230983843460352 11.207511460175814 11.230983843460328
11.230984149699852 11.207511765860918 11.230984149699859
11.230984455939398 11.207512071546045 11.230984455939407
11.23098476217894 11.207512377231154 11.230984762178936
11.23098506841849 11.20751268291629 11.230985068418505
11.230985374658069 11.20751298860143 11.230985374658063
11.230985680897637 11.207513294286583 11.23098568089764
11.230985987137238 11.207513599971756 11.230985987137236
11.230986293376807 11.207513905656908 11.230986293376802
11.230986599616397 11.207514211342088 11.230986599616408
11.230986905856003 11.207514517027256 11.230986905856012
11.23098721209562 11.207514822712454 11.230987212095625
11.230987518335239 11.207515128397633 11.230987518335233
11.230987824574877 11.207515434082865 11.230987824574864
11.230988130814502 11.207515739768061 11.230988130814499
11.230988437054156 11.20751604545329 11.230988437054148
11.230988743293805 11.207516351138526 11.230988743293809
11.23098904953347 11.207516656823758 11.230989049533456
11.23098935577313 11.207516962509011 11.230989355773142
11.230989662012803 11.207517268194264 11.23098966201281
11.230989968252512 11.20751757387952 11.230989968252498
11.230990274492187 11.207517879564802 11.230990274492196
11.2309905807319 11.20751818525006 11.230990580731891
11.23099088697161 11.20751849093537 11.23099088697161
11.230991193211322 11.20751879662065 11.230991193211329
11.230991499451067 11.207519102305952 11.230991499451058
11.230991805690806 11.207519407991281 11.230991805690788
11.23099211193053 11.207519713676593 11.230992111930545
11.230992418170278 11.207520019361928 11.230992418170286
11.230992724410038 11.207520325047255 11.230992724410038
11.230993030649827 11.207520630732603 11.230993030649824
11.230993336889586 11.20752093641797 11.230993336889602
11.23099364312939 11.207521242103319 11.230993643129386
11.230993949369191 11.207521547788707 11.23099394936919
11.230994255608977 11.207521853474097 11.230994255608998
11.230994561848796 11.20752215915947 11.230994561848801
11.230994868088613 11.207522464844859 11.230994868088617
11.230995174328426 11.207522770530254 11.23099517432844
11.230995480568287 11.207523076215676 11.230995480568284
11.230995786808139 11.20752338190109 11.230995786808128
11.230996093047965 11.207523687586516 11.230996093047983
11.230996399287834 11.207523993271966 11.230996399287838
11.230996705527682 11.207524298957399 11.230996705527694
11.230997011767563 11.20752460464285 11.230997011767561
11.230997318007455 11.207524910328328 11.230997318007455
11.230997624247339 11.20752521601378 11.230997624247356
11.230997930487264 11.207525521699253 11.23099793048726
11.230998236727164 11.20752582738475 11.230998236727165
11.230998542967091 11.20752613307025 11.230998542967086
11.23099884920701 11.20752643875575 11.230998849207014
11.230999155446929 11.207526744441243 11.230999155446948
11.230999461686883 11.20752705012678 11.23099946168689
11.230999767926837 11.207527355812305 11.23099976792684
11.231000074166793 11.207527661497828 11.2310000741668
11.231000380406767 11.207527967183402 11.231000380406767
11.231000686646743 11.207528272868945 11.231000686646743
11.23100099288673 11.207528578554495 11.231000992886731
11.231001299126733 11.207528884240052 11.231001299126719
11.231001605366734 11.207529189925648 11.231001605366727
11.231001911606732 11.207529495611244 11.23100191160675
11.231002217846774 11.207529801296834 11.231002217846761
11.231002524086769 11.207530106982418 11.23100252408677
11.2310028303268 11.207530412668028 11.231002830326807
11.231003136566843 11.207530718353647 11.231003136566848
11.231003442806891 11.207531024039266 11.231003442806902
11.231003749046955 11.207531329724912 11.231003749046959
11.231004055287015 11.207531635410557 11.231004055287036
11.23100436152711 11.207531941096201 11.23100436152709
11.231004667767177 11.207532246781854 11.231004667767174
11.231004974007286 11.207532552467512 11.231004974007277
11.231005280247379 11.207532858153204 11.23100528024738
11.231005586487486 11.20753316383889 11.231005586487484
11.231005892727605 11.207533469524579 11.23100589272759
11.231006198967721 11.20753377521028 11.231006198967714
11.231006505207858 11.207534080895993 11.231006505207857
11.231006811448001 11.207534386581722 11.231006811448003
11.231007117688144 11.207534692267435 11.231007117688153
11.23100742392829 11.207534997953164 11.231007423928293
11.231007730168484 11.207535303638913 11.231007730168475
11.23100803640864 11.20753560932467 11.231008036408648
11.231008342648824 11.20753591501042 11.231008342648842
11.231008648889006 11.20753622069619 11.231008648889016
11.231008955129212 11.207536526381954 11.231008955129207
11.231009261369426 11.207536832067733 11.23100926136943
11.231009567609618 11.20753713775352 11.231009567609638
11.231009873849857 11.207537443439323 11.231009873849867
11.231010180090085 11.207537749125141 11.231010180090092
11.231010486330334 11.207538054810954 11.231010486330332
11.231010792570578 11.207538360496788 11.231010792570594
