0.6448566958439201 0.5722478140795738 0.5659544310220197 0.5722478140795731 0.6448566958439198
0.8272037631589926 0.7363393211547341 0.726043395056009 0.7363393211547334 0.8272037631589916
0.9868881859519701 0.885447631923369 0.872529660059499 0.885447631923368 0.9868881859519706
1.1413737800064836 1.0331446603009304 1.0186431521502106 1.033144660300929 1.141373780006481
1.2977163649680614 1.184668572613217 1.1693036093010845 1.1846685726132145 1.2977163649680603
1.4597877651428637 1.3429218836623666 1.3271737120518956 1.3429218836623653 1.4597877651428617
1.630065090791639 1.5098487487721826 1.4940282044742006 1.5098487487721788 1.630065090791637
1.8102814719351539 1.686892225293321 1.6711945863073288 1.6868922252933167 1.8102814719351494
2.001707511425997 1.8751746947133137 1.85971846396604 1.8751746947133092 2.001707511425994
2.2052810865289234 2.07557248289394 2.060426404287763 2.075572482893933 2.205281086528919
2.4216655463813423 2.288742919923661 2.2739444011735066 2.288742919923654 2.4216655463813384
2.6512713519335454 2.5151277207563596 2.5006952073386084 2.5151277207563494 2.6512713519335387
2.8942587066244916 2.7549442750006596 2.7408854536155896 2.7549442750006485 2.8942587066244845
3.1505311096370767 3.0081715089259706 2.994488664532459 3.008171508925957 3.1505311096370656
3.4197261647664465 3.2745348285477713 3.261228263029 3.2745348285477553 3.419726164766438
3.7012081203997407 3.553493605558587 3.5405637311498763 3.55349360555857 3.701208120399727
3.9940655062659562 3.844234040814256 3.8316825596558273 3.8442340408142353 3.9940655062659456
4.297116399286426 4.145669715728218 4.133500162404259 4.145669715728196 4.297116399286415
4.608923065091363 4.456451566324561 4.4446694026113285 4.456451566324534 4.6089230650913455
4.927816885255085 4.774988323158367 4.763600718419065 4.774988323158333 4.927816885255066
5.251933576806952 5.099477648977529 5.088493044966836 5.099477648977491 5.251933576806929
5.579257780048314 5.427947317756951 5.4173748553832315 5.42794731775691 5.5792577800482865
5.90767520945954 5.758304890827086 5.7481537632058 5.75830489082704 5.9076752094595095
6.235029823220039 6.088393554562849 6.078672341611813 6.088393554562796 6.23502982322001
6.559182957836744 6.416051186415128 6.406767218650634 6.416051186415073 6.5591829578367165
6.878071159970348 6.73916939024702 6.730328181708524 6.739169390246955 6.878071159970312
7.1897595538640156 7.055749231492095 7.047354013074081 7.05574923149202 7.1897595538639765
7.492487991282298 7.363950706961847 7.356002081781006 7.363950706961776 7.49248799128226
7.784707881461788 7.6621335581511945 7.654629290353218 7.6621335581511065 7.784707881461741
8.065108401052813 7.948887799901374 7.941822738242026 7.94888779990128 8.06510840105276
8.332631634867626 8.223053187267539 8.21641931569957 8.223053187267451 8.332631634867576
8.586476998412815 8.483727679211405 8.477514279283524 8.4837276792113 8.586476998412767
8.826095963102636 8.730265689497395 8.724459594103175 8.73026568949729 8.826095963102581
9.05117859380805 8.962267480188551 8.956853395275745 8.962267480188446 9.051178593807991
9.26163369636591 9.1795614199108 9.174522290075217 9.179561419910678 9.261633696365845
9.457564468241742 9.382180996083502 9.377498391192958 9.382180996083385 9.45756446824168
9.639241477929794 9.570338460098023 9.56599296274873 9.570338460097906 9.639241477929742
9.807074609103095 9.744396834942872 9.74036841211537 9.744396834942755 9.807074609103037
9.961585338777278 9.904841770635064 9.901110116888932 9.904841770634928 9.961585338777216
10.103380416510257 10.052254437786981 10.048799281292197 10.052254437786845 10.103380416510188
10.233127708226181 10.187286341388571 10.18408770772325 10.187286341388447 10.233127708226098
10.351534688591522 10.3106366441833 10.307675075934004 10.310636644183154 10.351534688591444
10.459329825551345 10.423032331015845 10.420289063701114 10.423032331015689 10.459329825551258
10.557246907005023 10.525211332558671 10.52266842924415 10.525211332558515 10.557246907004942
10.646012213639226 10.61790856205625 10.615549010285704 10.617908562056094 10.646012213639134
10.726334340208211 10.701844700157777 10.699652475567548 10.701844700157622 10.726334340208137
10.798896404039775 10.777717485278032 10.77567758658909 10.777717485277874 10.798896404039697
10.864350347077531 10.846195223311243 10.844293683401302 10.846195223311085 10.864350347077458
10.923313029101488 10.907912213563836 10.906136091104003 10.907912213563682 10.923313029101395
10.976363818229867 10.9634657904852 10.961803146258308 10.963465790485046 10.976363818229762
11.024043404692796 11.013414697026917 11.01185455859347 11.013414697026763 11.024043404692712
11.06685359056353 11.058278530189634 11.056810848080087 11.058278530189455 11.066853590563445
11.105257838095334 11.09853802855824 11.097153626683346 11.098538028558064 11.105257838095252
11.139682389965474 11.134636002439262 11.133326524947366 11.134636002439088 11.13968238996539
11.170517804307012 11.166978737534205 11.165736593920817 11.166978737534048 11.17051780430692
11.198120774802224 11.195937731561592 11.194756041459652 11.19593773156141 11.198120774802112
11.222816130699579 11.221851649083346 11.220724187836813 11.221851649083192 11.222816130699506
11.244898933142165 11.245028402619736 11.243949548464705 11.245028402619564 11.244898933142059
11.264636602648002 11.265747287852687 11.26471197130047 11.265747287852516 11.264636602647933
11.282271028121174 11.284261117430674 11.283264773256949 11.284261117430505 11.28227102812109
11.29802062063533 11.300798311808412 11.299836833901672 11.300798311808213 11.298020620635219
11.312082285725662 11.315564916975529 11.31463461617731 11.315564916975351 11.312082285725575
11.32463329635291 11.328746528154202 11.327844093130699 11.328746528154019 11.324633296352802
11.335833055370388 11.340510105886137 11.339632567001356 11.340510105885976 11.335833055370275
11.345824741516804 11.351005676682037 11.350150372789615 11.351005676681865 11.345824741516704
11.354736836923443 11.360367914832358 11.359532462867879 11.360367914832176 11.354736836923347
11.362684537092761 11.368717605320292 11.367899872550025 11.368717605320125 11.362684537092672
11.369771046466743 11.376162990236553 11.375361069004239 11.376162990236377 11.36977104646665
11.376088764222047 11.38280100285096 11.382013187655758 11.382801002850785 11.376088764221958
11.381720365941577 11.388718394691669 11.387943161428131 11.388718394691494 11.381720365941469
11.386739787432008 11.393992761744052 11.393228748936865 11.393992761743878 11.386739787431916
11.391213117275267 11.398693476306207 11.397939468176842 11.398693476306022 11.391213117275191
11.395199404794258 11.40288253120931 11.402137442419164 11.40288253120914 11.395199404794175
11.398751390039116 11.406615303093684 11.405878165015235 11.406615303093515 11.398751390039019
11.401916162206216 11.409941241276234 11.409211189654563 11.40994124127605 11.401916162206104
11.404735752626047 11.412904488495725 11.412180752370473 11.412904488495547 11.404735752625948
11.407247668126312 11.415544439506954 11.41482633127534 11.415544439506768 11.407247668126221
11.409485370214616 11.417896243141271 11.417183149651958 11.417896243141097 11.409485370214528
11.411478705149113 11.419991253076637 11.419282627652876 11.41999125307646 11.411478705149023
11.413254289585637 11.421857432177344 11.421152787477668 11.421857432177173 11.41325428958555
11.414835856117204 11.423519714886584 11.422818616518096 11.4235197148864 11.4148358561171
11.416244562660491 11.425000331785466 11.424302392593647 11.4250003317853 11.416244562660413
11.417499269301501 11.426319100080491 11.425623975045989 11.426319100080322 11.417499269301398
11.418616785886279 11.42749368344699 11.426801065126824 11.427493683446812 11.41861678588617
11.419612093341852 11.428539824343437 11.427849438799836 11.428539824343261 11.419612093341772
11.420498541428891 11.429471551619567 11.428783154785513 11.429471551619393 11.420498541428833
11.421288025368353 11.430301365971735 11.429614740407242 11.430301365971543 11.42128802536827
11.421991143546071 11.431040405550494 11.430355357548425 11.431040405550318 11.421991143545975
11.42261733827966 11.431698593798332 11.43101495080248 11.431698593798155 11.422617338279569
11.423175021433636 11.432284771387037 11.431602379689384 11.432284771386852 11.423175021433545
11.423671686486642 11.43280681393583 11.432125536623213 11.43280681393567 11.423671686486546
11.42411400849128 11.433271737019693 11.432591452142875 11.433271737019519 11.42411400849117
11.424507933217688 11.433685789821299 11.433006388762943 11.433685789821105 11.424507933217605
11.424858756638141 11.434054538640776 11.433375924660613 11.434054538640593 11.424858756638036
11.425171195788424 11.434382941349746 11.433705028287989 11.434382941349583 11.42517119578832
11.425449451933739 11.434675413762626 11.433998124884436 11.434675413762431 11.425449451933643
11.425697266867767 11.434935888795243 11.43425915576115 11.434935888795074 11.425697266867672
11.425917973086385 11.435167869189252 11.434491631137632 11.435167869189057 11.425917973086273
11.426114538498377 11.435374474497017 11.434698677226804 11.435374474496825 11.426114538498295
11.426289606264575 11.435558482948686 11.434883078191021 11.435558482948512 11.426289606264472
11.426445530293533 11.43572236875576 11.435047313525269 11.435722368755574 11.426445530293428
11.426584406865533 11.435868335346251 11.43519359136323 11.435868335346072 11.426584406865453
11.426708102805367 11.435998344973676 11.435323878149202 11.43599834497349 11.426708102805273
11.426818280578946 11.436114145093656 11.43543992507109 11.436114145093466 11.426818280578873
11.426916420649452 11.436217291860318 11.435543291606901 11.436217291860144 11.42691642064935
11.427003841390333 11.436309171055774 11.435635366498792 11.436309171055589 11.42700384139026
11.427081716822666 11.436391016732438 11.43571738643529 11.43639101673225 11.427081716822574
11.427151092412963 11.436463927817789 11.435790452691416 11.43646392781761 11.427151092412863
11.427212899143939 11.436528882903595 11.435855545949476 11.436528882903419 11.427212899143841
11.42726796604645 11.43658675341784 11.435913539499094 11.436586753417668 11.427267966046335
11.427317031360278 11.436638315355898 11.435965210993437 11.436638315355728 11.427317031360198
11.427360752474437 11.436684259728404 11.4360112529195 11.43668425972823 11.42736075247433
11.427399714779053 11.43672520186591 11.436052281922475 11.436725201865745 11.427399714778973
11.427434439549446 11.436761689705483 11.43608884711004 11.436761689705303 11.42743443954937
11.427465390966493 11.43679421117016 11.436121437447758 11.436794211169994 11.427465390966377
11.427492982368957 11.436823200740946 11.436150488344937 11.436823200740763 11.427492982368875
11.427517581821585 11.43684904530919 11.436176387519533 11.436849045309014 11.427517581821487
11.427539517073072 11.436872089388444 11.436199480221237 11.436872089388265 11.427539517072958
11.427559079971523 11.436892639755607 11.436220073882385 11.436892639755442 11.427559079971441
11.42757653039669 11.436910969583943 11.436238442259935 11.436910969583753 11.427576530396594
11.427592099761057 11.436927322123505 11.436254829123701 11.436927322123315 11.427592099760947
11.427605994127916 11.436941913978616 11.43626945154087 11.436941913978467 11.427605994127825
11.42761839698815 11.43695493802651 11.436282502800694 11.436954938026352 11.427618396988022
11.427629471732237 11.436966566016011 11.436294155019063 11.436966566015828 11.427629471732125
11.427639363852384 11.436976950881974 11.436304561457579 11.436976950881782 11.427639363852297
11.427648202902859 11.436986228806106 11.436313858588953 11.436986228805923 11.427648202902779
11.427656104245854 11.436994521052046 11.436322167935964 11.436994521051886 11.42765610424576
11.427663170606035 11.437001935599582 11.436329597709058 11.437001935599412 11.42766317060597
11.427669493455015 11.437008568599579 11.436336244264595 11.437008568599415 11.427669493454921
11.427675154243834 11.437014505669955 11.436342193403451 11.437014505669781 11.427675154243747
11.42768022550087 11.437019823049374 11.436347521527171 11.437019823049193 11.427680225500778
11.427684771809139 11.437024588624718 11.436352296667726 11.437024588624551 11.427684771809044
11.427688850676681 11.437028862846025 11.436356579404297 11.437028862845848 11.427688850676562
11.42769251331157 11.437032699541035 11.436360423679666 11.437032699540865 11.427692513311483
11.427695805312178 11.437036146640827 11.43636387752731 11.437036146640658 11.42769580531209
11.427698767281617 11.437039246825611 11.436366983718624 11.437039246825426 11.427698767281491
11.427701435374779 11.437042038100028 11.43636978033951 11.437042038099838 11.427701435374697
11.427703841786059 11.43704455430531 11.436372301303498 11.437044554305125 11.427703841785974
11.427706015182777 11.437046825575425 11.436374576808914 11.437046825575239 11.427706015182691
11.427707981091833 11.437048878743148 11.436376633745885 11.43704887874297 11.427707981091757
11.427709762243639 11.437050737701748 11.436378496058746 11.43705073770156 11.427709762243545
11.427711378878447 11.437052423726938 11.436380185068652 11.437052423726753 11.427711378878355
11.427712849019274 11.437053955763709 11.43638171976112 11.437053955763536 11.427712849019155
11.427714188714546 11.437055350681616 11.436383117041695 11.43705535068143 11.427714188714452
11.427715412254809 11.437056623502151 11.436384391964019 11.437056623501958 11.427715412254699
11.427716532364835 11.437057787601164 11.43638555793249 11.437057787600988 11.427716532364757
11.427717560375601 11.437058854889209 11.436386626883145 11.437058854889042 11.427717560375523
11.427718506376593 11.437059835972036 11.436387609444335 11.437059835971844 11.427718506376523
11.427719379352112 11.43706074029347 11.43638851508013 11.437060740293298 11.427719379352027
11.427720187302162 11.437061576262822 11.436389352217773 11.437061576262646 11.42772018730204
11.427720937350285 11.437062351368132 11.43639012836133 11.43706235136795 11.427720937350188
11.427721635839774 11.4370630722771 11.436390850192744 11.43706307227692 11.427721635839665
11.427722288418892 11.437063744926999 11.436391523661934 11.437063744926812 11.427722288418787
11.427722900117178 11.437064374604667 11.436392154067113 11.437064374604487 11.427722900117072
11.427723475413174 11.437064966017756 11.436392746125911 11.437064966017575 11.427723475413083
11.427724018294807 11.437065523358187 11.43639330403927 11.43706552335802 11.427724018294699
11.427724532313064 11.43706605035867 11.436393831547841 11.437066050358492 11.427724532312965
11.427725020629973 11.437066550342951 11.436394331982466 11.437066550342792 11.427725020629882
11.427725486061165 11.437067026270732 11.436394808309208 11.437067026270558 11.427725486061085
11.427725931113836 11.43706748077739 11.436395263169015 11.437067480777223 11.427725931113722
11.42772635802038 11.437067916209662 11.436395698913712 11.437067916209484 11.427726358020287
11.427726768768771 11.437068334657146 11.436396117637319 11.437068334656967 11.427726768768677
11.427727165129166 11.437068737980544 11.436396521204527 11.43706873798037 11.427727165129097
11.427727548677812 11.437069127836725 11.436396911275747 11.437069127836562 11.427727548677712
11.427727920818153 11.437069505701063 11.436397289329456 11.437069505700878 11.427727920818086
11.427728282800114 11.437069872887223 11.43639765668222 11.437069872887067 11.427728282800013
11.42772863573646 11.437070230565089 11.436398014506334 11.43707023056491 11.42772863573635
11.427728980618195 11.437070579776233 11.43639836384566 11.437070579776059 11.42772898061808
11.427729318327648 11.437070921448239 11.436398705629733 11.437070921448058 11.427729318327572
11.427729649650642 11.437071256406997 11.43639904068621 11.437071256406817 11.427729649650558
11.427729975286779 11.437071585387972 11.436399369752136 11.437071585387802 11.427729975286686
11.427730295859048 11.437071909046049 11.43639969348379 11.437071909045873 11.427730295858954
11.427730611922236 11.437072227964345 11.436400012465516 11.437072227964164 11.427730611922142
11.427730923970302 11.437072542662108 11.436400327217696 11.437072542661925 11.427730923970188
11.427731232443055 11.437072853601691 11.436400638203684 11.43707285360152 11.427731232442973
11.427731537732303 11.437073161194846 11.436400945836054 11.437073161194652 11.427731537732196
11.427731840186667 11.437073465808124 11.43640125048223 11.437073465807947 11.427731840186567
11.427732140116792 11.437073767768016 11.436401552469327 11.437073767767838 11.427732140116696
11.4277324377992 11.437074067365188 11.436401852088679 11.437074067365003 11.427732437799108
11.427732733480111 11.437074364858477 11.43640214959962 11.437074364858324 11.427732733480024
11.427733027378826 11.437074660478393 11.4364024452332 11.43707466047822 11.42773302737873
11.427733319690535 11.43707495443013 11.436402739195039 11.437074954429953 11.427733319690446
11.427733610589156 11.43707524689648 11.436403031668293 11.437075246896296 11.42773361058906
11.427733900229462 11.437075538040121 11.436403322816021 11.437075538039947 11.42773390022935
11.427734188749298 11.437075828005995 11.436403612783494 11.437075828005833 11.427734188749195
11.427734476271416 11.437076116923121 11.43640390169995 11.437076116922947 11.427734476271336
11.427734762905123 11.437076404906382 11.436404189680546 11.437076404906206 11.427734762905045
11.427735048747792 11.437076692058094 11.43640447682782 11.437076692057905 11.427735048747685
11.427735333886 11.437076978469355 11.436404763233043 11.437076978469173 11.427735333885911
11.427735618396985 11.437077264221251 11.436405048977521 11.437077264221077 11.427735618396873
11.427735902349413 11.437077549386068 11.436405334133674 11.43707754938589 11.427735902349317
11.427736185804525 11.43707783402809 11.436405618765892 11.437077834027914 11.42773618580443
11.427736468816768 11.437078118204589 11.436405902931593 11.437078118204422 11.427736468816663
11.427736751434667 11.437078401966593 11.436406186681923 11.437078401966419 11.427736751434573
11.427737033701426 11.437078685359513 11.43640647006235 11.437078685359332 11.427737033701339
11.427737315655525 11.43707896842373 11.43640675311341 11.43707896842356 11.42773731565544
11.427737597331218 11.437079251195277 11.436407035871182 11.43707925119512 11.427737597331104
11.427737878758968 11.437079533706246 11.436407318367797 11.437079533706084 11.427737878758872
11.427738159965969 11.437079815985197 11.43640760063187 11.437079815985006 11.427738159965884
11.427738440976407 11.437080098057477 11.436407882688867 11.437080098057297 11.427738440976317
11.427738721811819 11.437080379945783 11.436408164561497 11.437080379945606 11.427738721811721
11.427739002491357 11.437080661670256 11.43640844626993 11.437080661670079 11.427739002491275
11.427739283032128 11.437080943248828 11.436408727832173 11.437080943248665 11.42773928303203
11.42773956344929 11.437081224697511 11.436409009264224 11.437081224697335 11.427739563449197
11.427739843756441 11.437081506030527 11.43640929058038 11.437081506030351 11.427739843756344
11.427740123965592 11.437081787260558 11.436409571793297 11.437081787260382 11.427740123965497
11.42774040408747 11.43708206839885 11.436409852914302 11.43708206839867 11.4277404040874
11.427740684131727 11.437082349455489 11.436410133953496 11.437082349455302 11.427740684131612
11.427740964106755 11.437082630439406 11.436410414919795 11.437082630439232 11.42774096410664
11.42774124402017 11.437082911358573 11.436410695821198 11.437082911358385 11.427741244020085
11.427741523878776 11.437083192220062 11.43641097666482 11.437083192219914 11.427741523878662
11.427741803688532 11.43708347303026 11.436411257457014 11.437083473030086 11.427741803688418
11.42774208345478 11.437083753794727 11.436411538203386 11.437083753794536 11.42774208345468
11.427742363182297 11.437084034518458 11.436411818908976 11.437084034518293 11.427742363182213
11.427742642875366 11.43708431520596 11.436412099578234 11.437084315205794 11.427742642875264
11.427742922537682 11.437084595861219 11.436412380215144 11.43708459586104 11.427742922537604
11.427743202172719 11.43708487648771 11.43641266082326 11.437084876487527 11.42774320217262
11.427743481783361 11.437085157088614 11.43641294140572 11.437085157088436 11.42774348178329
11.427743761372376 11.437085437666724 11.436413221965378 11.437085437666559 11.427743761372275
11.427744040942066 11.437085718224562 11.436413502504665 11.43708571822439 11.427744040941967
11.427744320494577 11.437085998764339 11.436413783025888 11.437085998764157 11.427744320494474
11.427744600031756 11.437086279288014 11.436414063530961 11.43708627928783 11.42774460003166
11.427744879555362 11.437086559797377 11.436414344021697 11.437086559797201 11.427744879555256
11.427745159066786 11.43708684029401 11.436414624499655 11.437086840293828 11.427745159066701
11.427745438567456 11.43708712077925 11.43641490496621 11.437087120779081 11.427745438567355
11.42774571805847 11.437087401254413 11.43641518542267 11.437087401254223 11.42774571805839
11.427745997540974 11.437087681720541 11.436415465870096 11.437087681720362 11.42774599754086
11.427746277015798 11.437087962178676 11.436415746309489 11.437087962178502 11.4277462770157
11.427746556483847 11.437088242629674 11.436416026741721 11.437088242629489 11.42774655648374
11.427746835945849 11.437088523074307 11.43641630716759 11.437088523074141 11.427746835945753
11.427747115402472 11.437088803513301 11.436416587587791 11.437088803513117 11.42774711540238
11.4277473948543 11.437089083947239 11.436416868002933 11.43708908394705 11.427747394854222
11.427747674301886 11.437089364376714 11.436417148413598 11.437089364376531 11.427747674301793
11.427747953745662 11.43708964480218 11.436417428820272 11.437089644802006 11.427747953745573
11.427748233186046 11.437089925224106 11.436417709223376 11.437089925223924 11.427748233185973
11.42774851262347 11.437090205642871 11.436417989623312 11.437090205642681 11.427748512623356
11.42774879205816 11.437090486058798 11.43641827002041 11.437090486058626 11.427748792058072
11.427749071490473 11.437090766472227 11.43641855041501 11.437090766472064 11.42774907149039
11.42774935092068 11.437091046883449 11.436418830807373 11.437091046883253 11.427749350920585
11.427749630348991 11.437091327292666 11.436419111197752 11.437091327292478 11.427749630348893
11.42774990977563 11.43709160770011 11.436419391586329 11.437091607699925 11.42774990977553
11.42775018920079 11.437091888105963 11.436419671973347 11.437091888105789 11.427750189200657
11.42775046862454 11.437092168510436 11.436419952358962 11.437092168510258 11.427750468624454
11.42775074804714 11.437092448913663 11.436420232743336 11.437092448913475 11.42775074804707
11.427751027468725 11.437092729315781 11.436420513126615 11.437092729315602 11.427751027468638
11.427751306889355 11.437093009716909 11.43642079350886 11.437093009716724 11.427751306889244
11.427751586309137 11.437093290117161 11.436421073890257 11.437093290116982 11.427751586309032
11.427751865728178 11.437093570516641 11.436421354270859 11.437093570516462 11.427751865728073
11.427752145146531 11.437093850915407 11.436421634650774 11.437093850915236 11.427752145146467
11.427752424564357 11.437094131313577 11.436421915030056 11.437094131313394 11.427752424564265
11.427752703981646 11.437094411711165 11.436422195408781 11.437094411710985 11.427752703981533
11.427752983398427 11.437094692108293 11.436422475787033 11.437094692108111 11.427752983398332
11.427753262814829 11.43709497250496 11.436422756164854 11.437094972504791 11.42775326281473
11.427753542230873 11.437095252901267 11.436423036542285 11.437095252901095 11.427753542230764
11.427753821646576 11.43709553329722 11.436423316919367 11.437095533297063 11.427753821646466
11.427754101061982 11.437095813692897 11.436423597296157 11.437095813692705 11.427754101061884
11.427754380477122 11.437096094088277 11.43642387767265 11.437096094088098 11.427754380477037
11.427754659892093 11.43709637448341 11.436424158048933 11.437096374483229 11.42775465989197
11.427754939306807 11.437096654878344 11.436424438424982 11.437096654878172 11.427754939306691
11.427755218721325 11.437096935273082 11.43642471880085 11.437096935272905 11.427755218721254
11.427755498135742 11.437097215667665 11.436424999176536 11.437097215667478 11.427755498135635
11.42775577754998 11.437097496062067 11.436425279552076 11.437097496061897 11.427755777549885
11.427756056964087 11.437097776456367 11.436425559927486 11.43709777645619 11.427756056964
11.427756336378085 11.437098056850546 11.436425840302785 11.437098056850362 11.42775633637801
11.42775661579202 11.437098337244631 11.436426120677998 11.437098337244452 11.427756615791925
11.42775689520587 11.437098617638608 11.436426401053083 11.437098617638418 11.427756895205738
11.427757174619583 11.437098898032497 11.43642668142811 11.437098898032325 11.427757174619504
11.427757454033275 11.437099178426324 11.436426961803063 11.437099178426152 11.427757454033191
11.427757733446906 11.437099458820102 11.436427242177956 11.437099458819919 11.427757733446818
11.4277580128605 11.437099739213823 11.436427522552808 11.437099739213634 11.427758012860398
11.427758292273994 11.437100019607483 11.436427802927561 11.437100019607293 11.427758292273905
11.427758571687509 11.437100300001099 11.436428083302316 11.437100300000925 11.427758571687397
11.427758851100952 11.437100580394691 11.43642836367703 11.437100580394498 11.427758851100851
11.427759130514389 11.43710086078824 11.43642864405171 11.437100860788059 11.427759130514282
11.427759409927768 11.437101141181772 11.436428924426348 11.43710114118159 11.427759409927667
11.427759689341135 11.437101421575266 11.436429204800971 11.437101421575088 11.427759689341048
11.42775996875449 11.437101701968741 11.436429485175578 11.437101701968574 11.427759968754396
11.427760248167843 11.437101982362226 11.43642976555017 11.437101982362039 11.427760248167752
11.427760527581182 11.437102262755674 11.436430045924748 11.437102262755491 11.427760527581077
11.427760806994478 11.437102543149113 11.436430326299302 11.437102543148937 11.427760806994385
11.427761086407784 11.43710282354253 11.43643060667385 11.43710282354236 11.427761086407683
11.427761365821059 11.437103103935945 11.436430887048395 11.437103103935792 11.427761365821002
11.42776164523441 11.437103384329392 11.436431167422944 11.437103384329207 11.427761645234295
11.427761924647678 11.43710366472277 11.436431447797466 11.437103664722615 11.427761924647575
11.427762204060967 11.437103945116187 11.436431728171996 11.437103945116018 11.427762204060867
11.427762483474254 11.437104225509593 11.436432008546511 11.437104225509414 11.427762483474142
11.427762762887525 11.437104505902994 11.43643228892103 11.437104505902827 11.42776276288743
11.427763042300791 11.437104786296405 11.43643256929556 11.43710478629623 11.427763042300715
11.427763321714071 11.437105066689792 11.436432849670075 11.437105066689618 11.42776332171398
11.427763601127337 11.437105347083193 11.43643313004459 11.43710534708301 11.427763601127264
11.42776388054064 11.437105627476596 11.436433410419122 11.437105627476422 11.427763880540542
11.427764159953933 11.43710590787002 11.436433690793649 11.437105907869832 11.42776415995384
11.427764439367214 11.437106188263412 11.436433971168167 11.437106188263225 11.427764439367133
11.427764718780512 11.4371064686568 11.436434251542675 11.437106468656635 11.42776471878041
11.427764998193823 11.437106749050226 11.436434531917216 11.43710674905005 11.427764998193698
11.427765277607106 11.437107029443645 11.436434812291763 11.43710702944347 11.427765277606998
11.427765557020395 11.437107309837042 11.436435092666287 11.437107309836872 11.427765557020297
11.427765836433712 11.437107590230477 11.43643537304084 11.437107590230301 11.4277658364336
11.427766115847016 11.437107870623915 11.436435653415382 11.437107870623736 11.42776611584692
11.427766395260324 11.437108151017348 11.436435933789946 11.43710815101717 11.427766395260234
