0.6132340781734132 0.5573695466278475 0.5471031842966737 0.5471031842966745 0.5573695466278512 0.6132340781734157
0.773607109008918 0.7047108429362587 0.6856506825970597 0.6856506825970611 0.7047108429362637 0.7736071090089199
0.9086904719390253 0.8324082642041283 0.8056416996427825 0.8056416996427839 0.8324082642041335 0.9086904719390273
1.0344628774608713 0.9537498104082122 0.9205871548833457 0.9205871548833475 0.9537498104082185 1.0344628774608735
1.1571420695396963 1.073757625188528 1.0354066475296024 1.0354066475296035 1.0737576251885343 1.1571420695396972
1.2800796592412131 1.1951188769097032 1.152588754899562 1.152588754899563 1.1951188769097094 1.2800796592412131
1.4054108621421526 1.3195617083816125 1.273656071296564 1.2736560712965648 1.3195617083816176 1.4054108621421517
1.5346386775773198 1.448327120283515 1.3996688091758285 1.3996688091758283 1.4483271202835197 1.5346386775773204
1.668890102411411 1.5823694922441136 1.5314335155060166 1.531433515506015 1.582369492244117 1.6688901024114098
1.8090443869776789 1.722453775500657 1.66959916451039 1.6695991645103894 1.7224537755006604 1.8090443869776767
1.9558025314100909 1.8692062446870719 1.81470363723136 1.814703637231359 1.8692062446870754 1.955802531410087
2.1097263428586683 2.0231416127352433 1.9671959730566395 1.9671959730566368 2.0231416127352455 2.109726342858662
2.271260251015875 2.1846769409346094 2.127445825591948 2.127445825591944 2.1846769409346094 2.271260251015872
2.440742735880562 2.3541376819544886 2.295745762830402 2.295745762830398 2.3541376819544895 2.4407427358805567
2.6184112848367125 2.531758879194412 2.472309443386061 2.472309443386057 2.5317588791944097 2.6184112848367045
2.8044033243731117 2.7176834101263028 2.6572674556627054 2.6572674556626974 2.717683410126299 2.8044033243731
2.998754785128629 2.9119585694044905 2.8506619876792345 2.8506619876792247 2.911958569404487 2.998754785128615
3.2013975140255098 3.114531962685099 3.0524411773439954 3.0524411773439857 3.114531962685095 3.2013975140254916
3.4121564795564865 3.325247492586599 3.262453822731509 3.2624538227314965 3.32524749258659 3.412156479556468
3.6307475404982075 3.5438420958680608 3.480445031656495 3.4804450316564846 3.54384209586805 3.630747540498188
3.856776416944744 3.769943797675499 3.706053317678918 3.7060533176789043 3.769943797675489 3.8567764169447227
4.089739387842553 4.003071562270818 3.9388095819289934 3.9388095819289735 4.003071562270803 4.089739387842532
4.329026124903308 4.24263732687422 4.178138343347469 4.178138343347451 4.242637326874202 4.32902612490328
4.573924950213457 4.487950499216347 4.423361487186126 4.423361487186105 4.487950499216328 4.573924950213418
4.823630671043129 4.738225078028368 4.673704690861143 4.673704690861118 4.738225078028348 4.823630671043094
5.077255001791287 4.992589420937173 4.92830655943157 4.9283065594315465 4.9925894209371515 5.077255001791247
5.333839434809693 5.250098541381752 5.186230365354101 5.186230365354072 5.250098541381725 5.3338394348096525
5.592370276805253 5.509748673119616 5.446478146629509 5.446478146629474 5.509748673119584 5.592370276805216
5.851795434957914 5.770493707163713 5.708006783607078 5.708006783607036 5.7704937071636735 5.851795434957859
6.111042426440245 6.031262991552934 5.969745557753215 5.9697455577531695 6.031262991552898 6.111042426440184
6.369037005323976 6.290979898392206 6.230614605202606 6.230614605202561 6.290979898392166 6.3690370053239125
6.624721758370909 6.548580512291513 6.489543621650511 6.4895436216504585 6.548580512291471 6.624721758370847
6.877074019311407 6.80303178392205 6.745490158034142 6.745490158034089 6.803031783921998 6.877074019311327
7.125122489700773 7.053348522586771 6.997456869922941 6.997456869922888 7.0533485225867185 7.125122489700688
7.36796202949648 7.298608669486915 7.244507145310893 7.244507145310834 7.298608669486852 7.367962029496401
7.604766185146038 7.537966392478477 7.485778629894763 7.485778629894697 7.537966392478416 7.60476618514596
7.834797147955245 7.770662664735464 7.720494287523166 7.720494287523093 7.770662664735403 7.834797147955147
8.057412970363478 7.9960331235989175 7.947970766237771 7.947970766237701 7.996033123598845 8.057412970363366
8.272072002015152 8.213513141432948 8.167623976613246 8.167623976613173 8.21351314143288 8.272072002015053
8.47833463177311 8.422640167801006 8.378971918982522 8.378971918982439 8.422640167800928 8.478334631772999
8.675862528542906 8.623053513707845 8.581634911232545 8.581634911232454 8.623053513707761 8.675862528542782
8.864415657836751 8.814491838327077 8.775333463018997 8.775333463018912 8.814491838327001 8.864415657836636
9.043847409818301 8.996788663391603 8.95988411185092 8.959884111850826 8.996788663391516 9.043847409818184
9.214098207952281 9.169866279565166 9.135193580403513 9.135193580403412 9.169866279565058 9.214098207952164
9.375187977159142 9.333728424050271 9.30125163368921 9.301251633689109 9.333728424050182 9.375187977159001
9.527207839840132 9.488452102433763 9.458123012117984 9.458123012117882 9.488452102433666 9.527207839839976
9.670311381488366 9.634178904371415 9.605938795908303 9.60593879590819 9.634178904371316 9.670311381488219
9.804705789371853 9.771106126676122 9.744887522237489 9.744887522237368 9.771106126676017 9.804705789371699
9.930643122397544 9.899477973191475 9.875206333476068 9.875206333475958 9.899477973191365 9.930643122397388
10.048411921714601 10.01957705261366 9.997172387040962 9.997172387040843 10.019577052613553 10.048411921714447
10.158329323202679 10.131716346648691 10.111094708440389 10.111094708440259 10.131716346648581 10.158329323202517
10.260733787264597 10.236231774288216 10.217306621846108 10.217306621845983 10.236231774288086 10.26073378726445
10.355978520083388 10.33347543551228 10.316158849115993 10.316158849115864 10.333475435512165 10.355978520083244
10.444425624788108 10.423809580613487 10.408013329964616 10.408013329964477 10.423809580613373 10.444425624787927
10.52644099128372 10.507601320192059 10.493237783659836 10.493237783659707 10.507601320191949 10.52644099128356
10.602389909847444 10.585218065805698 10.57220100639975 10.57220100639962 10.585218065805574 10.602389909847242
10.672633375640896 10.657023672002401 10.645268878191848 10.64526887819171 10.657023672002262 10.672633375640725
10.737525038480511 10.72337523650343 10.712801038135645 10.712801038135503 10.723375236503301 10.737525038480323
10.797408743848148 10.784620505968508 10.775148176852754 10.77514817685262 10.784620505968379 10.797408743847969
10.85261660648612 10.841095829332348 10.83264988868848 10.832649888688348 10.841095829332234 10.852616606485947
10.90346755626551 10.893124598418927 10.885633023487452 10.885633023487301 10.8931245984188 10.903467556265301
10.950266296674851 10.941016115720174 10.93441047751763 10.934410477517481 10.941016115720027 10.950266296674682
10.993302618640481 10.98506483124999 10.979280364844243 10.979280364844097 10.985064831249867 10.993302618640266
11.032851015939128 11.025549893709169 11.02052551358042 11.020525513580296 11.02554989370903 11.032851015938949
11.069170552775565 11.06273496537339 11.058413235497344 11.058413235497195 11.062734965373243 11.069170552775372
11.102504938816034 11.096868254779867 11.09319532208085 11.09319532208071 11.096868254779713 11.102504938815832
11.133082771838337 11.128182726150952 11.125108224976275 11.125108224976128 11.12818272615084 11.133082771838154
11.161117912968281 11.156896449343078 11.154373383636585 11.154373383636443 11.156896449342948 11.16111791296809
11.186809964085745 11.183213058787965 11.181197667720157 11.181197667720017 11.183213058787823 11.186809964085533
11.210344821303055 11.207322294297148 11.205773906252718 11.205773906252569 11.20732229429699 11.210344821302835
11.231895282383386 11.22940060065987 11.228281479705156 11.228281479704993 11.229400600659726 11.231895282383189
11.251621689551019 11.24961176664791 11.248886954899948 11.248886954899794 11.249611766647787 11.251621689550786
11.269672592337828 11.268107587330304 11.267744746030468 11.267744746030315 11.268107587330157 11.26967259233764
11.286185417922525 11.285028536506953 11.284997788058893 11.284997788058739 11.285028536506784 11.286185417922326
11.30128713886321 11.300504438604262 11.300778211366689 11.30077821136653 11.30050443860411 11.301287138863017
11.315094930233913 11.314655131564821 11.31520800878724 11.315208008787087 11.314655131564665 11.315094930233704
11.327716809972218 11.327591114134325 11.328399688083241 11.328399688083095 11.327591114134167 11.327716809972
11.33925225776514 11.339414172535225 11.3404569045708 11.340456904570642 11.33941417253508 11.339252257764917
11.349792809072481 11.350217982844839 11.351475069970533 11.351475069970384 11.350217982844686 11.349792809072282
11.359422621941238 11.360088686501731 11.361541934713468 11.361541934713317 11.360088686501594 11.359422621940995
11.368219015129302 11.369105437272829 11.370738141874204 11.370738141874057 11.369105437272694 11.368219015129107
11.376252976760655 11.37734091875265 11.379137751675751 11.379137751675596 11.377340918752502 11.376252976760448
11.383589643293687 11.384861832061274 11.386808736130696 11.386808736130535 11.384861832061132 11.38358964329349
11.39028874903216 11.391729353878254 11.393813443877645 11.393813443877498 11.391729353878105 11.390288749031983
11.396405046750386 11.397999565316809 11.400209035657754 11.400209035657594 11.397999565316649 11.396405046750175
11.401988700266696 11.403723852422827 11.406047891171582 11.406047891171417 11.403723852422699 11.40198870026649
11.407085649992656 11.408949279291352 11.411377988278138 11.411377988277984 11.40894927929119 11.407085649992437
11.41173795261959 11.413718934940723 11.416243255656237 11.416243255656092 11.41371893494057 11.411737952619399
11.415984096195967 11.418072255185937 11.420683900157018 11.420683900156876 11.418072255185791 11.415984096195768
11.419859291899616 11.422045320811465 11.424736710143764 11.424736710143604 11.42204532081131 11.419859291899405
11.423395743833547 11.425671133374212 11.428435336149471 11.42843533614933 11.425671133374092 11.423395743833353
11.42662289817193 11.4289798699711 11.431810550191557 11.431810550191399 11.428979869970954 11.426622898171692
11.429567672964614 11.431999118290028 11.434890485070074 11.434890485069912 11.431999118289879 11.429567672964387
11.432254669876514 11.434754093234371 11.437700854949641 11.43770085494948 11.43475409323421 11.432254669876306
11.43470636909401 11.437267836368536 11.440265158484724 11.440265158484552 11.437267836368385 11.434706369093812
11.436943308581561 11.439561399384703 11.442604865700897 11.442604865700732 11.439561399384553 11.436943308581345
11.438984248815798 11.441654012735171 11.444739589790812 11.444739589790672 11.441654012735022 11.438984248815576
11.440846324066708 11.443563240517902 11.446687244925872 11.446687244925716 11.443563240517774 11.440846324066507
11.442545181235461 11.445305122642454 11.448464191125145 11.44846419112498 11.445305122642303 11.442545181235273
11.444095107198285 11.44689430524345 11.45008536716286 11.450085367162696 11.4468943052433 11.44409510719804
11.44550914554648 11.448344160248851 11.451564412434951 11.451564412434795 11.448344160248691 11.44550914554626
11.446799203555376 11.449666894951392 11.452913778646645 11.452913778646485 11.449666894951239 11.446799203555182
11.447976150156215 11.450873652374623 11.454144832125017 11.454144832124868 11.450873652374469 11.447976150155995
11.449049905633558 11.451974603170044 11.45526794750518 11.455267947505018 11.451974603169898 11.449049905633345
11.45002952371759 11.452979029729105 11.456292593485642 11.456292593485475 11.452979029728956 11.450029523717388
11.450923266691449 11.453895403144358 11.457227411297648 11.457227411297488 11.45389540314421 11.450923266691225
11.451738674087906 11.45473145360627 11.458080286485522 11.458080286485362 11.454731453606119 11.451738674087707
11.452482625505866 11.45549423477811 11.458858414550088 11.458858414549931 11.455494234777943 11.452482625505656
11.453161398035721 11.456190182649292 11.45956836096444 11.459568360964289 11.456190182649138 11.453161398035519
11.453780718744948 11.456825169328846 11.460216116032015 11.460216116031859 11.456825169328692 11.453780718744754
11.454345812639025 11.457404552203412 11.460807145019594 11.460807145019437 11.457404552203277 11.454345812638788
11.4548614464795 11.457933218851487 11.461346433963694 11.46134643396354 11.457933218851332 11.454861446479292
11.455331968811151 11.458415628072482 11.461838531516198 11.461838531516037 11.458415628072332 11.455331968810961
11.455761346519662 11.458855847361688 11.462287587165905 11.46228758716576 11.45885584736156 11.455761346519436
11.456153198216448 11.459257587133507 11.462697386144717 11.462697386144562 11.45925758713337 11.456153198216228
11.456510824722383 11.459624231971342 11.463071381301823 11.463071381301672 11.4596242319712 11.456510824722189
11.456837236898936 11.45995886915925 11.46341272220597 11.463412722205817 11.459958869159108 11.456837236898702
11.457135181054712 11.460264314728848 11.463724281713796 11.463724281713647 11.460264314728725 11.457135181054495
11.457407162137352 11.460543137235632 11.464008680222534 11.464008680222362 11.460543137235494 11.457407162137121
11.45765546490068 11.460797679460557 11.464268307806824 11.464268307806675 11.460797679460414 11.45765546490051
11.457882173223737 11.461030078216618 11.464505344422895 11.46450534442273 11.461030078216446 11.457882173223556
11.458089187740386 11.461242282424253 11.464721778346844 11.4647217783467 11.461242282424088 11.458089187740152
11.458278241927195 11.461436069606169 11.46491942300101 11.464919423000861 11.461436069606014 11.45827824192699
11.458450916783663 11.461613060938411 11.465099932307597 11.465099932307439 11.461613060938266 11.458450916783425
11.458608654225788 11.461774734983575 11.465264814698264 11.465264814698104 11.461774734983434 11.458608654225548
11.458752769307122 11.461922440220937 11.465415445896427 11.465415445896275 11.4619224402208 11.458752769306926
11.458884461367967 11.462057406478246 11.465553080579195 11.465553080579037 11.462057406478113 11.458884461367749
11.459004824206735 11.462180755360992 11.465678863016727 11.465678863016569 11.462180755360839 11.459004824206533
11.45911485535934 11.46229350976682 11.46579383677847 11.465793836778316 11.462293509766653 11.459114855359124
11.459215464563764 11.46239660256498 11.465898953587484 11.465898953587319 11.46239660256482 11.459215464563547
11.459307481481812 11.462490884513915 11.465995081397622 11.465995081397464 11.462490884513764 11.459307481481611
11.459391662742615 11.462577131483398 11.46608301176141 11.466083011761238 11.462577131483236 11.459391662742359
11.459468698367122 11.462656051042389 11.46616346655086 11.466163466550698 11.462656051042233 11.459468698366933
11.459539217629054 11.462728288468144 11.466237104087696 11.466237104087543 11.462728288467998 11.459539217628803
11.459603794399204 11.462794432227208 11.466304524735074 11.466304524734921 11.462794432227055 11.459603794399003
11.459662952021777 11.462855018974475 11.466366275997558 11.466366275997402 11.462855018974343 11.459662952021546
11.459717167760433 11.462910538113158 11.46642285717303 11.46642285717288 11.462910538113015 11.459717167760205
11.459766876854374 11.462961435953279 11.466474723595315 11.466474723595166 11.462961435953115 11.45976687685415
11.459812476217294 11.463008119504801 11.466522290503907 11.466522290503745 11.463008119504645 11.459812476217095
11.459854327811122 11.463050959937167 11.466565936573197 11.466565936573042 11.463050959937004 11.459854327810891
11.459892761722708 11.463090295734183 11.466606007131343 11.466606007131183 11.463090295734037 11.459892761722504
11.459928078970268 11.463126435571702 11.46664281709589 11.466642817095714 11.463126435571553 11.459928078970076
11.459960554062542 11.463159660941784 11.466676653651067 11.466676653650909 11.46315966094164 11.45996055406232
11.459990437332694 11.463190228546186 11.466707778689658 11.466707778689504 11.463190228546056 11.459990437332475
11.460017957067203 11.46321837247914 11.466736431039726 11.46673643103957 11.463218372478996 11.460017957066974
11.460043321446967 11.463244306217867 11.466762828495622 11.46676282849547 11.463244306217728 11.460043321446742
11.46006672031783 11.463268224438158 11.466787169670015 11.46678716966986 11.463268224437993 11.460066720317604
11.460088326805073 11.463290304669899 11.466809635683017 11.466809635682853 11.46329030466975 11.460088326804861
11.460108298785872 11.463310708807027 11.4668303917026 11.466830391702445 11.463310708806887 11.460108298785684
11.460126780232148 11.463329584484425 11.466849588349358 11.466849588349204 11.463329584484274 11.46012678023195
11.460143902435055 11.463347066333657 11.466867362977672 11.466867362977506 11.463347066333517 11.460143902434861
11.460159785121833 11.463363277128177 11.46688384084395 11.466883840843787 11.463363277128025 11.460159785121634
11.460174537474236 11.463378328827645 11.466899136172158 11.466899136172007 11.4633783288275 11.460174537474034
11.460188259057222 11.46339232353031 11.466913353125413 11.466913353125255 11.463392323530151 11.460188259056993
11.46020104066594 11.463405354341498 11.46692658669208 11.46692658669192 11.463405354341347 11.460201040665737
11.460212965098272 11.463417506165712 11.466938923493835 11.466938923493672 11.463417506165557 11.460212965098057
11.460224107858998 11.463428856428884 11.466950442522522 11.46695044252237 11.463428856428743 11.460224107858762
11.46023453780217 11.463439475737088 11.466961215812203 11.466961215812047 11.463439475736939 11.460234537801986
11.460244317717171 11.463449428477151 11.466971309051976 11.46697130905182 11.463449428476991 11.46024431771695
11.4602535048624 11.463458773364485 11.466980782144782 11.466980782144613 11.463458773364342 11.4602535048622
11.460262151452916 11.463467563942675 11.466989689717092 11.466989689716929 11.463467563942523 11.460262151452662
11.460270305104224 11.463475849038874 11.46699808158364 11.466998081583489 11.463475849038728 11.460270305104007
11.460278009237863 11.463483673179356 11.467006003171258 11.4670060031711 11.46348367317922 11.46027800923766
11.460285303450442 11.463491076968298 11.467013495905343 11.467013495905194 11.463491076968156 11.46028530345024
11.460292223850747 11.463498097433222 11.467020597562348 11.467020597562204 11.463498097433074 11.46029222385051
11.460298803366793 11.46350476834007 11.467027342591152 11.467027342590987 11.46350476833992 11.460298803366587
11.460305072026252 11.46351112048049 11.467033762406148 11.467033762405977 11.46351112048033 11.460305072026035
11.46031105721167 11.463517181933765 11.467039885654584 11.46703988565443 11.463517181933636 11.46031105721145
11.460316783893607 11.463522978305903 11.467045738460305 11.467045738460154 11.46352297830574 11.460316783893374
11.460322274843021 11.463528532947205 11.467051344645972 11.46705134464581 11.463528532947063 11.460322274842806
11.460327550825072 11.463533867151263 11.467056725935796 11.467056725935631 11.463533867151108 11.460327550824873
11.460332630775842 11.463539000335894 11.467061902140387 11.467061902140221 11.463539000335754 11.460332630775623
11.460337531963297 11.463543950208537 11.467066891325254 11.467066891325109 11.463543950208392 11.460337531963077
11.460342270134367 11.463548732916754 11.46707170996465 11.467071709964499 11.463548732916614 11.460342270134154
11.46034685964886 11.463553363185792 11.467076373081587 11.467076373081431 11.463553363185635 11.460346859648665
11.460351313601702 11.463557854443728 11.46708089437576 11.467080894375606 11.463557854443573 11.460351313601508
11.46035564393431 11.463562218935836 11.467085286340115 11.467085286339971 11.463562218935694 11.460355643934104
11.46035986153619 11.46356646782871 11.467089560367118 11.467089560366961 11.463566467828564 11.460359861535965
11.46036397633762 11.463570611305347 11.467093726845679 11.467093726845519 11.463570611305178 11.460363976337389
11.460367997394105 11.46357465865167 11.467097795249591 11.467097795249437 11.463574658651513 11.460367997393925
11.460371932963618 11.463578618335719 11.467101774218154 11.467101774218 11.463578618335568 11.460371932963444
11.460375790576585 11.46358249807954 11.4671056716296 11.467105671629438 11.463582498079385 11.46037579057639
11.460379577100088 11.463586304924991 11.467109494668184 11.46710949466803 11.463586304924846 11.460379577099884
11.460383298796375 11.463590045293616 11.467113249885385 11.46711324988522 11.463590045293477 11.460383298796142
11.460386961375933 11.463593725041335 11.467116943255485 11.467116943255341 11.463593725041175 11.460386961375727
11.460390570046425 11.463597349508158 11.467120580226602 11.46712058022645 11.463597349508001 11.460390570046195
11.460394129556583 11.463600923563751 11.46712416576684 11.467124165766702 11.463600923563613 11.460394129556377
11.460397644236945 11.463604451648838 11.467127704406769 11.467127704406611 11.463604451648681 11.460397644236771
11.460401118036636 11.46360793781294 11.467131200277766 11.467131200277612 11.463607937812794 11.460401118036419
11.46040455455673 11.463611385748862 11.467134657147376 11.467134657147229 11.463611385748726 11.460404554556517
11.460407957081198 11.463614798824143 11.467138078451226 11.467138078451072 11.46361479882399 11.460407957081006
11.460411328604806 11.46361818010963 11.467141467322309 11.467141467322143 11.46361818010949 11.460411328604579
11.460414671858356 11.463621532405753 11.467144826617645 11.467144826617481 11.463621532405618 11.460414671858157
11.460417989332228 11.46362485826617 11.467148158942559 11.4671481589424 11.463624858266034 11.460417989332003
11.460421283297327 11.46362816001962 11.46715146667292 11.46715146667276 11.463628160019491 11.460421283297107
11.460424555824583 11.463631439789776 11.46715475197529 11.467154751975128 11.463631439789623 11.460424555824394
11.460427808802581 11.46363469951309 11.467158016825366 11.467158016825218 11.463634699512946 11.460427808802349
11.460431043953282 11.463637940955566 11.46716126302484 11.46716126302469 11.463637940955433 11.460431043953083
11.460434262847297 11.463641165727623 11.467164492216689 11.467164492216527 11.463641165727475 11.460434262847071
11.46043746691664 11.463644375297768 11.46716770589913 11.46716770589898 11.463644375297617 11.4604374669164
11.460440657467228 11.463647571005202 11.46717090543846 11.467170905438312 11.463647571005042 11.460440657467021
11.460443835690079 11.463650754071116 11.46717409208058 11.467174092080414 11.463650754070972 11.460443835689855
11.46044700267113 11.463653925609174 11.467177266961645 11.467177266961487 11.46365392560903 11.460447002670884
11.460450159400692 11.463657086634887 11.467180431117734 11.467180431117582 11.463657086634743 11.460450159400454
11.46045330678185 11.463660238074377 11.467183585493695 11.467183585493531 11.463660238074233 11.460453306781684
11.46045644563832 11.463663380772125 11.467186730951084 11.467186730950926 11.46366338077199 11.460456445638114
11.460459576720975 11.463666515498263 11.467189868275598 11.467189868275437 11.463666515498124 11.460459576720748
11.460462700714642 11.46366964295507 11.467192998183718 11.467192998183563 11.463669642954912 11.460462700714437
11.460465818243918 11.463672763782911 11.46719612132883 11.467196121328671 11.463672763782762 11.460465818243724
11.460468929878346 11.463675878565853 11.467199238306733 11.467199238306574 11.463675878565695 11.460468929878093
11.460472036137132 11.463678987836406 11.467202349660749 11.46720234966059 11.463678987836271 11.460472036136913
11.460475137493969 11.463682092080253 11.467205455886344 11.467205455886186 11.463682092080118 11.460475137493736
11.460478234380663 11.463685191740236 11.467208557435375 11.46720855743522 11.4636851917401 11.460478234380489
11.460481327191198 11.463688287220238 11.467211654719843 11.467211654719685 11.463688287220089 11.460481327190985
11.460484416284553 11.463691378888502 11.467214748115474 11.467214748115309 11.463691378888356 11.460484416284354
11.460487501988327 11.463694467080884 11.467217837964895 11.467217837964736 11.463694467080746 11.460487501988114
11.460490584601123 11.463697552103639 11.467220924580563 11.46722092458041 11.463697552103488 11.460490584600905
11.460493664395308 11.463700634236046 11.467224008247403 11.467224008247248 11.463700634235899 11.460493664395099
11.460496741619266 11.463703713732784 11.467227089225256 11.467227089225101 11.463703713732635 11.460496741619044
11.460499816499416 11.4637067908261 11.46723016775104 11.467230167750884 11.46370679082594 11.460499816499215
11.460502889242354 11.46370986572775 11.467233244040845 11.467233244040699 11.463709865727601 11.46050288924214
11.460505960036404 11.463712938630911 11.467236318291706 11.467236318291544 11.463712938630747 11.460505960036189
11.460509029053268 11.463716009711646 11.46723939068328 11.467239390683119 11.463716009711494 11.46050902905306
11.460512096449609 11.463719079130593 11.467242461379413 11.467242461379273 11.463719079130442 11.460512096449376
11.460515162368207 11.46372214703423 11.46724553052958 11.467245530529425 11.463722147034057 11.460515162367996
11.460518226939302 11.463725213556039 11.467248598269975 11.467248598269814 11.46372521355589 11.460518226939126
11.46052129028178 11.46372827881787 11.467251664724865 11.467251664724715 11.463728278817728 11.460521290281552
11.46052435250379 11.463731342930757 11.467254730007587 11.467254730007426 11.463731342930613 11.460524352503576
11.460527413704169 11.463734405996018 11.467257794221423 11.46725779422128 11.463734405995861 11.460527413703955
11.460530473972982 11.463737468105943 11.467260857460651 11.4672608574605 11.463737468105803 11.460530473972764
11.460533533392367 11.463740529344818 11.467263919811156 11.467263919810998 11.463740529344667 11.460533533392123
11.460536592037165 11.463743589789424 11.467266981351305 11.467266981351145 11.46374358978926 11.460536592036945
11.460539649975699 11.463746649509766 11.467270042152542 11.467270042152384 11.46374664950962 11.460539649975514
11.460542707270333 11.463749708569752 11.467273102280046 11.46727310227988 11.463749708569601 11.460542707270116
11.460545763977793 11.463752767027593 11.467276161793208 11.467276161793064 11.46375276702745 11.460545763977562
11.460548820149839 11.463755824936444 11.467279220746251 11.467279220746105 11.463755824936293 11.460548820149617
11.460551875833737 11.463758882344704 11.467282279188579 11.467282279188415 11.463758882344552 11.460551875833541
11.460554931072608 11.463761939296523 11.46728533716522 11.46728533716507 11.463761939296383 11.460554931072387
11.460557985905648 11.46376499583222 11.467288394717306 11.46728839471714 11.46376499583208 11.460557985905444
11.460561040368749 11.463768051988515 11.467291451882272 11.467291451882124 11.463768051988358 11.46056104036853
11.460564094494492 11.46377110779887 11.46729450869431 11.467294508694154 11.46377110779873 11.46056409449428
11.460567148312713 11.463774163293856 11.467297565184573 11.467297565184426 11.46377416329371 11.460567148312506
11.460570201850592 11.463777218501319 11.467300621381487 11.467300621381323 11.46377721850116 11.460570201850357
11.460573255132829 11.463780273446645 11.467303677310946 11.467303677310786 11.463780273446488 11.460573255132608
11.460576308182073 11.463783328153013 11.467306732996592 11.467306732996434 11.463783328152847 11.46057630818185
11.460579361018874 11.463786382641507 11.467309788459971 11.467309788459808 11.463786382641363 11.460579361018661
11.460582413662024 11.463789436931458 11.467312843720736 11.46731284372058 11.463789436931306 11.46058241366184
11.460585466128695 11.46379249104036 11.467315898796798 11.467315898796635 11.463792491040213 11.460585466128503
11.460588518434472 11.46379554498428 11.467318953704497 11.467318953704346 11.463795544984114 11.460588518434278
11.460591570593598 11.463798598777764 11.467322008458744 11.467322008458588 11.463798598777611 11.460591570593392
11.460594622619078 11.46380165243418 11.467325063073117 11.467325063072948 11.463801652434043 11.460594622618867
11.46059767452273 11.463804705965671 11.467328117560015 11.46732811755986 11.463804705965535 11.46059767452252
11.460600726315386 11.463807759383302 11.467331171930741 11.467331171930583 11.463807759383162 11.460600726315167
11.460603778006838 11.463810812697195 11.467334226195597 11.46733422619544 11.463810812697044 11.460603778006643
11.460606829606169 11.46381386591652 11.467337280363967 11.467337280363811 11.463813865916366 11.46060682960594
11.460609881121433 11.46381691904969 11.467340334444431 11.467340334444277 11.463816919049554 11.46060988112124
11.460612932560268 11.463819972104389 11.467343388444807 11.467343388444649 11.463819972104243 11.460612932560016
11.460615983929308 11.46382302508757 11.467346442372222 11.467346442372067 11.46382302508742 11.460615983929085
11.460619035234853 11.463826078005633 11.467349496233151 11.467349496233005 11.463826078005477 11.460619035234672
11.46062208648263 11.463829130864351 11.467352550033553 11.467352550033397 11.4638291308642 11.460622086482408
11.46062513767768 11.463832183669043 11.467355603778808 11.467355603778662 11.4638321836689 11.460625137677477
11.460628188824806 11.463835236424549 11.467358657473866 11.467358657473712 11.4638352364244 11.46062818882459
11.460631239928269 11.463838289135245 11.467361711123209 11.467361711123047 11.463838289135094 11.46063123992805
11.46063429099196 11.463841341805185 11.46736476473092 11.467364764730767 11.463841341805018 11.460634290991745
11.46063734201948 11.463844394437976 11.467367818300751 11.467367818300596 11.463844394437833 11.460637342019274
11.460640393014105 11.463847447037024 11.467370871836117 11.467370871835941 11.463847447036864 11.460640393013879
11.460643443978809 11.463850499605313 11.467373925340102 11.46737392533995 11.463850499605174 11.460643443978563
11.460646494916219 11.463853552145675 11.467376978815569 11.467376978815416 11.463853552145528 11.460646494915988
11.460649545828867 11.463856604660613 11.467380032265083 11.467380032264924 11.463856604660467 11.460649545828648
11.460652596719008 11.46385965715245 11.467383085691006 11.467383085690846 11.463859657152302 11.460652596718784
11.460655647588709 11.463862709623278 11.467386139095478 11.467386139095325 11.463862709623136 11.460655647588476
11.460658698439772 11.463865762075018 11.467389192480478 11.467389192480322 11.463865762074878 11.460658698439575
11.460661749274008 11.463868814509441 11.46739224584778 11.46739224584763 11.46386881450929 11.460661749273788
11.460664800092875 11.46387186692812 11.46739529919902 11.46739529919887 11.46387186692798 11.460664800092687
11.460667850897869 11.463874919332534 11.46739835253568 11.467398352535518 11.463874919332392 11.460667850897677
11.460670901690298 11.463877971724008 11.467401405859105 11.467401405858958 11.463877971723857 11.460670901690078
11.460673952471227 11.463881024103728 11.467404459170535 11.467404459170387 11.463881024103593 11.46067395247103
11.460677003241855 11.463884076472826 11.467407512471132 11.467407512470968 11.46388407647268 11.46067700324165
11.460680054003108 11.463887128832306 11.46741056576187 11.467410565761705 11.463887128832152 11.460680054002902
11.460683104755882 11.46389018118307 11.467413619043711 11.467413619043551 11.463890181182922 11.460683104755674
11.460686155501014 11.463893233525965 11.46741667231752 11.467416672317361 11.463893233525821 11.460686155500804
11.460689206239262 11.463896285861749 11.467419725584055 11.467419725583895 11.46389628586161 11.460689206239024
11.460692256971214 11.463899338191146 11.467422778844043 11.467422778843892 11.463899338191002 11.460692256971011
11.460695307697614 11.463902390514761 11.467425832098117 11.467425832097968 11.463902390514614 11.460695307697387
11.46069835841892 11.46390544283319 11.467428885346889 11.467428885346735 11.463905442833035 11.46069835841873
11.460701409135723 11.46390849514693 11.467431938590865 11.467431938590716 11.463908495146795 11.460701409135526
11.460704459848458 11.463911547456497 11.467434991830583 11.467434991830425 11.463911547456362 11.460704459848282
11.460707510557592 11.463914599762342 11.467438045066464 11.467438045066306 11.463914599762191 11.460707510557395
11.460710561263472 11.463917652064833 11.4674410982989 11.467441098298755 11.463917652064685 11.460710561263276
11.460713611966453 11.463920704364346 11.467444151528301 11.467444151528143 11.463920704364188 11.460713611966264
11.460716662666897 11.463923756661185 11.46744720475496 11.467447204754812 11.463923756661051 11.460716662666693
11.46071971336508 11.46392680895571 11.467450257979232 11.467450257979088 11.463926808955577 11.460719713364863
11.460722764061229 11.463929861248191 11.467453311201385 11.467453311201233 11.463929861248033 11.460722764061028
11.460725814755664 11.463932913538834 11.467456364421674 11.46745636442152 11.463932913538683 11.460725814755463
11.46072886544858 11.463935965827885 11.467459417640336 11.467459417640175 11.463935965827748 11.460728865448369
11.460731916140197 11.463939018115601 11.46746247085758 11.467462470857411 11.463939018115441 11.460731916139961
11.460734966830623 11.463942070402112 11.467465524073612 11.467465524073447 11.463942070401952 11.460734966830413
11.460738017520132 11.463945122687614 11.467468577288583 11.467468577288429 11.463945122687477 11.460738017519922
11.460741068208824 11.463948174972284 11.467471630502677 11.467471630502533 11.46394817497213 11.460741068208609
11.460744118896855 11.463951227256267 11.467474683716055 11.467474683715896 11.463951227256114 11.46074411889664
