0.7579945711706236 0.7010700187402508 0.7010700187402513 0.7579945711706234
1.0216151376458042 0.9574154739575857 0.9574154739575863 1.0216151376458038
1.2784557666645995 1.2119854121106992 1.2119854121107003 1.2784557666645993
1.5505494585764699 1.4827104512654674 1.4827104512654679 1.5505494585764696
1.847262673114586 1.7777626839979426 1.7777626839979437 1.8472626731145858
2.173889849147215 2.1021646600289694 2.10216466002897 2.173889849147214
2.5335253597356253 2.4590810521290085 2.4590810521290085 2.5335253597356235
2.9275019588040867 2.850058792638518 2.8500587926385177 2.9275019588040854
3.355409052717922 3.274968295752445 3.2749682957524464 3.3554090527179183
3.815010080187568 3.731881998877115 3.7318819988771175 3.8150100801875624
4.302205099818943 4.21700757176384 4.217007571763842 4.302205099818937
4.811121932247083 4.72475027051678 4.724750270516782 4.811121932247079
5.334378494039359 5.247946858196705 5.247946858196707 5.334378494039347
5.863518548811286 5.778277106643567 5.778277106643568 5.863518548811274
6.3895823420423135 6.306819242626124 6.306819242626125 6.389582342042301
6.903740334657369 6.824681241347313 6.8246812413473155 6.903740334657353
7.397901737274341 7.323620555765228 7.323620555765232 7.397901737274317
7.865214754546498 7.796566825326162 7.796566825326167 7.865214754546478
8.300400129713521 8.237984318282166 8.237984318282166 8.300400129713486
8.699895096832128 8.644045497169165 8.644045497169168 8.6998950968321
9.061820081066175 9.012623109012228 9.01262310901223 9.06182008106615
9.38580637911157 9.343135968607335 9.343135968607331 9.385806379111528
9.672735408863334 9.636298109827171 9.636298109827175 9.672735408863296
9.924439744573796 9.893822351001777 9.893822351001775 9.924439744573775
10.143407040849983 10.118121216922441 10.118121216922455 10.143407040849956
10.332514938343762 10.312035434995382 10.312035434995382 10.33251493834371
10.49481210640247 10.47860705793625 10.478607057936252 10.494812106402437
10.63335008711474 10.62090329282644 10.620903292826453 10.633350087114707
10.75106341951065 10.741889403079705 10.7418894030797 10.75106341951062
10.850691461813243 10.844344539201748 10.844344539201757 10.850691461813192
10.934733700536237 10.930812401121152 10.930812401121162 10.934733700536208
11.005430326462571 11.003578426439311 11.00357842643932 11.00543032646253
11.064760761279867 11.064666002126907 11.06466600212692 11.064760761279816
11.114454114409105 11.115845460402209 11.115845460402214 11.11445411440905
11.156006904258204 11.158650982245614 11.158650982245618 11.156006904258154
11.190704608501385 11.19440179061688 11.194401790616883 11.190704608501338
11.219644634492155 11.224225077146892 11.224225077146894 11.219644634492091
11.243759107556475 11.249078947245646 11.249078947245653 11.243759107556416
11.263836479549196 11.269774303361716 11.269774303361725 11.263836479549147
11.280541395041665 11.286995045616175 11.286995045616179 11.280541395041613
11.29443255328923 11.301316288729153 11.301316288729153 11.294432553289175
11.305978503390063 11.31322050744196 11.313220507441972 11.305978503389998
11.315571435275936 11.32311165790964 11.323111657909648 11.315571435275887
11.323539102159172 11.331327402480571 11.331327402480573 11.323539102159115
11.330155047344725 11.338149607225356 11.338149607225361 11.330155047344673
11.335647322059277 11.343813298315762 11.34381329831577 11.335647322059243
11.340205879825058 11.348514264058403 11.348514264058407 11.34020587982501
11.34398882295025 11.35241548045783 11.352415480457834 11.343988822950202
11.347127662004496 11.355652523972367 11.355652523972383 11.347127662004441
11.349731732377139 11.358338118505714 11.358338118505715 11.349731732377085
11.35189189488327 11.360565946482229 11.360565946482225 11.351891894883229
11.353683630905085 11.362413837194458 11.362413837194472 11.353683630905055
11.355169627307122 11.363946430117077 11.363946430117089 11.355169627307083
11.356401932610733 11.365217396859524 11.365217396859546 11.35640193261069
11.357423753738477 11.36627129298693 11.366271292986944 11.357423753738423
11.358270952006691 11.367145100051278 11.367145100051285 11.35827095200664
11.358973287858893 11.36786950875532 11.36786950875533 11.358973287858843
11.359555455955535 11.368469986086177 11.368469986086177 11.359555455955505
11.360037945528436 11.368967662362637 11.36896766236265 11.360037945528408
11.360437755220826 11.369380068294554 11.369380068294552 11.360437755220758
11.360768986835229 11.369721747213575 11.369721747213582 11.360768986835192
11.36104333837153 11.370004763478258 11.370004763478263 11.361043338371484
11.361270513347142 11.37023912456549 11.370239124565487 11.361270513347105
11.36145856055396 11.370433131436764 11.370433131436782 11.361458560553892
11.36161415603087 11.370593669322584 11.370593669322588 11.361614156030829
11.361742837051462 11.370726449025897 11.3707264490259 11.36174283705142
11.361849196271791 11.370836207143746 11.370836207143759 11.36184919627172
11.361937042808401 11.370926872186274 11.37092687218627 11.361937042808341
11.362009535869973 11.37100170239154 11.371001702391556 11.362009535869923
11.362069295612343 11.371063400052277 11.371063400052291 11.362069295612303
11.362118495094991 11.37111420635237 11.371114206352381 11.362118495094949
11.362158936557346 11.371155980032892 11.371155980032897 11.362158936557329
11.362192114686977 11.371190262642472 11.37119026264248 11.362192114686925
11.362219269096046 11.371218332658469 11.371218332658485 11.362219269095998
11.362241427846396 11.371241250375862 11.37124125037587 11.36224142784635
11.36225944354901 11.371259895138365 11.371259895138376 11.362259443548965
11.362274023304547 11.371274996217288 11.37127499621729 11.36227402330451
11.362285753535065 11.371287158421865 11.371287158421875 11.362285753535017
11.362295120578842 11.371296883339623 11.371296883339626 11.362295120578805
11.362302527770849 11.371304586952178 11.371304586952172 11.362302527770794
11.362308309608236 11.37131061424511 11.371310614245125 11.362308309608192
11.362312743498792 11.37131525132454 11.371315251324555 11.362312743498755
11.362316059504208 11.371318735465985 11.371318735465993 11.362316059504177
11.362318448420625 11.371321263448143 11.371321263448163 11.362318448420583
11.362320068480106 11.371322998464734 11.371322998464736 11.362320068480066
11.36232105090846 11.371324075856265 11.371324075856283 11.362321050908413
11.362321504534464 11.371324607864006 11.37132460786402 11.36232150453443
11.362321519612486 11.37132468757234 11.37132468757236 11.362321519612436
11.362321170992526 11.371324392178414 11.371324392178424 11.362321170992502
11.362320520749604 11.371323785703568 11.371323785703588 11.362320520749563
11.362319620363875 11.37132292124228 11.371322921242285 11.36231962036383
11.362318512529058 11.371321842826985 11.371321842826989 11.36231851252903
11.362317232652092 11.371320586974827 11.371320586974832 11.362317232652051
11.362315810096671 11.371319183970304 11.371319183970305 11.36231581009663
11.362314269214888 11.371317658929057 11.371317658929058 11.362314269214838
11.362312630202403 11.37131603268006 11.371316032680067 11.362312630202357
11.362310909807995 11.371314322497252 11.371314322497259 11.362310909807947
11.362309121921777 11.371312542706299 11.371312542706304 11.362309121921722
11.362307278063131 11.371310705187788 11.3713107051878 11.362307278063078
11.362305387785375 11.371308819794617 11.371308819794617 11.362305387785307
11.362303459011246 11.37130689469793 11.371306894697938 11.362303459011192
11.362301498311288 11.371304936674331 11.371304936674333 11.362301498311247
11.362299511134585 11.371302951343733 11.371302951343747 11.362299511134541
11.362297502000175 11.371300943366922 11.37130094336693 11.362297502000146
11.362295474655845 11.371298916609147 11.371298916609154 11.362295474655808
11.36229343220966 11.371296874275972 11.37129687427597 11.362293432209626
11.362291377239234 11.371294819025811 11.371294819025817 11.362291377239197
11.362289311882273 11.371292753063395 11.371292753063402 11.36228931188221
11.362287237911515 11.37129067821712 11.371290678217122 11.362287237911472
11.362285156797277 11.371288596003325 11.371288596003334 11.362285156797235
11.362283069758817 11.371286507679548 11.371286507679564 11.362283069758776
11.362280977807366 11.371284414288708 11.371284414288706 11.362280977807323
11.362278881781508 11.371282316695687 11.371282316695691 11.362278881781462
11.36227678237671 11.37128021561777 11.37128021561777 11.362276782376666
11.362274680169767 11.371278111649811 11.371278111649831 11.36227468016973
11.362272575639013 11.371276005285164 11.37127600528518 11.362272575638961
11.362270469181105 11.371273896932944 11.371273896932953 11.362270469181071
11.36226836112507 11.371271786932459 11.371271786932452 11.362268361125016
11.362266251743709 11.37126967556507 11.371269675565088 11.36226625174367
11.3622641412633 11.371267563064183 11.371267563064187 11.362264141263267
11.36226202987149 11.37126544962328 11.371265449623293 11.362262029871463
11.362259917723936 11.371263335402922 11.37126333540293 11.36225991772389
11.362257804949653 11.371261220536176 11.371261220536184 11.362257804949596
11.362255691655676 11.371259105133426 11.371259105133442 11.36225569165563
11.362253577930774 11.37125698928625 11.371256989286268 11.362253577930728
11.362251463848589 11.371254873070557 11.371254873070558 11.362251463848539
11.36224934947014 11.371252756549294 11.371252756549303 11.362249349470083
11.362247234846064 11.371250639774713 11.37125063977472 11.362247234846029
11.36224512001837 11.371248522790092 11.3712485227901 11.362245120018327
11.362243005021849 11.371246405631364 11.37124640563136 11.362243005021806
11.36224088988541 11.37124428832827 11.371244288328281 11.36224088988536
11.362238774632978 11.37124217090558 11.371242170905589 11.362238774632932
11.362236659284445 11.371240053383717 11.371240053383728 11.362236659284365
11.362234543856227 11.371237935779721 11.371237935779725 11.36223454385618
11.36223242836203 11.371235818107637 11.37123581810766 11.362232428361986
11.362230312813193 11.371233700379188 11.371233700379186 11.362230312813148
11.362228197219082 11.371231582604027 11.371231582604034 11.36222819721902
11.362226081587478 11.37122946479021 11.371229464790222 11.362226081587444
11.362223965924901 11.371227346944407 11.371227346944401 11.362223965924867
11.362221850236649 11.371225229072142 11.371225229072149 11.362221850236619
11.36221973452722 11.371223111177985 11.37122311117799 11.36221973452718
11.362217618800264 11.371220993265752 11.371220993265748 11.362217618800218
11.362215503058824 11.371218875338583 11.371218875338593 11.362215503058783
11.362213387305482 11.371216757399104 11.371216757399113 11.362213387305435
11.362211271542305 11.371214639449482 11.371214639449487 11.362211271542263
11.36220915577105 11.371212521491515 11.371212521491515 11.362209155770987
11.362207039993129 11.371210403526671 11.371210403526689 11.36220703999309
11.362204924209788 11.371208285556223 11.371208285556229 11.362204924209745
11.362202808421987 11.371206167581187 11.371206167581196 11.362202808421948
11.362200692630612 11.371204049602397 11.371204049602406 11.362200692630559
11.362198576836276 11.371201931620577 11.37120193162058 11.36219857683623
11.362196461039577 11.371199813636306 11.3711998136363 11.362196461039536
11.362194345240985 11.371197695650046 11.371197695650059 11.362194345240939
11.362192229440888 11.371195577662244 11.371195577662254 11.36219222944084
11.362190113639613 11.3711934596732 11.371193459673217 11.362190113639558
11.362187997837406 11.371191341683206 11.371191341683224 11.362187997837353
11.362185882034526 11.371189223692491 11.371189223692511 11.362185882034472
11.362183766231137 11.371187105701257 11.371187105701264 11.362183766231087
11.362181650427384 11.371184987709608 11.371184987709626 11.36218165042733
11.3621795346234 11.371182869717732 11.371182869717744 11.362179534623358
11.36217741881929 11.371180751725717 11.371180751725719 11.362177418819257
11.362175303015158 11.371178633733653 11.371178633733669 11.362175303015116
11.362173187211072 11.371176515741636 11.371176515741643 11.362173187211024
11.362171071407081 11.371174397749694 11.371174397749696 11.36217107140703
11.362168955603241 11.371172279757886 11.371172279757891 11.36216895560319
11.362166839799581 11.371170161766258 11.371170161766274 11.362166839799528
11.362164723996132 11.37116804377486 11.371168043774874 11.362164723996095
11.36216260819294 11.37116592578371 11.371165925783709 11.362162608192909
11.362160492390048 11.37116380779282 11.37116380779284 11.362160492390005
11.362158376587425 11.37116168980223 11.371161689802243 11.362158376587393
11.362156260785136 11.371159571811953 11.371159571811958 11.362156260785088
11.362154144983148 11.371157453822004 11.371157453822008 11.362154144983107
11.362152029181512 11.371155335832356 11.371155335832372 11.362152029181473
11.362149913380206 11.37115321784308 11.371153217843094 11.362149913380163
11.362147797579272 11.371151099854151 11.371151099854158 11.362147797579224
11.362145681778665 11.371148981865568 11.371148981865584 11.362145681778626
11.362143565978455 11.37114686387736 11.371146863877383 11.362143565978402
11.362141450178592 11.371144745889527 11.371144745889538 11.362141450178546
11.36213933437913 11.371142627902053 11.37114262790207 11.362139334379066
11.362137218580003 11.371140509914959 11.37114050991497 11.362137218579957
11.362135102781288 11.371138391928236 11.371138391928257 11.362135102781231
11.362132986982912 11.37113627394192 11.371136273941918 11.362132986982875
11.362130871184956 11.37113415595595 11.37113415595596 11.36213087118491
11.362128755387378 11.371132037970376 11.37113203797039 11.362128755387321
11.362126639590173 11.371129919985204 11.371129919985203 11.362126639590121
11.36212452379334 11.371127802000402 11.371127802000393 11.362124523793312
11.362122407996907 11.371125684015976 11.371125684015986 11.362122407996878
11.362120292200878 11.371123566031947 11.37112356603196 11.36212029220083
11.362118176405215 11.371121448048296 11.37112144804831 11.362118176405163
11.362116060609946 11.371119330065051 11.371119330065063 11.362116060609898
11.362113944815059 11.371117212082195 11.371117212082202 11.362113944815029
11.362111829020591 11.371115094099707 11.371115094099714 11.36211182902054
11.36210971322647 11.371112976117626 11.371112976117633 11.36210971322643
11.36210759743277 11.371110858135928 11.371110858135937 11.362107597432715
11.362105481639432 11.371108740154625 11.371108740154613 11.362105481639393
11.362103365846497 11.37110662217369 11.371106622173704 11.362103365846446
11.362101250053946 11.371104504193152 11.371104504193166 11.362101250053898
11.362099134261769 11.371102386213009 11.371102386213014 11.362099134261737
11.362097018470012 11.371100268233262 11.371100268233265 11.362097018469957
11.362094902678624 11.371098150253898 11.371098150253903 11.362094902678583
11.362092786887626 11.371096032274918 11.371096032274927 11.362092786887587
11.362090671097015 11.371093914296331 11.371093914296345 11.362090671096983
11.362088555306826 11.37109179631814 11.371091796318149 11.362088555306768
11.362086439516986 11.37108967834036 11.371089678340354 11.362086439516954
11.362084323727544 11.37108756036292 11.371087560362923 11.36208432372751
11.362082207938515 11.371085442385892 11.3710854423859 11.362082207938471
11.362080092149853 11.37108332440926 11.371083324409263 11.362080092149814
11.362077976361604 11.371081206433015 11.371081206433022 11.362077976361553
11.362075860573707 11.371079088457158 11.371079088457176 11.362075860573674
11.362073744786233 11.371076970481706 11.371076970481708 11.362073744786189
11.362071628999132 11.371074852506625 11.371074852506618 11.362071628999086
11.362069513212429 11.371072734531937 11.371072734531946 11.36206951321239
11.362067397426124 11.371070616557656 11.371070616557644 11.36206739742607
11.362065281640186 11.371068498583744 11.371068498583742 11.362065281640136
11.362063165854652 11.371066380610227 11.371066380610225 11.362063165854604
11.362061050069494 11.371064262637095 11.371064262637107 11.362061050069451
11.362058934284736 11.371062144664357 11.371062144664368 11.362058934284699
11.362056818500376 11.371060026692014 11.37106002669202 11.362056818500323
11.362054702716387 11.371057908720053 11.371057908720068 11.362054702716343
11.362052586932826 11.371055790748494 11.371055790748503 11.362052586932762
11.36205047114961 11.371053672777329 11.371053672777334 11.362050471149562
11.362048355366786 11.371051554806542 11.371051554806538 11.362048355366756
11.362046239584366 11.371049436836152 11.371049436836161 11.362046239584334
11.362044123802347 11.37104731886615 11.371047318866149 11.362044123802312
11.362042008020719 11.371045200896525 11.371045200896534 11.362042008020657
11.36203989223947 11.3710430829273 11.371043082927311 11.362039892239418
11.362037776458617 11.371040964958475 11.371040964958489 11.362037776458552
11.362035660678126 11.371038846990016 11.371038846990029 11.362035660678094
11.36203354489803 11.371036729021958 11.371036729021974 11.362033544898
11.362031429118355 11.371034611054311 11.371034611054313 11.362031429118312
11.36202931333905 11.371032493087034 11.371032493087043 11.362029313339017
11.362027197560137 11.371030375120137 11.371030375120151 11.3620271975601
11.362025081781605 11.371028257153643 11.371028257153656 11.362025081781567
11.362022966003488 11.371026139187547 11.37102613918756 11.362022966003437
11.362020850225749 11.371024021221844 11.371024021221839 11.362020850225704
11.36201873444839 11.371021903256514 11.371021903256525 11.362018734448354
11.362016618671424 11.371019785291569 11.371019785291578 11.362016618671381
11.362014502894851 11.371017667327038 11.37101766732705 11.362014502894809
11.362012387118655 11.37101554936289 11.37101554936289 11.362012387118627
11.362010271342891 11.371013431399117 11.371013431399133 11.36201027134283
11.36200815556747 11.371011313435748 11.37101131343575 11.362008155567429
11.362006039792455 11.37100919547276 11.371009195472766 11.362006039792423
11.362003924017834 11.371007077510168 11.371007077510175 11.362003924017799
11.362001808243607 11.37100495954797 11.371004959547976 11.36200180824356
11.361999692469777 11.37100284158615 11.371002841586167 11.361999692469716
11.361997576696309 11.371000723624718 11.371000723624737 11.361997576696261
11.361995460923254 11.370998605663686 11.370998605663694 11.361995460923195
11.361993345150541 11.370996487703051 11.370996487703053 11.361993345150507
11.361991229378273 11.370994369742814 11.370994369742808 11.361991229378221
11.361989113606388 11.370992251782933 11.37099225178294 11.361989113606327
11.361986997834869 11.370990133823453 11.370990133823462 11.36198699783482
11.361984882063739 11.37098801586437 11.370988015864373 11.361984882063707
11.361982766293 11.370985897905676 11.37098589790568 11.361982766292982
11.361980650522687 11.370983779947386 11.370983779947386 11.361980650522636
11.361978534752739 11.370981661989456 11.370981661989465 11.361978534752689
11.36197641898319 11.370979544031943 11.370979544031949 11.361976418983124
11.361974303214012 11.3709774260748 11.370977426074807 11.361974303213973
11.361972187445234 11.370975308118068 11.370975308118084 11.361972187445186
11.361970071676842 11.370973190161708 11.370973190161713 11.361970071676783
11.361967955908835 11.370971072205732 11.370971072205752 11.361967955908785
11.361965840141222 11.370968954250177 11.370968954250174 11.361965840141178
11.361963724373995 11.37096683629498 11.37096683629499 11.361963724373961
11.36196160860718 11.370964718340197 11.370964718340202 11.361961608607125
11.361959492840725 11.370962600385775 11.370962600385784 11.361959492840688
11.361957377074669 11.370960482431773 11.370960482431787 11.361957377074638
11.361955261309017 11.370958364478152 11.370958364478158 11.361955261308978
11.361953145543774 11.370956246524933 11.370956246524935 11.36195314554371
11.361951029778869 11.370954128572079 11.370954128572095 11.36195102977883
11.361948914014379 11.370952010619623 11.370952010619646 11.361948914014341
11.361946798250278 11.37094989266756 11.37094989266758 11.36194679825023
11.36194468248656 11.370947774715892 11.370947774715908 11.36194468248652
11.361942566723258 11.370945656764604 11.370945656764615 11.361942566723199
11.361940450960317 11.370943538813728 11.370943538813732 11.361940450960264
11.361938335197777 11.370941420863229 11.370941420863225 11.36193833519771
11.361936219435622 11.370939302913099 11.370939302913097 11.361936219435561
11.361934103673843 11.370937184963365 11.370937184963385 11.3619341036738
11.3619319879125 11.370935067014038 11.370935067014045 11.36193198791242
11.36192987215148 11.370932949065091 11.3709329490651 11.361929872151434
11.361927756390882 11.370930831116537 11.370930831116546 11.361927756390834
11.361925640630679 11.37092871316838 11.370928713168386 11.361925640630629
11.361923524870866 11.37092659522059 11.370926595220602 11.361923524870805
11.361921409111428 11.370924477273212 11.37092447727322 11.361921409111394
11.361919293352399 11.37092235932621 11.370922359326233 11.361919293352353
11.36191717759375 11.370920241379617 11.370920241379636 11.36191717759371
11.361915061835504 11.370918123433398 11.370918123433409 11.36191506183544
11.36191294607764 11.370916005487592 11.370916005487594 11.36191294607758
11.361910830320149 11.370913887542143 11.370913887542162 11.361910830320102
11.361908714563071 11.370911769597114 11.370911769597118 11.361908714563011
11.361906598806376 11.370909651652457 11.370909651652472 11.361906598806321
11.36190448305007 11.370907533708191 11.370907533708204 11.361904483050015
11.361902367294148 11.370905415764327 11.370905415764332 11.361902367294098
11.361900251538614 11.370903297820854 11.37090329782085 11.361900251538573
11.361898135783479 11.370901179877752 11.370901179877762 11.361898135783436
11.361896020028729 11.370899061935047 11.37089906193506 11.361896020028675
11.36189390427437 11.370896943992744 11.370896943992754 11.361893904274329
11.361891788520404 11.370894826050824 11.370894826050824 11.361891788520353
11.361889672766821 11.370892708109297 11.370892708109297 11.361889672766779
11.361887557013638 11.370890590168152 11.37089059016815 11.36188755701359
11.361885441260842 11.370888472227403 11.370888472227406 11.3618854412608
11.361883325508435 11.37088635428703 11.370886354287043 11.361883325508368
