0.6282472447202468 0.4711895217894256 0.4711895217894261 0.6282472447202448
0.817418886839985 0.6271223939696575 0.627122393969657 0.8174188868399825
0.9862188151578366 0.7769186616994136 0.7769186616994139 0.9862188151578335
1.1518310169440342 0.9305926407326666 0.9305926407326656 1.1518310169440313
1.3210297310060866 1.0918299383538481 1.091829938353847 1.321029731006084
1.4975169901222631 1.2626779963576233 1.2626779963576238 1.4975169901222585
1.6837243162640854 1.4446064702681505 1.4446064702681505 1.6837243162640803
1.881443873865966 1.6388332506851715 1.6388332506851708 1.8814438738659602
2.0920892874085797 1.8464314924601788 1.8464314924601777 2.0920892874085744
2.316810626451493 2.0683583097925524 2.0683583097925515 2.316810626451485
2.556542893960732 2.3054519542659966 2.3054519542659966 2.556542893960724
2.812020782577688 2.5584149154652027 2.5584149154652014 2.8120207825776786
3.083775098352132 2.8277901876213813 2.8277901876213822 3.083775098352122
3.372119102554981 3.113934291131244 3.1139342911312418 3.372119102554969
3.6771298855574974 3.4169893807016725 3.4169893807016694 3.6771298855574868
3.99862845334927 3.7368564168981124 3.73685641689811 3.9986284533492578
4.336161517669916 4.073171340505654 4.073171340505651 4.3361615176698995
4.68898759187997 4.425286216629886 4.425286216629883 4.688987591879948
5.056069680255715 4.79225728292035 4.792257282920348 5.056069680255693
5.436076484875279 5.172841674452671 5.172841674452666 5.436076484875256
5.827393577308497 5.565504269912508 5.565504269912504 5.827393577308475
6.228145370392141 5.96843560045512 5.968435600455114 6.228145370392111
6.636227993254574 6.379581102386563 6.379581102386563 6.636227993254544
7.049352366700509 6.79668122371788 6.796681223717876 7.049352366700472
7.465095966654645 7.217321082829395 7.217321082829389 7.465095966654603
7.880961034749342 7.638987610972701 7.638987610972695 7.880961034749301
8.29443643131734 8.059131478737198 8.059131478737191 8.294436431317294
8.703059996167893 8.47523068865795 8.475230688657943 8.70305999616784
9.104478228186828 8.884852566033965 8.884852566033961 9.10447822818677
9.496500322110611 9.285711017532392 9.285711017532387 9.496500322110549
9.877144079011511 9.675716333939564 9.675716333939567 9.877144079011442
10.24467187401713 10.053015436420301 10.053015436420289 10.244671874017076
10.597615638158048 10.416021226699069 10.41602122669907 10.59761563815799
10.934790602213363 10.763430510967302 10.76343051096729 10.934790602213303
11.255298277521542 11.094230738199494 11.094230738199476 11.25529827752145
11.55851974856324 11.407696454199051 11.407696454199046 11.558519748563166
11.84410078563697 11.703376874548978 11.703376874548972 11.844100785636888
12.111930539583758 11.981076300252056 11.981076300252042 12.11193053958365
12.3621156632249 12.24082924112289 12.240829241122865 12.36211566322483
12.594951641553601 12.482872095024636 12.482872095024609 12.594951641553509
12.81089294007347 12.70761308922635 12.70761308922633 12.810892940073389
13.01052333637491 12.915601962182828 12.91560196218282 13.01052333637482
13.194527520200301 13.10750058795235 13.107500587952329 13.194527520200195
13.363664762218068 13.284055454427234 13.284055454427236 13.363664762217958
13.518745184303045 13.446072626462415 13.4460726264624 13.518745184302936
13.660608929312477 13.594395573754737 13.594395573754724 13.660608929312378
13.790108334121475 13.729886031347654 13.72988603134762 13.790108334121399
13.908093058325816 13.85340789201717 13.85340789201716 13.908093058325708
14.015398010697334 13.965814003908678 13.965814003908648 14.015398010697226
14.11283384171476 14.067935659835046 14.067935659835046 14.112833841714613
14.201179727433635 14.160574511012236 14.160574511012232 14.20117972743353
14.281178151338006 14.244496611367968 14.244496611367945 14.281178151337862
14.35353139060498 14.320428292651476 14.320428292651476 14.353531390604877
14.41889942605031 14.389053579675041 14.389053579675059 14.41889942605016
14.4778990163774 14.451012874235058 14.45101287423505 14.477899016377231
14.531103703624202 14.50690266160761 14.506902661607613 14.531103703624108
14.579044545116272 14.55727602190039 14.557276021900387 14.579044545116163
14.622211395802678 14.602643757688744 14.602643757688718 14.622211395802557
14.661054592198672 14.643475977677541 14.643475977677546 14.661054592198576
14.695986914422818 14.68020400257468 14.680204002574676 14.695986914422697
14.72738572552317 14.713222483332206 14.713222483332197 14.727385725523066
14.75559520724098 14.742891643128075 14.742891643128056 14.755595207240859
14.780928628564503 14.769539572863255 14.76953957286323 14.780928628564373
14.803670598017375 14.793464525641802 14.793464525641772 14.803670598017261
14.824079262812589 14.814937168872884 14.814937168872868 14.824079262812452
14.842388428041016 14.834202763532408 14.834202763532414 14.842388428040856
14.858809577217167 14.851483249016534 14.851483249016521 14.858809577217054
14.873533782035857 14.866979219177079 14.866979219177066 14.873533782035697
14.886733494347707 14.880871780808604 14.880871780808613 14.886733494347581
14.89856421736841 14.893324290292293 14.893324290292297 14.898564217368268
14.90916605618445 14.904483967505568 14.904483967505572 14.909166056184324
14.91866514989612 14.914483388664095 14.914483388664069 14.918665149895983
14.927174989380871 14.923441861632716 14.923441861632691 14.927174989380736
14.934797625804329 14.931466688561724 14.931466688561708 14.934797625804238
14.941624775751862 14.938654321587167 14.938654321587146 14.941624775751757
14.947738829289355 14.945091417874405 14.945091417874414 14.947738829289205
14.953213767461468 14.95085580056055 14.950855800560543 14.953213767461351
14.958115995754891 14.956017332226818 14.956017332226814 14.958115995754762
14.962505099939166 14.960638707457235 14.960638707457226 14.962505099939081
14.966434530491368 14.964776170858483 14.964776170858464 14.966434530491215
14.96995222153311 14.968480166655402 14.96848016665537 14.969952221532962
14.973101149894505 14.971795925668255 14.971795925668259 14.97310114989435
14.975919839573411 14.974763995136744 14.974763995136724 14.975919839573274
14.978442816506913 14.977420716499003 14.977420716498997 14.978442816506789
14.980701018215486 14.979798655873543 14.979798655873518 14.980701018215358
14.982722162531225 14.981926991634158 14.98192699163412 14.982722162531047
14.984531079283107 14.983831863121393 14.983831863121368 14.984531079282991
14.986150008491492 14.985536684200902 14.985536684200884 14.986150008491386
14.987598868314933 14.9870624250632 14.9870624250632 14.987598868314807
14.988895495710057 14.988427865362002 14.988427865361988 14.988895495709945
14.990055862496403 14.989649821510776 14.989649821510776 14.990055862496275
14.991094269263812 14.99074335069924 14.990743350699233 14.991094269263652
14.99202351935332 14.991721933952785 14.991721933954258 14.992023519353173
14.992855074895347 14.992597640340023 14.992597640340009 14.992855074895203
14.993599196734229 14.993381274223855 14.993381274223838 14.99359919673411
14.994265069868462 14.994082507292521 14.994082507292497 14.994265069868318
14.99486091588402 14.994709996895915 14.994709996895928 14.994860915883885
14.995394093711509 14.995271492105202 14.995271492105182 14.995394093711337
14.995871189904168 14.995773928745493 14.99577392874546 14.99587118990403
14.996298099515943 14.996223514537371 14.996223514537359 14.99629809951579
14.996680098547674 14.99662580536567 14.99662580536565 14.99668009854752
14.997021908834002 14.996985773592076 14.996985773592078 14.997021908833862
14.997327756153197 14.997307869235266 14.997307869235227 14.997327756153075
14.997601422262877 14.997596074757439 14.997596074757432 14.997601422262717
14.997846291492676 14.997853954121785 14.997853954121743 14.997846291492548
14.99806539246069 14.998084696715873 14.99808469671587 14.99806539246058
14.998261435420455 14.99829115667653 14.998291156676515 14.998261435420352
14.998436845695112 14.998475888094305 14.998475888094278 14.99843684569498
14.998593793606629 14.998641176528436 14.998641176528405 14.998593793606538
14.998734221266538 14.998789067217247 14.998789067217217 14.998734221266407
14.998859866555662 14.998921390329265 14.998921390329253 14.998859866555556
14.998972284588033 14.999039783564962 14.99903978356495 14.998972284587897
14.999072866920882 14.999145712385735 14.999145712385712 14.999072866920741
14.999162858748422 14.99924048811951 14.999240488119474 14.999162858748306
14.999243374289259 14.999325284164575 14.99932528416456 14.999243374289163
14.999315410557697 14.999401150491654 14.999401150491634 14.999315410557578
14.999379859687995 14.999469026622263 14.99946902662226 14.999379859687894
14.999437519963838 14.999529753243346 14.999529753243321 14.999437519963731
14.99948910568824 14.999584082601261 14.999584082601256 14.999489105688129
14.999535256016365 14.999632687803425 14.999632687803429 14.999535256016266
14.999576542859616 14.999676171142104 14.999676171142083 14.999576542859488
14.999613477958588 14.99971507154288 14.99971507154286 14.999613477958487
14.999646519212783 14.999749871230295 14.999749871230303 14.999646519212646
14.99967607634412 14.99978100169247 14.999781001692442 14.99967607634398
14.999702515965334 14.999808849018281 14.99980884901826 14.99970251596518
14.999726166115085 14.999833758673658 14.999833758673654 14.999726166114973
14.999747320316331 14.99985603977507 14.999856039775057 14.999747320316184
14.999766241207277 14.999875968913898 14.999875968913896 14.999766241207167
14.999783163791253 14.999893793578261 14.99989379357828 14.999783163791117
14.99979829834376 14.999909735215173 14.999909735215173 14.999798298343647
14.999811833014666 14.999923991970313 14.999923991970288 14.999811833014546
14.999823936155758 14.999936741139678 14.999936741139685 14.999823936155636
14.999834758404173 14.999948141363443 14.999948141363447 14.999834758404033
14.999844434546148 14.999958334588822 14.999958334588815 14.999844434546013
14.999853085184887 14.9999674478265 14.999967447826503 14.99985308518476
14.999860818232984 14.999975594722317 14.999975594722288 14.999860818232847
14.999867730247658 14.999982876963477 14.999982876963452 14.999867730247535
14.999873907625721 14.999989385536962 14.999989385536928 14.999873907625586
14.999879427672578 14.999995201855361 14.999995201855336 14.99987942767244
14.999884359558964 15.000000398764401 15.000000398764398 14.999884359558864
14.999888765176943 15.000005041444405 15.000005041444393 14.999888765176799
14.999892699905649 15.000009188216767 15.000009188216767 14.999892699905505
14.999896213296726 15.000012891265943 15.000012891265918 14.999896213296607
14.999899349687679 15.000016197284877 15.000016197284877 14.999899349687558
14.999902148750277 15.00001914805318 15.000019148053179 14.99990214875014
14.999904645981701 15.000021780953956 15.000021780953956 14.999904645981532
14.999906873143729 15.00002412943656 15.000024129436568 14.999906873143573
14.99990885865588 15.000026223430417 15.000026223430384 14.999908858655765
14.999910627947147 15.00002808971548 15.00002808971547 14.999910627947015
14.999912203770522 15.000029752253662 15.000029752253662 14.999912203770403
14.999913606484776 15.000031232485425 15.000031232485421 14.999913606484657
14.999914854306342 15.000032549594977 15.000032549594952 14.999914854306185
14.99991596353451 15.000033720747707 15.000033720747718 14.999915963534427
14.99991694875378 15.000034761302842 15.000034761302823 14.999916948753668
14.999917823013599 15.0000356850032 15.000035685003208 14.999917823013476
14.999918597990272 15.000036504145552 15.000036504145527 14.999918597990188
14.999919284131563 15.000037229732596 15.000037229732564 14.99991928413143
14.999919890785602 15.000037871609223 15.000037871609193 14.999919890785465
14.999920426316882 15.000038438584342 15.0000384385843 14.999920426316748
14.999920898209785 15.000038938539907 15.000038938539916 14.99992089820964
14.999921313161007 15.000039378528493 15.00003937852848 14.999921313160844
14.999921677162535 15.000039764860409 15.000039764860386 14.999921677162378
14.999921995575821 15.000040103182032 15.000040103182023 14.999921995575727
14.999922273198308 15.000040398545536 15.000040398545508 14.999922273198191
14.999922514322344 15.000040655471421 15.000040655471409 14.999922514322192
14.99992272278863 15.000040878004503 15.000040878004508 14.999922722788531
14.999922902033934 15.00004106976401 15.000041069764015 14.999922902033813
14.999923055133102 15.000041233988245 15.00004123398825 14.999923055132987
14.999923184837524 15.000041373574804 15.000041373574772 14.999923184837392
14.999923293609054 15.000041491116274 15.000041491116264 14.999923293608932
14.99992338365051 15.000041588932527 15.000041588932522 14.999923383650378
14.99992345693284 15.000041669099236 15.000041669099243 14.999923456932729
14.999923515219669 15.000041733473742 15.000041733473706 14.999923515219544
14.999923560088972 15.000041783717801 15.00004178371776 14.999923560088803
14.999923592952626 15.000041821318387 15.00004182131837 14.999923592952502
14.999923615074065 15.000041847606 15.000041847606013 14.999923615073946
14.999923627583682 15.000041863771147 15.000041863771129 14.999923627583554
14.999923631492951 15.000041870878976 15.000041870878974 14.999923631492802
14.999923627706835 15.000041869882605 15.000041869882596 14.999923627706737
14.999923617035217 15.000041861634882 15.000041861634854 14.99992361703512
14.999923600202678 15.000041846898828 15.000041846898824 14.999923600202532
14.999923577857412 15.000041826357235 15.000041826357243 14.999923577857297
14.999923550579638 15.00004180062105 15.000041800621032 14.999923550579492
14.99992351888838 15.000041770236882 15.00004177023686 14.999923518888234
14.99992348324805 15.000041735693811 15.00004173569381 14.999923483247901
14.999923444074202 15.000041697429541 15.000041697429538 14.999923444074087
14.99992340173873 15.000041655835654 15.000041655835629 14.999923401738627
14.999923356574296 15.000041611262468 15.000041611262459 14.999923356574156
14.999923308878593 15.000041564023558 15.000041564023542 14.999923308878483
14.99992325891801 15.000041514399422 15.000041514399406 14.999923258917907
14.999923206930877 15.000041462641043 15.000041462641041 14.999923206930754
14.999923153130442 15.000041408973031 15.000041408973011 14.999923153130311
14.999923097707539 15.00004135359633 15.000041353596314 14.999923097707399
14.99992304083287 15.000041296690759 15.000041296690737 14.99992304083273
14.999922982659205 15.00004123841718 15.000041238417193 14.999922982659065
14.999922923323261 15.000041178919558 15.000041178919549 14.999922923323135
14.999922862947324 15.00004111832673 15.000041118326722 14.99992286294725
14.999922801640858 15.0000410567539 15.000041056753895 14.99992280164076
14.999922739501832 15.00004099430422 15.000040994304216 14.999922739501702
14.99992267661774 15.000040931069938 15.000040931069941 14.99992267661762
14.999922613067078 15.000040867133677 15.000040867133658 14.999922613066921
14.999922548919908 15.000040802569243 15.00004080256922 14.999922548919804
14.999922484239123 15.000040737442761 15.000040737442736 14.999922484238976
14.99992241908076 15.000040671813379 15.000040671813373 14.999922419080619
14.999922353495071 15.000040605734032 15.000040605734041 14.99992235349498
14.99992228752714 15.000040539252014 15.000040539252026 14.999922287527042
14.999922221217142 15.000040472409774 15.000040472409777 14.999922221217
14.999922154600998 15.00004040524519 15.000040405245176 14.999922154600874
14.999922087711019 15.000040337792187 15.000040337792178 14.999922087710882
14.999922020575973 15.00004027008109 15.000040270081069 14.999922020575841
14.999921953221634 15.000040202139074 15.000040202139067 14.999921953221518
14.999921885671103 15.000040133990428 15.000040133990408 14.999921885670975
14.999921817945056 15.000040065656917 15.000040065656885 14.999921817944884
14.999921750061906 15.000039997157963 15.000039997157963 14.999921750061747
14.999921682038178 15.000039928511015 15.00003992851101 14.999921682038067
14.999921613888779 15.000039859731638 15.000039859731642 14.999921613888647
14.999921545626803 15.000039790833764 15.000039790833744 14.999921545626663
14.999921477264142 15.000039721829816 15.000039721829836 14.999921477264001
14.999921408811396 15.000039652731049 15.000039652731036 14.999921408811264
14.999921340278027 15.000039583547355 15.000039583547355 14.999921340277918
14.999921271672573 15.000039514287721 15.000039514287698 14.999921271672454
14.999921203002597 15.000039444960118 15.000039444960096 14.999921203002435
14.999921134274809 15.000039375571705 15.000039375571692 14.999921134274693
14.999921065495439 15.00003930612888 15.000039306128869 14.99992106549527
14.999920996669731 15.00003923663737 15.000039236637365 14.99992099666962
14.999920927802735 15.00003916710228 15.000039167102264 14.999920927802615
14.999920858898696 15.000039097528227 15.00003909752821 14.999920858898605
14.999920789961553 15.000039027919295 15.000039027919295 14.999920789961438
14.999920720994785 15.000038958279161 15.00003895827915 14.999920720994684
14.999920652001519 15.000038888611096 15.000038888611083 14.999920652001391
14.99992058298447 15.000038818918064 15.00003881891804 14.999920582984371
14.999920513946211 15.000038749202652 15.00003874920263 14.999920513946128
14.999920444889037 15.000038679467227 15.000038679467256 14.999920444888904
14.999920375814789 15.000038609713949 15.000038609713945 14.999920375814659
14.99992030672535 15.000038539944624 15.000038539944615 14.999920306725251
14.999920237622293 15.000038470160964 15.000038470160963 14.999920237622188
14.999920168507053 15.000038400364513 15.000038400364504 14.999920168506959
14.999920099380995 15.000038330556574 15.000038330556533 14.99992009938086
14.999920030245148 15.000038260738313 15.000038260738348 14.999920030245013
14.999919961100556 15.00003819091096 15.000038190910955 14.999919961100415
14.999919891948142 15.000038121075365 15.000038121075342 14.99991989194806
14.999919822788824 15.000038051232394 15.0000380512324 14.999919822788678
14.999919753623185 15.000037981382853 15.000037981382853 14.99991975362307
14.999919684451983 15.000037911527436 15.000037911527436 14.999919684451873
14.999919615275795 15.000037841666746 15.000037841666733 14.999919615275678
14.999919546095125 15.00003777180134 15.000037771801324 14.999919546094993
14.999919476910433 15.00003770193172 15.00003770193169 14.999919476910298
14.999919407722146 15.000037632058312 15.000037632058294 14.999919407722047
14.999919338530663 15.000037562181515 15.00003756218153 14.999919338530562
14.999919269336337 15.000037492301722 15.000037492301718 14.999919269336226
14.99991920013944 15.000037422419226 15.000037422419235 14.99991920013932
14.999919130940262 15.000037352534298 15.000037352534294 14.999919130940127
14.999919061739002 15.000037282647238 15.000037282647233 14.999919061738861
14.999918992535909 15.000037212758196 15.000037212758192 14.999918992535763
14.999918923331133 15.000037142867468 15.000037142867459 14.999918923331029
14.999918854124923 15.000037072975172 15.000037072975164 14.999918854124807
14.999918784917437 15.000037003081484 15.000037003081488 14.999918784917284
14.99991871570872 15.000036933186566 15.000036933186545 14.999918715708583
14.999918646498918 15.00003686329053 15.000036863290507 14.99991864649881
14.999918577288245 15.00003679339349 15.00003679339349 14.999918577288096
14.999918508076691 15.000036723495574 15.000036723495565 14.999918508076549
14.999918438864368 15.000036653596846 15.000036653596839 14.999918438864237
14.999918369651358 15.000036583697426 15.000036583697412 14.999918369651265
14.999918300437805 15.000036513797362 15.00003651379735 14.9999183004377
14.999918231223688 15.00003644389675 15.000036443896715 14.999918231223564
14.999918162009047 15.000036373995588 15.000036373995577 14.999918162008942
14.99991809279403 15.000036304093985 15.00003630409398 14.999918092793909
14.999918023578607 15.000036234192008 15.00003623419197 14.999918023578466
14.999917954362802 15.000036164289616 15.000036164289602 14.999917954362681
14.999917885146756 15.000036094386912 15.0000360943869 14.999917885146616
14.999917815930372 15.000036024483924 15.00003602448392 14.999917815930242
14.99991774671376 15.00003595458067 15.000035954580655 14.999917746713622
14.999917677496931 15.000035884677168 15.000035884677164 14.999917677496788
14.999917608279882 15.000035814773465 15.000035814773481 14.999917608279754
14.999917539062686 15.000035744869608 15.000035744869596 14.999917539062526
14.99991746984533 15.000035674965527 15.000035674965543 14.999917469845178
14.99991740062779 15.000035605061353 15.000035605061328 14.999917400627659
14.999917331410165 15.000035535157018 15.000035535157018 14.999917331410007
14.999917262192389 15.00003546525257 15.000035465252548 14.999917262192264
14.999917192974529 15.000035395348004 15.000035395347995 14.999917192974412
14.999917123756605 15.000035325443363 15.000035325443326 14.999917123756449
14.999917054538555 15.000035255538586 15.000035255538585 14.99991705453843
14.999916985320482 15.000035185633786 15.00003518563377 14.999916985320331
14.999916916102299 15.0000351157289 15.000035115728886 14.999916916102162
14.999916846884032 15.000035045823951 15.000035045823923 14.99991684688392
14.999916777665797 15.000034975918936 15.000034975918915 14.999916777665636
14.99991670844746 15.00003490601387 15.000034906013873 14.999916708447326
14.999916639229111 15.000034836108778 15.000034836108753 14.999916639228958
14.999916570010692 15.00003476620366 15.000034766203644 14.999916570010576
14.999916500792281 15.000034696298457 15.000034696298455 14.999916500792121
14.999916431573775 15.000034626393239 15.000034626393255 14.999916431573672
14.999916362355284 15.000034556488036 15.000034556488027 14.999916362355155
14.999916293136764 15.00003448658276 15.000034486582775 14.999916293136643
14.999916223918248 15.000034416677494 15.00003441667748 14.999916223918108
14.999916154699694 15.000034346772196 15.000034346772189 14.999916154699548
14.999916085481129 15.000034276866879 15.000034276866888 14.999916085480988
14.999916016262514 15.000034206961537 15.000034206961546 14.999916016262402
14.999915947043934 15.000034137056218 15.000034137056195 14.999915947043812
14.99991587782533 15.00003406715084 15.000034067150837 14.999915877825174
14.999915808606639 15.000033997245476 15.000033997245453 14.999915808606561
