0.6717877123052889 0.5935907831007136 0.5871618667704946 0.5935907831007133 0.6717877123052886
0.8703058530629378 0.7717820802619294 0.7610616625544233 0.7717820802619283 0.8703058530629378
1.0467977895283822 0.9364629796239976 0.9230725230879344 0.9364629796239965 1.0467977895283809
1.2199050488712742 1.1018948780069404 1.0870192571398698 1.1018948780069384 1.2199050488712726
1.3973653967966548 1.273747983638563 1.2581824044704562 1.2737479836385592 1.3973653967966528
1.5835350711820189 1.455286439022614 1.439543900237542 1.4552864390226112 1.5835350711820169
1.7812676735847992 1.648777985485741 1.6331787064756311 1.6487779854857363 1.7812676735847968
1.9925971827087476 1.8559525801852779 1.8406892380064215 1.8559525801852723 1.9925971827087428
2.2190262770961082 2.0781737459567076 2.0633567322690523 2.0781737459567022 2.219026277096102
2.461650085656374 2.3164990888800485 2.3021870083785094 2.3164990888800405 2.4616500856563697
2.7212017460707854 2.5716905142637625 2.557910332551638 2.5716905142637545 2.721201746070779
2.9980586467249 2.8441996748983183 2.830959817188492 2.844199674898305 2.998058646724892
3.292229699175657 3.134141883282604 3.1214406107020425 3.13414188328259 3.2922296991756497
3.6033359704842427 3.441266941054749 3.4290975884873056 3.441266941054731 3.6033359704842334
3.93059321136366 3.7649333062078307 3.7532874394702427 3.7649333062078107 3.930593211363646
4.2728027333543075 4.104090957785756 4.092960150892939 4.104090957785731 4.272802733354297
4.62835558618664 4.45727746250511 4.446654159950433 4.457277462505087 4.6283555861866255
4.995253530600848 4.8226307352012645 4.812508511211215 4.8226307352012325 4.995253530600826
5.371148667393063 5.1979206616152736 5.188294090304994 5.197920661615235 5.371148667393043
5.753401742037149 5.580600109797042 5.5714643975872 5.580600109797003 5.75340174203713
6.1391572064274005 5.967874004695471 5.959224495962825 5.967874004695426 6.1391572064273685
6.525431286708699 6.356783277880397 6.348614917653866 6.356783277880339 6.525431286708657
6.909207817843978 6.74429887742774 6.736605695119302 6.744298877427672 6.909207817843941
7.287535679079257 7.127419873527532 7.120194535532476 7.127419873527457 7.2875356790792205
7.657621441693406 7.503269204957981 7.496502669454002 7.503269204957905 7.657621441693362
8.016911351004477 7.869180858132335 7.862862151751949 7.869180858132251 8.016911351004419
8.363157916770332 8.222773208574777 8.216889331858702 8.222773208574688 8.363157916770287
8.694467987038301 8.562004725712956 8.55654068288397 8.56200472571286 8.69446798703824
9.009330979413829 8.885210010052853 8.880148949337444 8.885210010052747 9.009330979413772
9.306627684793554 9.191115935752263 9.186439379760841 9.191115935752144 9.306627684793485
9.585621528757923 9.47883927606273 9.474527417876446 9.47883927606261 9.585621528757867
9.845935236368945 9.747868423922489 9.74390046344174 9.747868423922357 9.845935236368858
10.087516443402038 9.998032598973817 9.99438709537269 9.998032598973682 10.087516443401956
10.310595953835469 10.229462251341495 10.22611747054743 10.229462251341351 10.310595953835385
10.515642137564964 10.44254429207112 10.439478532368696 10.442544292070973 10.515642137564889
10.703314500560046 10.637875399720787 10.635067283210445 10.637875399720636 10.703314500559962
10.87441885356443 10.816216085170831 10.813644807352718 10.816216085170682 10.874418853564336
11.029865853502486 10.978447547983672 10.976093081792753 10.978447547983524 11.029865853502406
11.170634069477344 11.125532713055149 11.123375967013102 11.125532713054994 11.170634069477245
11.2977381820625 11.258482255493167 11.256505188174621 11.258482255493004 11.29773818206241
11.412202485910559 11.378325938880288 11.376511633631731 11.37832593888012 11.412202485910438
11.515039537827581 11.486089220262956 11.484421925149428 11.48608922026277 11.515039537827509
11.607233568444093 11.582774811721166 11.581239950135863 11.58277481172101 11.607233568443988
11.689728140742913 11.669348720773938 11.667932878164944 11.669348720773762 11.689728140742803
11.763417474978555 11.746730202866285 11.74542109474458 11.7467302028661 11.763417474978484
11.829140848746793 11.815785030238168 11.814571456144838 11.815785030237967 11.829140848746688
11.887679506740938 11.87732149525832 11.876193282777797 11.877321495258132 11.8876795067408
11.93975556338492 11.932088607952519 11.931036550232315 11.932088607952315 11.939755563384823
11.986032442395967 11.980776005094839 11.979791794717201 11.980776005094631 11.986032442395844
12.02711646258831 12.024015152952126 12.023091314432788 12.024015152951925 12.027116462588213
12.063559243521084 12.062381491300172 12.061511313979645 12.062381491299972 12.063559243520986
12.095860664522226 12.096397228563868 12.095574701216236 12.09639722856367 12.0958606645221
12.124472164306837 12.126534554452709 12.125754302566259 12.126534554452524 12.124472164306717
12.149800215032029 12.15321908608889 12.152476312468634 12.153219086088702 12.149800215031899
12.172209844113016 12.17683340602944 12.176123835127305 12.176833406029218 12.172209844112924
12.192028109845243 12.197720586002793 12.197040412189056 12.197720586002568 12.192028109845149
12.20954746346848 12.216187619172285 12.215533459015468 12.216187619172096 12.209547463468382
12.225028951534869 12.232508707036482 12.231877555549056 12.232508707036295 12.225028951534764
12.238705229082099 12.246928365465543 12.246317556193906 12.246928365465344 12.238705229081983
12.250783366920594 12.259664328628004 12.259071497410316 12.259664328627801 12.250783366920476
12.261447446004835 12.270910240399594 12.270333292580235 12.270910240399381 12.261447446004713
12.270860938976387 12.280838130906245 12.280275211774667 12.280838130906023 12.270860938976256
12.279168884062587 12.289600681692251 12.289050149905426 12.28960068169205 12.279168884062463
12.286499860022262 12.297333287089897 12.296793690835885 12.297333287089689 12.286499860022161
12.292967773111204 12.304155922088436 12.303625977755132 12.304155922088242 12.292967773111105
12.29867346838791 12.310174828682152 12.309653401803057 12.310174828681944 12.298673468387838
12.303706178330009 12.315484033568584 12.3149701218311 12.315484033568392 12.30370617832992
12.308144821868611 12.320166710383926 12.31965942849799 12.320166710383722 12.3081448218685
12.312059166721792 12.32429639955564 12.323794965796596 12.324296399555424 12.312059166721687
12.315510867428358 12.32793809845577 12.327441822708868 12.32793809845558 12.315510867428241
12.318554390838491 12.331149233942943 12.330657507092395 12.331149233942732 12.318554390838381
12.321237840074362 12.333980528663785 12.333492813183254 12.333980528663574 12.321237840074277
12.323603687177105 12.336476771699203 12.335992593313533 12.336476771698983 12.323603687176972
12.325689423845677 12.338677503325885 12.338196443627403 12.33867750332569 12.325689423845539
12.327528138871603 12.340617622851955 12.340139312765457 12.340617622851738 12.327528138871513
12.329149030097405 12.342327927692647 12.341852041694635 12.342327927692436 12.329149030097259
12.330577857989697 12.343835591095933 12.343361842103299 12.343835591095727 12.330577857989578
12.331837347228834 12.345164585213977 12.344692720066343 12.345164585213773 12.331837347228733
12.332947542070196 12.346336055551008 12.34586585101924 12.346336055550811 12.332947542070096
12.333926120644907 12.347368652204304 12.346899911464806 12.3473686522041 12.333926120644806
12.334788672822858 12.348278822749393 12.347811372270916 12.348278822749181 12.334788672822736
12.335548945768755 12.349081071108161 12.348614757903349 12.349081071107959 12.335548945768632
12.33621906087522 12.349788186269418 12.349322875468797 12.349788186269208 12.336219060875093
12.33680970535222 12.350411444310868 12.34994701702212 12.350411444310687 12.336809705352115
12.337330301390717 12.350960786790564 12.350497138209414 12.35096078679036 12.337330301390631
12.33778915549064 12.351444978233815 12.350982015977777 12.351444978233616 12.337789155490514
12.338193590253107 12.351871745136647 12.35140938777492 12.351871745136451 12.338193590253045
12.338550060676152 12.352247898631827 12.351786074388777 12.352247898631608 12.338550060676052
12.3388642567586 12.352579442720371 12.352118088332164 12.352579442720172 12.338864256758491
12.339141194013688 12.352871669753412 12.352410729459617 12.352871669753197 12.339141194013576
12.339385293305947 12.353129244655387 12.352668669309887 12.35312924465518 12.339385293305831
12.339600451264198 12.353356279208391 12.352896025495484 12.353356279208196 12.339600451264086
12.339790102376696 12.35355639756358 12.353096427306701 12.353556397563379 12.339790102376563
12.339957273746835 12.353732794011115 12.35327307356358 12.35373279401091 12.3399572737467
12.340104633373505 12.353888283919478 12.353428783627306 12.353888283919261 12.340104633373423
12.340234532718954 12.354025348648713 12.353566042376993 12.354025348648507 12.34023453271883
12.340349044237598 12.354146175148346 12.353687039863846 12.354146175148147 12.340349044237508
12.340449994461858 12.354252690866952 12.3537937062702 12.354252690866742 12.340449994461757
12.340538993168083 12.354346594527359 12.353887742728206 12.354346594527136 12.340538993167993
12.340617459087683 12.354429383255772 12.353970648487623 12.354429383255589 12.340617459087557
12.340686642570278 12.35450237649625 12.354043744863972 12.354502376496072 12.340686642570173
12.340747645561253 12.35456673709032 12.354108196348148 12.354566737090117 12.34074764556115
12.340801439210157 12.354623489857678 12.354165029213597 12.35462348985747 12.340801439210047
12.340848879391185 12.354673537973841 12.354215147916955 12.35467353797365 12.340848879391068
12.340890720383136 12.354717677405343 12.354259349553741 12.354717677405132 12.340890720383017
12.340927626926439 12.354756609632645 12.354298336599564 12.354756609632448 12.340927626926325
12.340960184850049 12.354790952864175 12.354332728139754 12.354790952863945 12.340960184849926
12.340988910437362 12.354821251919535 12.354363069766773 12.354821251919336 12.340988910437291
12.34101425868122 12.354847986940461 12.354389842303448 12.35484798694025 12.341014258681122
12.341036630558703 12.35487158106782 12.354413469490934 12.35487158106762 12.341036630558609
12.341056379443316 12.354892407207863 12.35443432476442 12.354892407207656 12.34105637944322
12.341073816755744 12.354910793995261 12.354452737224776 12.354910793995046 12.341073816755607
12.34108921694402 12.3549270310486 12.354468996901456 12.3549270310484 12.3410892169439
12.341102821872905 12.354941373602166 12.354483359390779 12.354941373601955 12.34110282187276
12.341114844691665 12.354954046587576 12.354496049943538 12.354954046587373 12.341114844691537
12.34112547324342 12.354965248231554 12.35450726706756 12.354965248231336 12.341125473243318
12.341134873069365 12.354975153226013 12.354517185702608 12.354975153225787 12.341134873069246
12.341143190056334 12.354983915522268 12.35452596001843 12.354983915522054 12.341143190056188
12.341150552770323 12.354991670793352 12.354533725880497 12.354991670793147 12.341150552770195
12.341157074512962 12.35499853860408 12.354540603023217 12.35499853860388 12.341157074512868
12.341162855133744 12.355004624323518 12.354546696965132 12.355004624323305 12.34116285513364
12.341167982626917 12.3550100208102 12.354552100696585 12.35501002081 12.34116798262682
12.341172534539329 12.355014809897785 12.354556896167233 12.355014809897577 12.341172534539202
12.341176579210542 12.355019063703644 12.35456115559681 12.35501906370342 12.34117657921045
12.341180176866283 12.355022845782717 12.354564942630413 12.355022845782518 12.341180176866187
12.341183380581532 12.35502621214401 12.354568313356465 12.355026212143807 12.341183380581402
12.341186237129586 12.355029212146494 12.354571317203982 12.355029212146286 12.341186237129465
12.341188787730372 12.355031889288721 12.354573997733223 12.355031889288531 12.341188787730244
12.341191068709621 12.355034281904619 12.354576393332456 12.355034281904395 12.341191068709541
12.341193112080216 12.355036423776582 12.354578537832104 12.355036423776358 12.341193112080132
12.341194946053962 12.355038344676014 12.354580461045746 12.355038344675801 12.341194946053838
12.341196595492999 12.35504007083957 12.354582189247232 12.355040070839369 12.341196595492882
12.341198082307603 12.355041625388692 12.354583745590807 12.355041625388477 12.341198082307516
12.34119942580662 12.355043028699567 12.354585150481626 12.355043028699358 12.341199425806522
12.34120064300627 12.355044298729121 12.354586421902034 12.35504429872891 12.341200643006154
12.341201748902382 12.355045451302187 12.354587575699306 12.35504545130198 12.341201748902265
12.341202756710334 12.355046500364661 12.354588625839169 12.355046500364459 12.34120275671018
12.341203678076347 12.355047458206654 12.35458958462912 12.355047458206455 12.341203678076225
12.341204523263931 12.355048335659008 12.35459046291539 12.355048335658806 12.341204523263823
12.341205301317974 12.35504914226659 12.354591270256394 12.355049142266397 12.34120530131788
12.341206020209402 12.355049886441014 12.354592015075678 12.355049886440801 12.341206020209317
12.34120668696278 12.3550505755951 12.35459270479657 12.355050575594895 12.341206686962687
12.341207307768599 12.355051216261607 12.354593345961078 12.355051216261398 12.341207307768501
12.341207888082332 12.355051814197584 12.354593944334448 12.355051814197367 12.341207888082206
12.341208432711689 12.355052374476527 12.354594504997355 12.355052374476323 12.341208432711566
12.341208945893616 12.355052901569568 12.354595032427314 12.355052901569348 12.341208945893486
12.341209431361905 12.355053399416978 12.354595530570133 12.355053399416787 12.341209431361795
12.341209892407141 12.355053871491183 12.354596002903152 12.35505387149098 12.341209892407024
12.341210331929092 12.355054320852288 12.354596452490888 12.355054320852075 12.341210331928979
12.341210752483304 12.355054750197068 12.354596882033887 12.35505475019686 12.341210752483187
12.341211156321853 12.35505516190212 12.354597293912168 12.35505516190193 12.341211156321728
12.341211545429429 12.355055558061897 12.35459769022308 12.355055558061705 12.341211545429339
12.341211921555143 12.355055940522131 12.354598072815019 12.35505594052193 12.341211921555022
12.34121228624028 12.355056310909383 12.354598443316839 12.355056310909154 12.34121228624018
12.341212640843281 12.35505667065712 12.354598803164077 12.355056670656902 12.341212640843173
12.341212986561223 12.355057021028587 12.354599153621741 12.355057021028383 12.341212986561096
12.341213324449013 12.35505736313708 12.35459949580471 12.35505736313687 12.341213324448905
12.341213655436368 12.355057697963675 12.354599830695449 12.35505769796347 12.341213655436269
12.341213980342605 12.355058026372982 12.354600159159787 12.355058026372793 12.341213980342518
12.34121429988978 12.355058349126956 12.354600481960757 12.35505834912673 12.341214299889677
12.341214614714165 12.35505866689701 12.35460079977079 12.355058666896822 12.341214614714032
12.341214925376468 12.355058980274976 12.354601113182458 12.355058980274784 12.341214925376342
12.34121523237089 12.355059289782307 12.354601422718002 12.35505928978211 12.341215232370791
12.341215536133 12.355059595878574 12.354601728837652 12.355059595878377 12.341215536132875
12.341215837046493 12.355059898968797 12.354602031946976 12.355059898968573 12.341215837046375
12.341216135449612 12.355060199409841 12.354602332403408 12.355060199409643 12.3412161354495
12.341216431640444 12.355060497516329 12.354602630521935 12.355060497516135 12.341216431640328
12.341216725881651 12.355060793565386 12.354602926580135 12.355060793565194 12.341216725881537
12.341217018404713 12.355061087801358 12.354603220822648 12.355061087801147 12.341217018404613
12.341217309413647 12.355061380439464 12.354603513465044 12.35506138043928 12.341217309413542
12.341217599088228 12.355061671669475 12.354603804697309 12.355061671669246 12.341217599088106
12.341217887586868 12.355061961658489 12.354604094686898 12.355061961658295 12.341217887586756
12.341218175049194 12.355062250553967 12.354604383581323 12.355062250553754 12.341218175049082
12.341218461598274 12.355062538485667 12.354604671510655 12.355062538485454 12.341218461598169
12.341218747342513 12.355062825568048 12.354604958589457 12.355062825567844 12.34121874734241
12.341219032377493 12.355063111901949 12.354605244918696 12.355063111901757 12.34121903237739
12.341219316787427 12.355063397576261 12.354605530587412 12.355063397576068 12.34121931678733
12.34121960064653 12.35506368266929 12.354605815674011 12.355063682669089 12.34121960064642
12.341219884020182 12.355063967250036 12.354606100247636 12.355063967249839 12.34121988402009
12.341220166966078 12.355064251379343 12.35460638436916 12.355064251379142 12.34122016696596
12.341220449534923 12.355064535110804 12.354606668092243 12.355064535110595 12.34122044953481
12.341220731771534 12.355064818491657 12.354606951464287 12.355064818491451 12.341220731771427
12.341221013715362 12.355065101563524 12.354607234526851 12.355065101563332 12.341221013715256
12.341221295401171 12.355065384363115 12.35460751731677 12.355065384362911 12.341221295401057
12.341221576859573 12.35506566692275 12.354607799866407 12.355065666922549 12.341221576859473
12.341221858117589 12.355065949270918 12.354608082204251 12.355065949270712 12.3412218581175
12.341222139199033 12.3550662314327 12.354608364355467 12.355066231432504 12.341222139198921
12.341222420124833 12.355066513430272 12.354608646342223 12.355066513430073 12.341222420124723
12.341222700913505 12.355066795283122 12.35460892818406 12.355066795282905 12.34122270091337
12.341222981581279 12.355067077008398 12.354609209898154 12.355067077008195 12.341222981581184
12.34122326214256 12.355067358621312 12.354609491499705 12.355067358621092 12.341223262142448
12.341223542609965 12.35506764013513 12.354609773002053 12.355067640134928 12.341223542609868
12.341223822994674 12.355067921561686 12.354610054416971 12.355067921561476 12.341223822994547
12.341224103306482 12.3550682029113 12.354610335754858 12.355068202911097 12.341224103306343
12.341224383554017 12.355068484193126 12.354610617024882 12.355068484192923 12.341224383553904
12.341224663744963 12.355068765415215 12.35461089823504 12.355068765414998 12.341224663744843
12.341224943885988 12.355069046584642 12.354611179392506 12.355069046584426 12.341224943885889
12.341225223983058 12.355069327707671 12.354611460503488 12.355069327707461 12.34122522398297
12.34122550404141 12.355069608789828 12.354611741573525 12.355069608789625 12.34122550404131
12.341225784065626 12.35506988983593 12.354612022607492 12.355069889835738 12.341225784065507
12.34122606405971 12.355070170850304 12.354612303609665 12.355070170850102 12.341226064059613
12.34122634402733 12.355070451836676 12.354612584583801 12.355070451836475 12.341226344027204
12.341226623971544 12.355070732798406 12.354612865533234 12.355070732798199 12.34122662397142
12.341226903895155 12.355071013738405 12.354613146460942 12.355071013738186 12.341226903895057
12.341227183800674 12.355071294659222 12.354613427369438 12.355071294659028 12.341227183800541
12.341227463690139 12.355071575563217 12.354613708261043 12.355071575563006 12.341227463690053
12.341227743565558 12.35507185645233 12.354613989137768 12.355071856452113 12.341227743565439
12.341228023428549 12.355072137328298 12.354614270001356 12.355072137328106 12.341228023428442
12.341228303280591 12.355072418192742 12.354614550853388 12.355072418192552 12.341228303280488
12.341228583122973 12.355072699047016 12.354614831695221 12.35507269904681 12.341228583122874
12.341228862956882 12.355072979892316 12.35461511252809 12.355072979892102 12.341228862956777
12.341229142783291 12.355073260729727 12.35461539335305 12.355073260729515 12.341229142783192
12.341229422603119 12.355073541560165 12.354615674171011 12.355073541559964 12.34122942260301
12.34122970241714 12.355073822384455 12.35461595498283 12.355073822384256 12.341229702417023
12.341229982225984 12.35507410320335 12.35461623578925 12.355074103203133 12.341229982225887
12.341230262030388 12.355074384017486 12.354616516590916 12.35507438401728 12.341230262030262
12.341230541830761 12.355074664827422 12.354616797388351 12.355074664827212 12.341230541830647
12.341230821627647 12.355074945633653 12.354617078182075 12.355074945633438 12.341230821627539
12.341231101421458 12.35507522643664 12.354617358972568 12.355075226436423 12.341231101421346
12.34123138121253 12.355075507236748 12.354617639760166 12.355075507236533 12.341231381212427
12.341231661001201 12.355075788034314 12.354617920545238 12.35507578803411 12.341231661001098
12.341231940787788 12.355076068829659 12.354618201328083 12.35507606882947 12.341231940787674
12.341232220572483 12.355076349623053 12.354618482108945 12.355076349622852 12.341232220572374
12.341232500355542 12.355076630414706 12.35461876288809 12.355076630414503 12.341232500355465
12.341232780137197 12.355076911204861 12.354619043665695 12.355076911204645 12.341232780137096
12.341233059917561 12.355077191993638 12.354619324441963 12.35507719199342 12.341233059917439
12.34123333969678 12.355077472781252 12.354619605217065 12.355077472781053 12.341233339696693
12.341233619475066 12.35507775356785 12.354619885991118 12.355077753567643 12.341233619474956
12.341233899252478 12.355078034353498 12.354620166764253 12.355078034353285 12.341233899252344
12.341234179029096 12.355078315138357 12.354620447536586 12.355078315138138 12.34123417902896
12.341234458805056 12.355078595922471 12.3546207283082 12.355078595922276 12.341234458804932
12.341234738580416 12.355078876705992 12.354621009079182 12.355078876705793 12.3412347385803
12.341235018355253 12.355079157488992 12.35462128984961 12.35507915748877 12.34123501835513
12.341235298129638 12.355079438271458 12.354621570619573 12.355079438271257 12.341235298129519
12.341235577903603 12.355079719053515 12.35462185138909 12.355079719053304 12.341235577903495
12.341235857677228 12.355079999835201 12.354622132158239 12.355079999834992 12.341235857677118
12.341236137450558 12.355080280616553 12.354622412927073 12.355080280616345 12.341236137450428
12.341236417223556 12.355080561397624 12.354622693695601 12.3550805613974 12.341236417223458
12.341236696996358 12.355080842178412 12.354622974463883 12.355080842178223 12.34123669699626
12.34123697676896 12.355081122959003 12.354623255231926 12.355081122958811 12.34123697676886
12.341237256541374 12.355081403739398 12.3546235359998 12.355081403739197 12.341237256541252
12.341237536313603 12.355081684519643 12.35462381676747 12.355081684519416 12.341237536313484
12.341237816085684 12.35508196529968 12.354624097535002 12.355081965299478 12.341237816085592
12.341238095857687 12.355082246079625 12.35462437830241 12.355082246079418 12.341238095857557
12.341238375629553 12.35508252685943 12.3546246590697 12.355082526859235 12.34123837562944
12.341238655401305 12.355082807639175 12.354624939836885 12.355082807638954 12.341238655401192
12.341238935172965 12.3550830884188 12.35462522060398 12.355083088418596 12.341238935172875
12.341239214944574 12.355083369198345 12.354625501370975 12.355083369198146 12.341239214944492
12.341239494716152 12.35508364997785 12.354625782137958 12.355083649977633 12.341239494716032
12.341239774487633 12.355083930757262 12.354626062904837 12.355083930757065 12.341239774487534
12.34124005425907 12.355084211536646 12.35462634367167 12.355084211536434 12.341240054258977
12.34124033403048 12.355084492315964 12.354626624438472 12.355084492315749 12.341240334030358
12.34124061380182 12.355084773095257 12.354626905205222 12.355084773095042 12.341240613801736
12.341240893573168 12.355085053874518 12.35462718597196 12.355085053874319 12.341240893573074
12.341241173344466 12.355085334653767 12.354627466738654 12.355085334653554 12.341241173344367
12.341241453115755 12.355085615432971 12.35462774750532 12.355085615432765 12.341241453115671
12.341241732887026 12.355085896212152 12.354628028271975 12.355085896211945 12.341241732886935
12.341242012658293 12.355086176991298 12.354628309038608 12.355086176991112 12.341242012658181
12.341242292429545 12.35508645777048 12.354628589805229 12.355086457770273 12.341242292429417
12.34124257220074 12.355086738549623 12.35462887057184 12.355086738549419 12.34124257220065
12.341242851971964 12.355087019328748 12.35462915133843 12.35508701932855 12.34124285197186
12.341243131743168 12.355087300107883 12.354629432105037 12.355087300107671 12.341243131743077
12.341243411514386 12.355087580887005 12.35462971287165 12.355087580886815 12.341243411514279
12.341243691285602 12.355087861666114 12.354629993638211 12.355087861665908 12.341243691285493
12.341243971056798 12.355088142445235 12.35463027440478 12.355088142445027 12.341243971056679
12.34124425082798 12.355088423224343 12.354630555171346 12.355088423224132 12.341244250827879
12.341244530599175 12.35508870400344 12.35463083593792 12.355088704003249 12.341244530599063
12.341244810370357 12.355088984782556 12.3546311167045 12.355088984782354 12.341244810370254
12.34124509014157 12.355089265561666 12.354631397471062 12.355089265561451 12.341245090141454
12.341245369912757 12.355089546340768 12.354631678237652 12.355089546340565 12.341245369912654
12.341245649683966 12.355089827119892 12.35463195900422 12.355089827119679 12.34124564968385
12.341245929455178 12.35509010789901 12.354632239770797 12.355090107898787 12.341245929455042
12.341246209226364 12.35509038867812 12.354632520537365 12.355090388677919 12.341246209226238
12.341246488997557 12.355090669457224 12.354632801303959 12.355090669457027 12.34124648899746
12.341246768768789 12.355090950236368 12.354633082070546 12.35509095023616 12.341246768768668
12.341247048539989 12.35509123101549 12.354633362837138 12.35509123101528 12.341247048539891
12.341247328311226 12.35509151179463 12.35463364360372 12.355091511794415 12.341247328311114
12.341247608082444 12.35509179257377 12.354633924370328 12.355091792573567 12.341247608082345
12.341247887853696 12.355092073352905 12.354634205136959 12.355092073352704 12.341247887853566
12.34124816762491 12.355092354132047 12.354634485903565 12.35509235413185 12.341248167624808
12.341248447396147 12.355092634911207 12.354634766670173 12.355092634910996 12.341248447396046
12.341248727167391 12.355092915690356 12.354635047436778 12.355092915690154 12.34124872716728
12.341249006938625 12.35509319646951 12.354635328203406 12.355093196469314 12.341249006938536
12.341249286709882 12.355093477248662 12.354635608970046 12.355093477248465 12.34124928670978
12.341249566481151 12.355093758027838 12.354635889736658 12.35509375802763 12.341249566481041
12.341249846252405 12.35509403880702 12.354636170503301 12.3550940388068 12.341249846252296
12.34125012602369 12.355094319586202 12.354636451269954 12.355094319586009 12.341250126023569
12.341250405794975 12.355094600365424 12.354636732036601 12.3550946003652 12.341250405794852
12.341250685566235 12.355094881144595 12.354637012803273 12.355094881144375 12.341250685566141
12.341250965337505 12.355095161923794 12.354637293569924 12.355095161923579 12.341250965337426
12.341251245108847 12.355095442702998 12.354637574336596 12.355095442702783 12.341251245108715
12.341251524880155 12.355095723482192 12.354637855103288 12.355095723481995 12.341251524880011
12.341251804651447 12.355096004261407 12.354638135869953 12.355096004261215 12.341251804651336
12.341252084422747 12.355096285040634 12.354638416636657 12.355096285040437 12.341252084422637
12.341252364194075 12.35509656581988 12.354638697403347 12.355096565819688 12.341252364193958
12.341252643965378 12.355096846599116 12.354638978170062 12.355096846598913 12.341252643965293
12.341252923736748 12.35509712737837 12.354639258936759 12.355097127378155 12.341252923736617
12.341253203508076 12.355097408157615 12.354639539703472 12.355097408157397 12.341253203507966
12.341253483279411 12.355097688936873 12.354639820470194 12.355097688936672 12.3412534832793
12.341253763050776 12.355097969716137 12.354640101236914 12.35509796971594 12.341253763050652
