0.9385486460788298 0.8627628809976714 0.9385486460788302
1.418264060264407 1.3494129026269737 1.4182640602644074
1.9704420272949263 1.910873496966717 1.9704420272949272
2.6257392149079757 2.575103524610063 2.625739214907976
3.3934659606853885 3.3508339869623085 3.3934659606853894
4.2654869444539525 4.229441613220349 4.265486944453953
5.215445977426593 5.184028929615961 5.215445977426595
6.20128604309836 6.172135318371051 6.20128604309836
7.172695113693072 7.143390618788823 7.172695113693077
8.081546317152018 8.0500219324489 8.08154631715202
8.891268547405774 8.856109072398686 8.891268547405772
9.581704444972893 9.542227344139327 9.581704444972898
10.14869219576655 10.104838110229021 10.148692195766557
10.600076550943365 10.55220503497161 10.600076550943353
10.95062555455678 10.89930954802656 10.950625554556778
11.217655853633214 11.163526211515473 11.21765585363322
11.418087128859648 11.361737995022002 11.418087128859652
11.56686993091293 11.508813671458363 11.566869930912931
11.676406473038062 11.617060997767291 11.676406473038051
11.756560729698 11.69625446725933 11.756560729697995
11.814953916477126 11.753938463654638 11.814953916477116
11.857356269281764 11.795820954655746 11.857356269281771
11.88807445234249 11.826159963041668 11.888074452342472
11.910290198828607 11.848100145527681 11.910290198828607
11.92633711473079 11.863947316949277 11.926337114730782
11.937917868987697 11.875383556525675 11.937917868987693
11.946270151054245 11.883631423871563 11.946270151054238
11.95229124384418 11.889577148450874 11.952291243844174
11.956630395955763 11.893861936787207 11.956630395955763
11.959756735691029 11.896949083294539 11.959756735691036
11.962008904445389 11.899173006263434 11.962008904445378
11.9636311763947 11.900774927417775 11.963631176394692
11.964799664525165 11.901928755830747 11.964799664525174
11.965641292980429 11.90275982563034 11.965641292980424
11.96624751124483 11.903358439824867 11.966247511244836
11.966684196484271 11.90378964925017 11.96668419648428
11.966998797860217 11.904100307657643 11.966998797860194
11.967225488048035 11.904324158790816 11.967225488048022
11.967388876294885 11.904485502941979 11.967388876294901
11.96750668388916 11.904601838886565 11.96750668388917
11.967591671579118 11.904685767129017 11.967591671579104
11.967653027881232 11.90474636079184 11.967653027881221
11.96769736896007 11.90479015294595 11.96769736896006
11.967729458699797 11.90482184764269 11.96772945869979
11.967752727239725 11.904844831938815 11.967752727239725
11.967769644365228 11.904861544598404 11.967769644365218
11.967781988373764 11.90487374158273 11.96778198837375
11.967791039672264 11.904882687216064 11.967791039672266
11.967797720174785 11.904889291832582 11.967797720174788
11.967802693673397 11.904894210886594 11.96780269367338
11.967806438107663 11.904897916314427 11.967806438107667
11.967809297600535 11.904900747916514 11.967809297600539
11.967811519924897 11.904902950353494 11.967811519924911
11.967813283480382 11.904904699784135 11.967813283480398
11.967814716716832 11.904906123044865 11.967814716716845
11.967815912119748 11.904907311459459 11.967815912119745
11.967816936279727 11.904908330782089 11.967816936279732
11.967817837142801 11.90490922835654 11.967817837142784
11.967818649230693 11.904910038270913 11.967818649230697
11.96781939739944 11.904910785069045 11.967819397399428
11.967820099545671 11.904911486422701 11.967820099545651
11.967820768555155 11.904912155055877 11.967820768555146
11.967821413705808 11.90491280012991 11.967821413705815
11.967822041677838 11.904913428241072 11.967822041677838
11.967822657281081 11.904914044138826 11.967822657281076
11.96782326397864 11.904914651242779 11.967823263978648
11.967823864264039 11.904915252015094 11.967823864264052
11.967824459932592 11.904915848228555 11.967824459932594
11.967825052276993 11.904916441159633 11.967825052276998
11.967825642227961 11.90491703172734 11.967825642227975
11.967826230455652 11.904917620593384 11.967826230455648
11.967826817442534 11.904918208234227 11.967826817442546
11.96782740353607 11.904918794992955 11.967827403536067
11.967827988986382 11.904919381116521 11.967827988986391
11.96782857397357 11.904919966782796 11.96782857397356
11.967829158627296 11.904920552119778 11.967829158627291
11.967829743040957 11.904921137219738 11.967829743040943
11.967830327281753 11.904921722149009 11.967830327281744
11.967830911398112 11.904922306955362 11.967830911398101
11.96783149542487 11.904922891673282 11.967831495424871
11.967832079387133 11.904923476327484 11.967832079387124
11.967832663302959 11.90492406093586 11.967832663302946
11.967833247185359 11.904924645511233 11.967833247185355
11.967833831043691 11.904925230062826 11.967833831043693
11.967834414884713 11.904925814597341 11.967834414884715
11.967834998713283 11.904926399119551 11.967834998713288
11.967835582532881 11.904926983632906 11.967835582532892
11.96783616634606 11.904927568139886 11.967836166346064
11.967836750154586 11.904928152642324 11.967836750154582
11.967837333959784 11.90492873714145 11.96783733395978
11.967837917762603 11.904929321638244 11.967837917762603
11.9678385015637 11.904929906133312 11.967838501563696
11.96783908536359 11.904930490627205 11.967839085363577
11.967839669162586 11.904931075120201 11.967839669162592
11.967840252960952 11.904931659612606 11.96784025296095
11.967840836758894 11.904932244104561 11.967840836758903
11.967841420556518 11.904932828596248 11.967841420556521
11.967842004353937 11.904933413087702 11.96784200435395
11.967842588151218 11.904933997579013 11.967842588151225
11.967843171948397 11.904934582070203 11.967843171948402
11.96784375574549 11.904935166561359 11.967843755745504
11.967844339542559 11.904935751052466 11.967844339542568
11.967844923339607 11.904936335543573 11.967844923339616
11.967845507136673 11.904936920034666 11.967845507136674
11.967846090933742 11.904937504525762 11.967846090933739
11.967846674730788 11.904938089016857 11.967846674730797
11.967847258527879 11.90493867350797 11.967847258527856
11.967847842324963 11.904939257999125 11.96784784232496
11.967848426122105 11.904939842490286 11.96784842612208
11.967849009919235 11.904940426981463 11.96784900991922
11.967849593716394 11.904941011472669 11.967849593716405
11.967850177513593 11.904941595963914 11.96785017751358
11.9678507613108 11.904942180455164 11.967850761310803
11.967851345108041 11.90494276494645 11.967851345108054
11.967851928905311 11.90494334943777 11.967851928905331
11.967852512702631 11.90494393392912 11.967852512702615
11.96785309649994 11.904944518420477 11.967853096499951
11.967853680297313 11.904945102911872 11.967853680297305
11.96785426409468 11.904945687403305 11.967854264094672
11.967854847892099 11.904946271894753 11.967854847892085
11.967855431689538 11.904946856386253 11.967855431689541
11.967856015487012 11.904947440877764 11.967856015487003
11.967856599284483 11.904948025369293 11.967856599284486
11.967857183082025 11.904948609860865 11.967857183082023
11.967857766879574 11.904949194352469 11.967857766879574
11.967858350677155 11.904949778844093 11.96785835067715
11.967858934474757 11.904950363335727 11.967858934474743
11.967859518272407 11.904950947827414 11.967859518272393
11.967860102070054 11.904951532319107 11.967860102070064
11.967860685867741 11.90495211681085 11.967860685867738
11.967861269665482 11.904952701302626 11.967861269665475
11.967861853463225 11.904953285794406 11.967861853463228
11.967862437260994 11.904953870286228 11.967862437260981
11.967863021058813 11.90495445477808 11.967863021058808
11.967863604856635 11.904955039269948 11.967863604856639
11.967864188654483 11.904955623761863 11.967864188654488
11.967864772452382 11.904956208253775 11.967864772452367
11.96786535625028 11.904956792745736 11.96786535625028
11.967865940048222 11.904957377237716 11.967865940048233
11.967866523846205 11.904957961729759 11.967866523846203
11.967867107644212 11.904958546221788 11.96786710764421
11.967867691442246 11.904959130713852 11.967867691442237
11.967868275240292 11.904959715205948 11.967868275240281
11.96786885903838 11.904960299698063 11.967868859038365
11.967869442836486 11.904960884190235 11.967869442836477
11.96787002663462 11.904961468682403 11.96787002663461
11.967870610432799 11.90496205317464 11.967870610432792
11.967871194230977 11.904962637666857 11.967871194230979
11.967871778029194 11.90496322215913 11.967871778029195
11.967872361827455 11.904963806651423 11.967872361827455
11.967872945625736 11.904964391143743 11.967872945625734
11.96787352942404 11.904964975636087 11.967873529424047
11.967874113222377 11.904965560128472 11.967874113222374
11.967874697020738 11.90496614462089 11.967874697020731
11.967875280819134 11.904966729113312 11.967875280819127
11.967875864617554 11.904967313605768 11.967875864617543
11.967876448415998 11.904967898098265 11.967876448415991
11.967877032214476 11.904968482590789 11.967877032214469
11.96787761601299 11.904969067083346 11.967877616012995
11.967878199811516 11.904969651575911 11.967878199811514
11.967878783610086 11.90497023606851 11.967878783610084
11.967879367408678 11.90497082056117 11.967879367408669
11.967879951207303 11.904971405053812 11.967879951207298
11.967880535005929 11.904971989546517 11.967880535005918
11.967881118804591 11.904972574039236 11.9678811188046
11.967881702603295 11.904973158531975 11.967881702603279
11.967882286402027 11.904973743024726 11.967882286402023
11.967882870200759 11.904974327517523 11.967882870200768
11.967883453999553 11.904974912010353 11.96788345399955
11.967884037798395 11.904975496503232 11.96788403779838
11.967884621597209 11.904976080996107 11.967884621597218
11.967885205396078 11.90497666548901 11.967885205396081
11.967885789194968 11.904977249981954 11.967885789194982
11.967886372993897 11.904977834474927 11.967886372993908
11.967886956792864 11.904978418967936 11.96788695679286
11.967887540591873 11.904979003460946 11.967887540591855
11.967888124390866 11.904979587953996 11.967888124390857
11.967888708189896 11.904980172447077 11.967888708189896
11.967889291988943 11.904980756940184 11.967889291988943
11.967889875788053 11.904981341433345 11.967889875788048
11.967890459587192 11.904981925926506 11.967890459587187
11.967891043386317 11.904982510419684 11.967891043386313
11.967891627185502 11.904983094912913 11.967891627185487
11.967892210984706 11.904983679406167 11.967892210984703
11.967892794783936 11.904984263899438 11.967892794783936
11.967893378583193 11.904984848392736 11.967893378583206
11.967893962382492 11.904985432886088 11.96789396238249
11.96789454618181 11.90498601737945 11.967894546181803
11.967895129981144 11.904986601872807 11.967895129981144
11.967895713780518 11.904987186366233 11.967895713780514
11.967896297579914 11.904987770859687 11.967896297579902
11.967896881379328 11.90498835535317 11.967896881379339
11.967897465178796 11.904988939846664 11.967897465178792
11.96789804897829 11.904989524340204 11.967898048978292
11.967898632777798 11.904990108833756 11.967898632777805
11.96789921657735 11.904990693327345 11.96789921657735
11.96789980037691 11.904991277820955 11.967899800376918
11.96790038417651 11.904991862314608 11.96790038417653
11.967900967976142 11.904992446808267 11.967900967976135
11.9679015517758 11.90499303130196 11.967901551775789
11.967902135575475 11.904993615795666 11.967902135575459
11.96790271937519 11.904994200289444 11.967902719375179
11.967903303174898 11.904994784783213 11.967903303174912
11.967903886974689 11.90499536927703 11.967903886974678
11.967904470774469 11.904995953770875 11.967904470774473
11.967905054574306 11.904996538264733 11.967905054574304
11.96790563837416 11.90499712275865 11.96790563837415
11.967906222174031 11.90499770725255 11.967906222174028
11.967906805973943 11.9049982917465 11.967906805973923
11.967907389773861 11.904998876240468 11.967907389773853
11.967907973573832 11.904999460734489 11.967907973573837
11.96790855737382 11.905000045228523 11.967908557373814
11.96790914117383 11.905000629722577 11.967909141173829
11.967909724973877 11.90500121421669 11.967909724973877
11.96791030877393 11.905001798710789 11.967910308773947
11.967910892574054 11.90500238320493 11.967910892574045
11.967911476374184 11.90500296769912 11.967911476374173
11.967912060174344 11.905003552193307 11.96791206017433
11.967912643974529 11.905004136687541 11.96791264397452
11.967913227774723 11.905004721181799 11.967913227774732
11.967913811574963 11.905005305676092 11.967913811574972
11.967914395375258 11.905005890170404 11.967914395375253
11.967914979175543 11.905006474664747 11.967914979175553
11.96791556297587 11.905007059159109 11.967915562975879
11.967916146776236 11.905007643653523 11.967916146776226
11.967916730576619 11.905008228147935 11.967916730576606
11.967917314377038 11.905008812642407 11.967917314377042
11.967917898177452 11.90500939713689 11.967917898177472
11.967918481977932 11.905009981631398 11.967918481977922
11.967919065778425 11.905010566125927 11.96791906577842
11.967919649578933 11.905011150620497 11.967919649578928
11.96792023337952 11.905011735115112 11.96792023337949
11.96792081718007 11.905012319609716 11.967920817180067
11.967921400980668 11.905012904104375 11.967921400980677
11.967921984781313 11.905013488599046 11.967921984781308
11.967922568581962 11.905014073093765 11.967922568581969
11.96792315238265 11.905014657588504 11.96792315238264
11.967923736183367 11.905015242083262 11.967923736183367
11.967924319984105 11.905015826578053 11.96792431998412
11.967924903784887 11.905016411072868 11.967924903784882
11.967925487585674 11.905016995567722 11.967925487585692
11.967926071386529 11.90501758006259 11.967926071386517
11.967926655187402 11.90501816455749 11.967926655187384
11.967927238988272 11.90501874905243 11.967927238988274
11.967927822789173 11.905019333547399 11.967927822789173
11.967928406590136 11.905019918042381 11.967928406590131
11.967928990391123 11.905020502537408 11.9679289903911
11.967929574192103 11.905021087032457 11.967929574192107
11.967930157993127 11.905021671527496 11.967930157993132
11.967930741794184 11.905022256022603 11.967930741794175
11.967931325595277 11.90502284051774 11.96793132559527
11.967931909396379 11.905023425012892 11.967931909396379
11.967932493197523 11.905024009508075 11.967932493197512
11.967933076998682 11.905024594003295 11.967933076998685
11.967933660799883 11.905025178498542 11.96793366079988
11.967934244601118 11.90502576299383 11.967934244601107
11.967934828402367 11.905026347489102 11.967934828402354
11.967935412203646 11.905026931984445 11.967935412203644
11.967935996004964 11.90502751647979 11.967935996004954
11.967936579806292 11.905028100975183 11.967936579806295
11.967937163607633 11.905028685470574 11.967937163607646
11.967937747409048 11.905029269966018 11.967937747409048
11.967938331210465 11.905029854461498 11.967938331210465
11.967938915011901 11.90503043895696 11.967938915011908
11.967939498813369 11.905031023452487 11.967939498813381
11.967940082614888 11.90503160794804 11.967940082614886
11.96794066641643 11.90503219244362 11.967940666416409
11.967941250217981 11.905032776939246 11.967941250217972
11.967941834019564 11.905033361434878 11.96794183401957
11.967942417821192 11.905033945930526 11.967942417821181
11.967943001622835 11.905034530426214 11.967943001622821
11.96794358542448 11.90503511492194 11.967943585424491
11.967944169226175 11.905035699417674 11.967944169226191
11.96794475302793 11.905036283913434 11.967944753027927
11.967945336829676 11.905036868409251 11.96794533682966
11.967945920631438 11.905037452905065 11.967945920631443
11.967946504433264 11.905038037400917 11.967946504433268
11.967947088235114 11.90503862189682 11.967947088235109
11.967947672036983 11.905039206392741 11.96794767203697
11.967948255838884 11.905039790888685 11.967948255838872
11.967948839640794 11.905040375384655 11.967948839640801
11.967949423442754 11.905040959880665 11.967949423442757
11.967950007244703 11.905041544376665 11.96795000724472
11.967950591046735 11.905042128872733 11.967950591046725
11.967951174848773 11.905042713368811 11.967951174848773
11.967951758650855 11.90504329786492 11.967951758650834
11.967952342452914 11.905043882361053 11.96795234245291
11.967952926255048 11.905044466857223 11.967952926255045
11.96795351005719 11.90504505135342 11.96795351005719
11.967954093859381 11.905045635849625 11.967954093859364
11.967954677661577 11.905046220345879 11.967954677661567
11.967955261463816 11.905046804842156 11.967955261463814
11.967955845266061 11.905047389338456 11.967955845266065
11.967956429068337 11.905047973834815 11.967956429068346
11.967957012870663 11.90504855833118 11.96795701287066
11.967957596673028 11.905049142827565 11.967957596673017
11.96795818047539 11.905049727323986 11.967958180475385
11.967958764277794 11.905050311820446 11.967958764277778
11.967959348080223 11.905050896316906 11.96795934808022
11.967959931882667 11.905051480813404 11.96795993188267
