0.670996742153471 0.5704611638099217 0.5660843439991353 0.5704611638099172 0.670996742153467
0.8805409246705571 0.757294918396116 0.7514347430255538 0.757294918396108 0.8805409246705511
1.0717371124793902 0.9362672215521929 0.9289197930613763 0.936267221552182 1.0717371124793817
1.263574515799035 1.1209331573571613 1.1121409325719671 1.1209331573571484 1.2635745157990255
1.4639438791118151 1.316696770008408 1.3066243795126429 1.3166967700083911 1.4639438791118056
1.677312164232547 1.5267615562467436 1.51562999109173 1.5267615562467223 1.6773121642325344
1.9066264225008478 1.753423526131076 1.741455394879823 1.7534235261310531 1.9066264225008325
2.1539730843508997 1.9984470660523963 1.985839887612248 1.9984470660523657 2.153973084350883
2.4208273773088615 2.2631711387315856 2.250089219542183 2.26317113873155 2.420827377308841
2.708135650307276 2.548515653285976 2.5350910760567014 2.5485156532859343 2.708135650307252
3.0163225303444 2.854946187485255 2.8412832165751674 2.8549461874852065 3.0163225303443744
3.3452655810361436 3.1824230478499187 3.168603126874889 3.1824230478498614 3.3452655810361143
3.694261499344989 3.5303501923754914 3.5164363504329312 3.530350192375425 3.6942614993449516
4.061999919964092 3.897535727714206 3.883576041355498 3.8975357277141285 4.061999919964052
4.446556682775191 4.282173723215187 4.268203866579042 4.282173723215096 4.44655668277514
4.84541518359242 4.681855146962704 4.667900220519346 4.681855146962598 4.845415183592368
5.255521015293076 5.093613101683629 5.079688974945172 5.093613101683513 5.255521015293009
5.673371169064448 5.514004058083509 5.500118449230051 5.5140040580833745 5.673371169064375
6.095134765608038 5.939222681539482 5.925376154382408 5.93922268153933 6.095134765607958
6.516798116560358 6.365243650419504 6.351430651402377 6.365243650419338 6.5167981165602695
6.9343235242010355 6.787980255214486 6.774190250808821 6.787980255214301 6.9343235242009404
7.34380921737854 7.203447213123825 7.189665930084935 7.203447213123619 7.343809217378433
7.7416375721146435 7.60791449512417 7.594125220295087 7.607914495123947 7.7416375721145245
8.124600309951909 7.998040165366465 7.984225033264837 7.998040165366211 8.124600309951775
8.489992377483143 8.37097302171074 8.35711420877293 8.370973021710467 8.489992377483006
8.835670086249173 8.724419640318303 8.710500392535529 8.724419640318025 8.835670086249024
9.160073121636316 9.056674552349477 9.042679993361201 9.056674552349167 9.160073121636152
9.4622135640306 9.366616030251624 9.35253372357032 9.366616030251295 9.462213564030453
9.74163765274969 9.653672824128217 9.6394930900161 9.653672824127867 9.741637652749532
9.99836746585101 9.91776890820894 9.903484918163684 9.917768908208567 9.998367465850826
10.232830029114531 10.159253869268976 10.144861556460315 10.159253869268603 10.23283002911434
10.445780819489958 10.378826181158583 10.364324012839486 10.378826181158214 10.445780819489759
10.638227490440755 10.57745555525588 10.562844214020007 10.577455555255474 10.638227490440535
10.811358222022381 10.75630914860789 10.74159116512188 10.756309148607478 10.811358222022184
10.966477640377281 10.916684921113182 10.901864293619187 10.916684921112749 10.966477640377047
11.104951936866625 11.059954057636345 11.04503588491285 11.05995405763591 11.104951936866435
11.228163745457662 11.187513227133895 11.172503373107103 11.187513227133445 11.228163745457444
11.33747654217593 11.30074658551153 11.285651386219799 11.30074658551108 11.337476542175686
11.434207800379912 11.400996837806886 11.385822855381539 11.400996837806426 11.434207800379674
11.51960983150708 11.489544323131504 11.474298146978589 11.489544323131028 11.51960983150687
11.594857112861957 11.56759292314663 11.552281015479146 11.567592923146153 11.594857112861693
11.661038901761271 11.63626157007357 11.620890151123408 11.63626157007309 11.661038901761023
11.719156014741769 11.696580196879191 11.681155164237584 11.696580196878697 11.719156014741516
11.770120776181159 11.749489092460678 11.734015968792878 11.749489092460188 11.77012077618089
11.814759286412162 11.79584076992601 11.780324673551197 11.795840769925515 11.814759286411908
11.853815307292756 11.83640360663454 11.82084923997568 11.836403606634045 11.853815307292512
11.887955202036553 11.871866657904013 11.856278309457078 11.871866657903519 11.8879552020363
11.91777348976552 11.902845175057656 11.887226731214469 11.902845175057152 11.91777348976526
11.943798681144182 11.9298864695439 11.914241433263992 11.9298864695434 11.943798681143944
11.966499149347685 11.953475857569815 11.937807371501519 11.953475857569309 11.966499149347442
11.986288861663091 11.974042494999335 11.958353367179233 11.974042494998836 11.986288861662828
12.003532853110869 11.991964971988386 11.976257702697062 11.991964971987882 12.00353285311061
12.018552366773985 12.007576583134473 11.991853391857791 12.007576583133961 12.018552366773719
12.031629618210458 12.021170224031772 12.00543307577604 12.02117022403127 12.031629618210196
12.043012165416775 12.03300289112841 12.01725352157504 12.033002891127875 12.04301216541652
12.052916883079345 12.043299780535175 12.027539719704457 12.043299780534673 12.052916883079067
12.061533551811177 12.052257994520456 12.036488588753375 12.052257994519948 12.061533551810923
12.069028080971536 12.060049873164118 12.044272305335646 12.060049873163607 12.069028080971263
12.075545388517105 12.066825974104892 12.051041282057179 12.066825974104386 12.075545388516844
12.081211963942703 12.072717726357862 12.056926819594942 12.072717726357343 12.081211963942472
12.086138141360719 12.07783978546761 12.062043460188864 12.077839785467091 12.08613814136049
12.09042010963014 12.082292117320083 12.066491069892106 12.082292117319565 12.090420109629898
12.094141685541961 12.086161837150785 12.070356676130508 12.086161837150271 12.094141685541707
12.097375874673764 12.089524828958336 12.073716085785325 12.089524828957828 12.097375874673507
12.100186242842842 12.09244716887397 12.076635307350594 12.092447168873445 12.100186242842582
12.102628119261778 12.094986374209196 12.07917179888442 12.094986374208677 12.102628119261508
12.104749650633417 12.09719249801737 12.081375561584075 12.097192498016863 12.10474965063315
12.10659272358598 12.099109087135659 12.0832900969451 12.099109087135131 12.106592723585727
12.108193771089145 12.100774019875391 12.084953243664415 12.100774019874876 12.10819377108888
12.10958447683677 12.10222023783189 12.086397908750488 12.102220237831368 12.109584476836528
12.110792390049737 12.103476384707736 12.087652705726988 12.103476384707234 12.110792390049498
12.111841461745618 12.104567363596669 12.088742511368846 12.104567363596122 12.111841461745394
12.11275251224729 12.105514822857376 12.089688951093214 12.105514822856875 12.112752512247033
12.11354363855028 12.106337579518858 12.090510821939596 12.10633757951833 12.113543638550018
12.114230569137975 12.107051988089497 12.091224461005615 12.107051988088982 12.114230569137716
12.114826972911848 12.107672261691787 12.091844066253685 12.107672261691238 12.114826972911596
12.115344728086528 12.108210751594074 12.09238197575586 12.108210751593539 12.115344728086251
12.11579415617408 12.108678190462129 12.092848910693666 12.108678190461617 12.115794156173843
12.116184225542362 12.109083903987127 12.093254186766178 12.109083903986615 12.116184225542117
12.116522728466798 12.109435994962986 12.093605898075344 12.109435994962453 12.116522728466542
12.11681643510055 12.109741503370307 12.09391107704199 12.109741503369797 12.116816435100272
12.117071227350918 12.110006545572544 12.094175833455438 12.110006545572041 12.117071227350667
12.117292215269117 12.11023643533277 12.094405475362557 12.110236435332254 12.117292215268867
12.117483838225178 12.110435789012959 12.094604614155715 12.110435789012435 12.117483838224915
12.117649952848385 12.110608617013792 12.09477725591561 12.110608617013272 12.117649952848147
12.117793909457816 12.110758403247395 12.094926880799223 12.110758403246903 12.11779390945755
12.117918618483754 12.110888174203781 12.095056512032784 12.110888174203255 12.117918618483491
12.118026608187634 12.111000558969344 12.095168775866282 12.111000558968827 12.118026608187366
12.11812007481703 12.111097841380138 12.095265953670767 12.111097841379625 12.118120074816764
12.118200926185148 12.111182005337744 12.095350027205773 12.111182005337225 12.118200926184894
12.118270819535493 12.111254774182722 12.095422717950573 12.111254774182191 12.11827081953522
12.118331194439202 12.111317644903405 12.095485521276279 12.11131764490287 12.118331194438948
12.118383301376742 12.111371917856681 12.09553973613452 12.111371917856165 12.118383301376484
12.118428226568373 12.111418722588558 12.09558649085044 12.111418722588027 12.118428226568087
12.118466913545843 12.111459040265805 12.095626765530119 12.111459040265292 12.118466913545577
12.118500181892626 12.111493723163393 12.095661411526955 12.111493723162882 12.118500181892388
12.118528743523445 12.111523511593209 12.095691168352236 12.111523511592688 12.118528743523175
12.11855321682647 12.111549048610328 12.095716678365534 12.111549048609808 12.118553216826227
12.118574138948702 12.111570892788112 12.095738499536003 12.111570892787608 12.118574138948457
12.118591976467727 12.111589529315774 12.095757116527935 12.111589529315252 12.118591976467457
12.11860713466196 12.111605379638252 12.095772950330346 12.111605379637743 12.118607134661712
12.11861996556366 12.111618809830384 12.09578636662191 12.111618809829883 12.1186199655634
12.118630774953713 12.111630137870826 12.095797683037192 12.111630137870318 12.118630774953466
12.118639828438077 12.111639639960629 12.095807175478386 12.111639639960105 12.118639828437823
12.11864735672573 12.111647556011915 12.09581508359796 12.111647556011405 12.11864735672549
12.11865356021352 12.111654094415504 12.095821615561169 12.111654094414993 12.118653560213268
12.118658612968533 12.111659436182167 12.095826952182875 12.111659436181647 12.118658612968256
12.11866266618731 12.111663738539871 12.095831250520876 12.11166373853935 12.118662666187047
12.118665851200904 12.111667138058547 12.095834646997252 12.111667138058033 12.118665851200646
12.118668282084684 12.111669753364176 12.095837260109585 12.111669753363653 12.118668282084405
12.118670057925572 12.111671687496386 12.095839192785974 12.111671687495875 12.118670057925337
12.118671264791496 12.111673029956428 12.09584053443074 12.1116730299559 12.118671264791255
12.118671977441632 12.111673858485744 12.095841362701192 12.111673858485215 12.118671977441391
12.118672260812573 12.111674240611249 12.095841745051171 12.111674240610729 12.118672260812314
12.118672171308614 12.11167423498739 12.095841740071577 12.111674234986868 12.118672171308356
12.118671757923094 12.111673892561846 12.095841398654956 12.111673892561326 12.118671757922822
12.11867106321187 12.111673257588162 12.095840765006914 12.111673257587627 12.11867106321162
12.118670124139427 12.11167236850525 12.095839877524805 12.111672368504736 12.118670124139168
12.118668972813259 12.11167125870152 12.095838769560824 12.111671258700996 12.118668972812983
12.118667637122158 12.111669957178288 12.09583747008495 12.111669957177773 12.118667637121895
12.118666141290602 12.111668489126346 12.095836004260638 12.111668489125828 12.118666141290365
12.118664506360135 12.11166687642658 12.095834393945129 12.111666876426064 12.11866450635985
12.118662750607447 12.111665138084845 12.095832658123694 12.111665138084318 12.118662750607173
12.11866088990793 12.111663290609805 12.095830813287096 12.111663290609274 12.118660889907682
12.118658938051007 12.111661348340913 12.095828873759299 12.111661348340403 12.118658938050764
12.118656907014307 12.111659323733601 12.095826851982235 12.111659323733091 12.118656907014044
12.118654807201569 12.111657227606704 12.095824758763015 12.111657227606187 12.118654807201299
12.1186526476496 12.111655069357486 12.095822603488735 12.11165506935697 12.118652647649363
12.118650436207906 12.111652857148526 12.095820394313161 12.111652857148023 12.118650436207663
12.118648179694514 12.111650598069883 12.095818138318615 12.111650598069355 12.118648179694242
12.118645884031595 12.111648298279995 12.095815841656925 12.111648298279487 12.118645884031343
12.118643554363292 12.111645963128176 12.095813509671572 12.111645963127648 12.118643554363048
12.118641195157767 12.1116435972608 12.09581114700393 12.11164359726027 12.118641195157489
12.11863881029604 12.111641204713766 12.095808757685537 12.111641204713244 12.118638810295796
12.118636403149315 12.111638788992721 12.095806345218188 12.111638788992202 12.118636403149054
12.118633976645738 12.111636353142645 12.095803912643639 12.111636353142131 12.118633976645468
12.11863153332877 12.111633899808455 12.095801462603879 12.111633899807927 12.118631533328502
12.118629075407643 12.11163143128751 12.095798997393828 12.111631431286986 12.118629075407389
12.118626604801344 12.111628949575312 12.095796519006816 12.111628949574804 12.118626604801086
12.118624123176675 12.11162645640523 12.095794029174307 12.111626456404712 12.11862412317642
12.11862163198146 12.111623953282779 12.095791529400202 12.11162395328226 12.118621631981203
12.118619132473308 12.111621441515746 12.095789020990884 12.111621441515226 12.11861913247304
12.118616625744522 12.111618922240039 12.09578650508102 12.111618922239513 12.118616625744256
12.11861411274393 12.111616396442306 12.095783982656188 12.111616396441791 12.11861411274367
12.11861159429569 12.111613864979605 12.095781454572519 12.111613864979075 12.118611594295437
12.118609071115626 12.111611328596311 12.095778921573585 12.111611328595789 12.118609071115378
12.118606543825607 12.111608787939035 12.095776384305314 12.11160878793852 12.118606543825335
12.118604012965646 12.11160624356944 12.09577384332874 12.111606243568938 12.118604012965395
12.118601479004944 12.11160369597538 12.095771299131174 12.111603695974873 12.118601479004683
12.118598942350959 12.111601145580593 12.095768752135912 12.111601145580076 12.118598942350708
12.118596403357648 12.111598592753129 12.095766202710612 12.1115985927526 12.118596403357396
12.118593862332435 12.111596037812705 12.095763651174654 12.111596037812198 12.11859386233221
12.118591319542432 12.11159348103703 12.095761097805418 12.111593481036522 12.11859131954217
12.118588775219521 12.11159092266731 12.095758542843877 12.111590922666807 12.118588775219276
12.118586229565246 12.111588362913077 12.095755986499286 12.111588362912554 12.118586229564974
12.118583682754513 12.11158580195631 12.095753428953495 12.111585801955766 12.118583682754283
12.118581134939461 12.111583239955046 12.095750870364348 12.111583239954532 12.118581134939207
12.118578586252045 12.111580677046659 12.095748310869038 12.111580677046131 12.118578586251799
12.118576036807013 12.111578113350346 12.095745750586676 12.11157811334985 12.118576036806743
12.11857348670389 12.111575548969773 12.095743189620771 12.111575548969258 12.118573486703657
12.118570936029343 12.111572983994867 12.095740628061199 12.111572983994348 12.11857093602907
12.118568384858396 12.111570418503815 12.095738065986005 12.111570418503298 12.118568384858145
12.118565833256433 12.111567852564484 12.095735503463048 12.111567852563972 12.118565833256183
12.118563281280132 12.111565286235862 12.095732940551214 12.111565286235352 12.118563281279858
12.118560728978725 12.111562719569186 12.09573037730168 12.111562719568658 12.118560728978453
12.118558176394982 12.111560152608897 12.095727813758865 12.111560152608385 12.118558176394748
12.118555623566126 12.111557585393676 12.095725249961381 12.111557585393165 12.118555623565888
12.118553070524426 12.111555017957091 12.095722685942796 12.111555017956578 12.118553070524174
12.118550517297907 12.111552450328295 12.09572012173218 12.111552450327773 12.118550517297649
12.118547963910897 12.111549882532604 12.095717557354865 12.111549882532085 12.118547963910638
12.118545410384572 12.111547314592016 12.095714992832807 12.111547314591506 12.118545410384321
12.118542856737296 12.111544746525645 12.095712428185127 12.111544746525142 12.11854285673706
12.118540302985114 12.111542178350104 12.095709863428356 12.111542178349595 12.118540302984822
12.118537749141735 12.111539610079792 12.095707298576933 12.111539610079275 12.118537749141474
12.118535195219298 12.111537041727237 12.095704733643354 12.111537041726711 12.118535195219037
12.118532641228281 12.11153447330329 12.095702168638468 12.111534473302784 12.118532641228
12.11853008717768 12.11153190481745 12.095699603571719 12.111531904816927 12.118530087177428
12.118527533075499 12.111529336277872 12.09569703845132 12.111529336277345 12.118527533075213
12.118524978928454 12.111526767691705 12.095694473284398 12.111526767691197 12.118524978928228
12.118522424742673 12.111524199065158 12.095691908077116 12.111524199064634 12.118522424742403
12.118519870523158 12.111521630403569 12.09568934283485 12.111521630403061 12.118519870522922
12.118517316274549 12.11151906171165 12.095686777562259 12.111519061711133 12.11851731627428
12.118514762000611 12.111516492993431 12.095684212263418 12.111516492992914 12.11851476200037
12.118512207704832 12.111513924252447 12.095681646941827 12.11151392425193 12.11851220770458
12.118509653390094 12.11151135549177 12.095679081600558 12.111511355491244 12.118509653389857
12.118507099059027 12.111508786714023 12.095676516242259 12.111508786713514 12.118507099058753
12.118504544713765 12.11150621792156 12.095673950869255 12.11150621792104 12.118504544713513
12.118501990356313 12.111503649116381 12.095671385483527 12.111503649115853 12.11850199035605
12.118499435988292 12.111501080300188 12.095668820086825 12.11150108029968 12.118499435988046
12.118496881611188 12.111498511474531 12.095666254680646 12.111498511474021 12.118496881610941
12.118494327226257 12.111495942640724 12.095663689266333 12.111495942640206 12.118494327226005
12.118491772834554 12.111493373799886 12.095661123845014 12.111493373799378 12.118491772834332
12.118489218437173 12.111490804953036 12.095658558417659 12.111490804952512 12.118489218436897
12.118486664034789 12.111488236101037 12.095655992985153 12.111488236100502 12.118486664034503
12.118484109628158 12.111485667244592 12.095653427548243 12.111485667244075 12.118484109627891
12.118481555217947 12.111483098384403 12.095650862107563 12.111483098383877 12.118481555217679
12.118479000804664 12.111480529521009 12.095648296663697 12.111480529520481 12.118479000804397
12.118476446388774 12.11147796065489 12.095645731217123 12.111477960654373 12.118476446388538
12.118473891970764 12.111475391786508 12.095643165768267 12.111475391785989 12.118473891970499
12.118471337550886 12.111472822916202 12.095640600317509 12.111472822915685 12.118471337550636
12.118468783129526 12.11147025404431 12.095638034865136 12.111470254043782 12.118468783129265
12.118466228706897 12.111467685171096 12.095635469411473 12.111467685170588 12.118466228706636
12.118463674283275 12.111465116296825 12.095632903956739 12.111465116296316 12.118463674283019
12.118461119858798 12.111462547421702 12.095630338501143 12.111462547421176 12.118461119858564
12.118458565433727 12.111459978545895 12.095627773044866 12.111459978545362 12.118458565433492
12.118456011008167 12.111457409669558 12.095625207588077 12.111457409669036 12.11845601100793
12.118453456582296 12.11145484079284 12.0956226421309 12.111454840792325 12.118453456582028
12.118450902156138 12.111452271915871 12.09562007667348 12.111452271915365 12.118450902155892
12.118448347729887 12.11144970303874 12.095617511215886 12.111449703038213 12.118448347729618
12.118445793303541 12.11144713416155 12.095614945758246 12.111447134161036 12.118445793303318
12.118443238877312 12.111444565284373 12.0956123803006 12.111444565283861 12.118443238877026
12.118440684451103 12.111441996407295 12.095609814843051 12.111441996406763 12.118440684450846
12.118438130025062 12.111439427530323 12.095607249385633 12.11143942752981 12.118438130024812
12.118435575599218 12.111436858653564 12.095604683928416 12.111436858653052 12.11843557559899
12.118433021173656 12.111434289777057 12.095602118471428 12.11143428977653 12.118433021173393
12.118430466748347 12.111431720900818 12.095599553014726 12.111431720900287 12.118430466748096
12.118427912323384 12.111429152024868 12.095596987558315 12.11142915202434 12.118427912323119
12.118425357898744 12.111426583149262 12.095594422102263 12.111426583148752 12.118425357898474
12.118422803474454 12.111424014274032 12.09559185664657 12.111424014273515 12.1184228034742
12.118420249050569 12.111421445399179 12.095589291191255 12.111421445398664 12.118420249050324
12.11841769462712 12.11141887652475 12.095586725736355 12.111418876524219 12.118417694626865
12.11841514020405 12.111416307650723 12.09558416028187 12.111416307650208 12.118415140203801
12.118412585781467 12.111413738777145 12.09558159482783 12.111413738776623 12.118412585781183
12.118410031359305 12.111411169904029 12.095579029374232 12.111411169903496 12.118410031359032
12.118407476937584 12.111408601031343 12.095576463921088 12.111408601030826 12.118407476937326
12.118404922516378 12.111406032159138 12.095573898468421 12.111406032158623 12.118404922516099
12.118402368095609 12.11140346328742 12.09557133301623 12.111403463286907 12.118402368095351
12.11839981367533 12.11140089441619 12.09556876756452 12.111400894415677 12.118399813675085
12.11839725925556 12.111398325545448 12.09556620211332 12.111398325544934 12.118397259255302
12.118394704836252 12.111395756675194 12.095563636662591 12.11139575667468 12.118394704836016
12.118392150417494 12.111393187805453 12.09556107121239 12.111393187804937 12.118392150417234
12.118389595999197 12.111390618936221 12.095558505762677 12.111390618935696 12.118389595998968
12.118387041581455 12.111388050067497 12.095555940313487 12.111388050066973 12.118387041581197
12.118384487164194 12.11138548119927 12.095553374864803 12.111385481198758 12.118384487163935
12.11838193274745 12.111382912331576 12.09555080941662 12.111382912331054 12.118381932747189
12.118379378331205 12.111380343464399 12.095548243968954 12.111380343463868 12.118379378330959
12.118376823915503 12.111377774597718 12.09554567852181 12.111377774597209 12.11837682391524
12.118374269500311 12.111375205731576 12.095543113075202 12.111375205731054 12.118374269500041
12.118371715085614 12.111372636865946 12.095540547629106 12.111372636865438 12.11837171508536
12.118369160671467 12.111370068000852 12.095537982183538 12.111370068000344 12.118369160671204
12.11836660625785 12.111367499136287 12.095535416738475 12.111367499135767 12.118366606257581
12.118364051844736 12.111364930272247 12.095532851293965 12.11136493027173 12.118364051844479
12.118361497432133 12.111362361408728 12.095530285849962 12.111362361408213 12.118361497431898
12.118358943020102 12.111359792545748 12.095527720406498 12.111359792545223 12.118358943019839
12.118356388608602 12.111357223683283 12.095525154963559 12.111357223682754 12.118356388608316
12.118353834197556 12.111354654821351 12.095522589521158 12.111354654820834 12.118353834197311
12.118351279787118 12.111352085959954 12.095520024079269 12.111352085959428 12.118351279786829
12.118348725377144 12.11134951709907 12.09551745863791 12.111349517098557 12.11834872537689
12.118346170967714 12.111346948238722 12.095514893197105 12.111346948238214 12.118346170967463
12.118343616558816 12.111344379378917 12.095512327756806 12.111344379378414 12.118343616558569
12.118341062150472 12.11134181051965 12.095509762317034 12.111341810519132 12.118341062150202
12.118338507742612 12.111339241660904 12.0955071968778 12.11133924166038 12.118338507742353
12.11833595333531 12.111336672802686 12.095504631439107 12.111336672802153 12.118335953335057
12.118333398928534 12.111334103944992 12.095502066000938 12.111334103944477 12.118333398928268
12.118330844522278 12.111331535087851 12.09549950056329 12.111331535087325 12.118330844522022
12.118328290116594 12.11132896623122 12.095496935126189 12.111328966230701 12.118328290116304
12.118325735711364 12.11132639737513 12.095494369689597 12.111326397374611 12.11832573571111
12.118323181306708 12.111323828519579 12.095491804253573 12.11132382851906 12.118323181306451
12.1183206269026 12.111321259664566 12.095489238818068 12.111321259664052 12.118320626902326
12.118318072498994 12.111318690810073 12.095486673383078 12.111318690809567 12.118318072498731
12.118315518095935 12.111316121956113 12.095484107948636 12.111316121955609 12.11831551809567
12.118312963693393 12.111313553102706 12.095481542514731 12.111313553102176 12.118312963693123
12.118310409291372 12.111310984249805 12.095478977081353 12.11131098424929 12.11831040929112
12.118307854889899 12.111308415397446 12.095476411648495 12.111308415396934 12.11830785488963
12.11830530048895 12.111305846545626 12.095473846216159 12.111305846545102 12.118305300488679
12.118302746088485 12.111303277694338 12.09547128078439 12.111303277693807 12.11830274608826
12.118300191688654 12.111300708843565 12.095468715353126 12.111300708843059 12.11830019168837
12.118297637289249 12.111298139993334 12.095466149922398 12.11129813999282 12.118297637289006
12.118295082890414 12.111295571143643 12.095463584492197 12.111295571143126 12.118295082890171
12.118292528492146 12.111293002294458 12.095461019062546 12.111293002293968 12.118292528491873
12.118289974094363 12.11129043344587 12.095458453633439 12.111290433445339 12.1182899740941
12.118287419697111 12.111287864597754 12.09545588820483 12.111287864597237 12.118287419696863
12.118284865300385 12.111285295750179 12.095453322776766 12.111285295749664 12.118284865300142
12.118282310904215 12.111282726903175 12.095450757349237 12.11128272690264 12.118282310903956
12.118279756508565 12.111280158056653 12.095448191922223 12.111280158056129 12.1182797565083
12.118277202113452 12.111277589210678 12.095445626495772 12.111277589210175 12.118277202113187
12.118274647718852 12.11127502036526 12.09544306106983 12.111275020364747 12.11827464771859
12.118272093324773 12.111272451520358 12.095440495644436 12.111272451519831 12.118272093324531
12.118269538931244 12.111269882675987 12.095437930219555 12.11126988267548 12.118269538931015
12.118266984538216 12.11126731383216 12.09543536479522 12.111267313831641 12.118266984538003
12.118264430145793 12.111264744988848 12.095432799371418 12.111264744988334 12.11826443014553
12.118261875753829 12.11126217614609 12.095430233948148 12.111262176145567 12.118261875753586
12.11825932136242 12.111259607303849 12.095427668525407 12.111259607303346 12.118259321362181
12.118256766971584 12.111257038462147 12.095425103103194 12.111257038461629 12.118256766971296
12.11825421258121 12.111254469620992 12.095422537681527 12.111254469620473 12.118254212580952
12.118251658191385 12.111251900780355 12.09541997226037 12.111251900779841 12.11825165819113
12.118249103802087 12.111249331940254 12.095417406839776 12.111249331939733 12.118249103801844
12.118246549413353 12.111246763100683 12.0954148414197 12.111246763100162 12.118246549413085
12.118243995025129 12.111244194261657 12.095412276000152 12.111244194261127 12.118243995024859
12.118241440637435 12.111241625423146 12.09540971058114 12.111241625422624 12.118241440637153
12.11823888625022 12.111239056585168 12.095407145162659 12.111239056584653 12.118238886249985
12.118236331863613 12.111236487747734 12.09540457974472 12.111236487747222 12.118236331863347
12.118233777477519 12.11123391891082 12.095402014327274 12.111233918910312 12.11823377747723
12.118231223091911 12.11123135007445 12.095399448910388 12.111231350073936 12.118231223091662
12.118228668706854 12.111228781238609 12.095396883494045 12.111228781238093 12.118228668706612
12.118226114322344 12.111226212403292 12.09539431807822 12.111226212402789 12.11822611432209
12.118223559938368 12.111223643568527 12.095391752662938 12.111223643568014 12.118223559938102
12.118221005554888 12.111221074734306 12.095389187248182 12.111221074733779 12.118221005554645
12.118218451171982 12.111218505900602 12.095386621833972 12.111218505900087 12.11821845117174
12.118215896789584 12.111215937067433 12.095384056420286 12.111215937066907 12.118215896789335
