0.9289923474999254 0.8516952572003565 0.928992347499925
1.3644243475588613 1.2802090598000415 1.3644243475588615
1.85060760833317 1.7583805352172173 1.8506076083331695
2.416737148044678 2.314946667102605 2.4167371480446773
3.0741125919266405 2.962526916233065 3.0741125919266397
3.822226304328546 3.70226828039853 3.8222263043285474
4.648340307320495 4.523201710951786 4.648340307320495
5.527721529864888 5.402133895545486 5.5277215298648805
6.426407834712663 6.30598914860249 6.426407834712661
7.306561987247041 7.196864585345623 7.306561987247029
8.132977723183128 8.038536843948616 8.132977723183124
8.878599607398224 8.802295380771683 8.878599607398213
9.52742593372618 9.470313881230867 9.527425933726159
10.074453141157024 10.036008163161299 10.074453141157003
10.523480418050173 10.502069248749223 10.523480418050147
10.884036143777687 10.877424974432689 10.884036143777678
11.168464836214595 11.17423694881296 11.168464836214566
11.389717853279123 11.405555873486069 11.389717853279121
11.559958824821804 11.583800518715819 11.55995882482179
11.689852159133038 11.719952099953785 11.689852159133018
11.78832595966296 11.823257818625727 11.788325959662936
11.862617423108858 11.901244569998907 11.862617423108842
11.91845934774545 11.959892386251173 11.918459347745442
11.960317620423186 12.003869837664984 11.960317620423156
11.991628997171176 12.036775351949693 11.991628997171164
12.015014659130852 12.061356615188009 12.015014659130838
12.03246059224797 12.07969725240987 12.032460592247944
12.045464187950959 12.093369271531538 12.045464187950952
12.055150376222036 12.103554214683209 12.055150376221997
12.062362012310725 12.11113766258608 12.062362012310711
12.06772935404184 12.116781992969145 12.067729354041816
12.071722992426203 12.12098187455605 12.071722992426203
12.074693916826323 12.124106307593362 12.074693916826305
12.076903699375173 12.126430315784415 12.076903699375137
12.078547157098866 12.128158750885646 12.078547157098862
12.079769323261417 12.12944412550868 12.079769323261392
12.080678133195349 12.130399946121628 12.080678133195331
12.08135389366234 12.131110667281378 12.08135389366232
12.081856344036806 12.131639115369365 12.081856344036789
12.082229917747123 12.132032020724616 12.082229917747092
12.082507660483223 12.13232413773768 12.082507660483216
12.082714146875874 12.132541311979047 12.082714146875848
12.082867650973862 12.13270276272714 12.082867650973837
12.082981761055251 12.132822781194564 12.082981761055237
12.083066580823369 12.132911993801853 12.083066580823335
12.083129622816944 12.132978301774093 12.083129622816935
12.083176472836385 12.133027579924901 12.083176472836367
12.08321128404077 12.133064196308043 12.083211284040738
12.08323714436107 12.13309139863555 12.083237144361048
12.083256349700475 12.133111601611514 12.083256349700465
12.08327060707368 12.133126600580722 12.083270607073661
12.083281185649083 12.133137730386004 12.083281185649069
12.083289029052963 12.133145983482777 12.083289029052953
12.083294838869518 12.133152097759936 12.083294838869504
12.083299136724385 12.133156621835582 12.083299136724369
12.083302310444124 12.133159963605102 12.08330231044411
12.083304648375915 12.133162426336915 12.083304648375904
12.083306364904423 12.13316423550941 12.08330636490441
12.083307619423419 12.133165558764626 12.083307619423405
12.083308530441245 12.133166520743359 12.083308530441236
12.083309186068158 12.133167214115335 12.08330918606814
12.083309651813563 12.13316770777992 12.083309651813558
12.083309976383326 12.133168052963358 12.083309976383301
12.083310195989887 12.133168287752042 12.083310195989867
12.083310337556973 12.133168440462939 12.083310337556965
12.0833104211023 12.13316853214953 12.083310421102281
12.083310461508804 12.133168578464991 12.083310461508765
12.083310469841807 12.133168591047252 12.083310469841773
12.08331045432848 12.133168578549148 12.083310454328448
12.083310421085473 12.133168547403969 12.083310421085478
12.083310374660638 12.133168502394778 12.083310374660616
12.083310318435164 12.133168447077804 12.08331031843513
12.083310254922992 12.133168384097049 12.083310254922965
12.083310185993176 12.133168315418349 12.083310185993163
12.083310113035441 12.133168242503242 12.083310113035413
12.083310037082914 12.133168166438418 12.08331003708291
12.083309958903824 12.133168088031763 12.083309958903804
12.083309879069287 12.133168007884002 12.083309879069267
12.083309798003919 12.13316792644175 12.083309798003903
12.083309716023438 12.133167844036981 12.083309716023415
12.083309633362584 12.133167760916702 12.08330963336256
12.083309550195874 12.133167677264334 12.083309550195844
12.083309466653066 12.13316759321643 12.083309466653057
12.083309382830661 12.133167508874449 12.083309382830626
12.08330929880031 12.133167424313779 12.083309298800296
12.08330921461543 12.133167339590589 12.083309214615404
12.083309130315614 12.133167254746477 12.0833091303156
12.083309045930351 12.133167169812502 12.083309045930305
12.083308961481537 12.133167084811733 12.083308961481533
12.08330887698552 12.133166999761261 12.083308876985493
12.083308792454392 12.133166914673897 12.08330879245437
12.083308707897116 12.133166829559034 12.083308707897093
12.083308623320455 12.133166744423766 12.08330862332045
12.083308538729378 12.133166659273323 12.08330853872936
12.083308454127543 12.133166574111604 12.08330845412754
12.08330836951773 12.133166488941503 12.083308369517741
12.083308284902019 12.13316640376514 12.083308284901985
12.08330820028189 12.13316631858414 12.083308200281857
12.08330811565846 12.133166233399686 12.083308115658427
12.083308031032603 12.133166148212679 12.083308031032567
12.083307946404908 12.133166063023754 12.083307946404894
12.083307861775902 12.133165977833444 12.083307861775879
12.083307777145858 12.133165892642072 12.083307777145857
12.083307692515104 12.133165807449892 12.0833076925151
12.083307607883807 12.133165722257141 12.083307607883771
12.083307523252083 12.133165637063984 12.083307523252055
12.083307438620038 12.133165551870475 12.083307438620022
12.083307353987768 12.133165466676715 12.083307353987754
12.083307269355348 12.133165381482813 12.08330726935533
12.083307184722791 12.133165296288764 12.083307184722779
12.08330710009014 12.133165211094619 12.083307100090135
12.083307015457416 12.133165125900403 12.0833070154574
12.083306930824651 12.13316504070613 12.083306930824635
12.083306846191869 12.133164955511836 12.083306846191828
12.083306761559026 12.133164870317467 12.083306761558994
12.083306676926162 12.133164785123077 12.083306676926153
12.083306592293292 12.133164699928734 12.08330659229327
12.083306507660428 12.133164614734325 12.083306507660403
12.083306423027539 12.133164529539918 12.083306423027521
12.083306338394651 12.13316444434552 12.08330633839462
12.083306253761753 12.13316435915112 12.083306253761727
12.08330616912883 12.133164273956709 12.083306169128825
12.083306084495916 12.133164188762267 12.083306084495911
12.083305999863013 12.13316410356785 12.083305999862995
12.083305915230106 12.133164018373408 12.083305915230088
12.083305830597197 12.133163933178997 12.08330583059719
12.08330574596428 12.133163847984598 12.083305745964266
12.083305661331396 12.133163762790181 12.083305661331368
12.083305576698478 12.133163677595771 12.083305576698463
12.083305492065579 12.133163592401328 12.08330549206555
12.083305407432663 12.13316350720694 12.083305407432636
12.083305322799754 12.133163422012522 12.083305322799749
12.083305238166881 12.133163336818095 12.083305238166853
12.083305153533958 12.133163251623666 12.08330515353395
12.08330506890106 12.133163166429254 12.083305068901034
12.08330498426815 12.133163081234843 12.08330498426813
12.08330489963524 12.133162996040408 12.08330489963522
12.08330481500233 12.133162910845982 12.08330481500232
12.083304730369417 12.133162825651574 12.083304730369399
12.083304645736526 12.13316274045717 12.083304645736506
12.083304561103631 12.133162655262742 12.0833045611036
12.083304476470717 12.13316257006834 12.083304476470706
12.08330439183784 12.1331624848739 12.083304391837808
12.083304307204928 12.13316239967951 12.0833043072049
12.08330422257203 12.133162314485107 12.083304222571996
12.08330413793913 12.133162229290686 12.08330413793912
12.083304053306252 12.13316214409628 12.083304053306232
12.08330396867333 12.13316205890186 12.08330396867333
12.08330388404046 12.133161973707452 12.08330388404044
12.08330379940755 12.133161888513072 12.083303799407538
12.083303714774653 12.133161803318643 12.08330371477464
12.08330363014177 12.133161718124224 12.083303630141735
12.083303545508878 12.133161632929822 12.083303545508869
12.083303460875987 12.133161547735408 12.083303460875937
12.083303376243089 12.133161462541016 12.083303376243073
12.083303291610198 12.133161377346598 12.083303291610175
12.083303206977293 12.133161292152213 12.08330320697728
12.083303122344395 12.133161206957816 12.083303122344391
12.083303037711527 12.133161121763399 12.083303037711513
12.08330295307862 12.133161036569012 12.0833029530786
12.083302868445752 12.133160951374604 12.083302868445722
12.08330278381287 12.133160866180193 12.083302783812833
12.08330269917998 12.13316078098581 12.083302699179947
12.083302614547087 12.133160695791425 12.083302614547074
12.083302529914194 12.13316061059702 12.083302529914189
12.083302445281303 12.133160525402616 12.083302445281292
12.083302360648428 12.133160440208222 12.083302360648403
12.083302276015553 12.133160355013842 12.083302276015536
12.083302191382662 12.133160269819433 12.083302191382636
12.083302106749771 12.13316018462501 12.083302106749741
12.083302022116882 12.133160099430627 12.083302022116861
12.083301937484006 12.133160014236221 12.083301937483974
12.083301852851125 12.133159929041819 12.083301852851102
12.083301768218234 12.13315984384746 12.08330176821823
12.083301683585349 12.133159758653045 12.083301683585342
12.083301598952481 12.133159673458637 12.08330159895246
12.083301514319606 12.133159588264258 12.083301514319583
12.083301429686708 12.13315950306988 12.083301429686687
12.083301345053837 12.133159417875472 12.083301345053826
12.083301260420942 12.133159332681066 12.083301260420937
12.083301175788062 12.13315924748669 12.083301175788064
12.083301091155217 12.133159162292301 12.083301091155192
12.08330100652232 12.133159077097917 12.083301006522298
12.083300921889462 12.133158991903512 12.083300921889439
12.083300837256557 12.13315890670913 12.083300837256537
12.083300752623698 12.133158821514728 12.083300752623675
12.083300667990818 12.133158736320334 12.0833006679908
12.083300583357937 12.133158651125965 12.08330058335794
12.083300498725071 12.133158565931582 12.083300498725043
12.083300414092214 12.13315848073719 12.083300414092196
12.083300329459338 12.13315839554281 12.083300329459306
12.08330024482645 12.133158310348431 12.08330024482643
12.083300160193586 12.133158225154027 12.08330016019356
12.083300075560743 12.13315813995967 12.083300075560706
12.083299990927856 12.133158054765293 12.083299990927847
12.083299906294984 12.133157969570902 12.083299906294963
12.083299821662123 12.13315788437651 12.083299821662107
12.083299737029261 12.133157799182145 12.083299737029247
12.083299652396386 12.133157713987764 12.083299652396358
12.083299567763524 12.133157628793366 12.083299567763502
12.083299483130656 12.133157543598989 12.083299483130624
12.083299398497765 12.133157458404606 12.083299398497752
12.083299313864924 12.13315737321025 12.083299313864899
12.08329922923206 12.133157288015875 12.08329922923204
12.083299144599199 12.133157202821499 12.083299144599174
12.083299059966324 12.13315711762714 12.08329905996632
12.083298975333479 12.133157032432733 12.083298975333454
12.083298890700595 12.13315694723837 12.08329889070059
12.083298806067747 12.13315686204401 12.083298806067708
12.083298721434875 12.133156776849617 12.083298721434865
12.083298636802033 12.13315669165523 12.083298636802015
12.083298552169161 12.133156606460881 12.08329855216915
12.083298467536315 12.133156521266525 12.083298467536293
12.083298382903465 12.133156436072161 12.083298382903447
12.083298298270613 12.13315635087779 12.083298298270586
12.083298213637752 12.133156265683432 12.08329821363774
12.0832981290049 12.133156180489038 12.083298129004884
12.08329804437204 12.133156095294654 12.083298044372016
12.083297959739182 12.133156010100317 12.08329795973917
12.083297875106329 12.133155924905946 12.083297875106311
12.083297790473466 12.13315583971155 12.083297790473463
12.083297705840614 12.133155754517205 12.083297705840584
12.083297621207764 12.133155669322829 12.083297621207743
12.083297536574893 12.133155584128447 12.083297536574886
12.083297451942052 12.1331554989341 12.08329745194202
12.083297367309186 12.133155413739726 12.083297367309171
12.083297282676341 12.133155328545346 12.08329728267633
12.083297198043498 12.133155243351 12.08329719804347
12.083297113410634 12.13315515815661 12.083297113410609
12.083297028777784 12.133155072962278 12.083297028777773
12.083296944144944 12.13315498776791 12.083296944144934
12.083296859512107 12.133154902573551 12.08329685951208
12.08329677487926 12.133154817379186 12.083296774879248
12.083296690246392 12.133154732184837 12.08329669024639
12.08329660561355 12.133154646990477 12.083296605613548
12.083296520980742 12.133154561796122 12.083296520980706
12.083296436347883 12.133154476601762 12.083296436347855
12.083296351715028 12.133154391407402 12.083296351715006
12.083296267082174 12.133154306213049 12.083296267082158
12.083296182449322 12.133154221018671 12.083296182449304
12.08329609781649 12.133154135824325 12.083296097816454
12.083296013183627 12.133154050629969 12.083296013183613
12.0832959285508 12.133153965435614 12.08329592855079
12.08329584391795 12.133153880241254 12.083295843917949
12.083295759285111 12.13315379504691 12.083295759285107
12.083295674652268 12.133153709852564 12.083295674652257
12.083295590019457 12.13315362465822 12.083295590019441
12.083295505386618 12.133153539463871 12.083295505386591
12.083295420753778 12.13315345426951 12.083295420753762
12.08329533612094 12.13315336907516 12.083295336120925
12.083295251488108 12.133153283880818 12.083295251488085
12.083295166855272 12.133153198686468 12.083295166855239
12.083295082222454 12.133153113492128 12.083295082222431
12.083294997589602 12.13315302829778 12.083294997589594
12.08329491295676 12.133152943103436 12.083294912956763
12.083294828323915 12.133152857909081 12.083294828323915
12.083294743691114 12.133152772714736 12.08329474369109
12.083294659058279 12.133152687520385 12.083294659058247
12.083294574425448 12.133152602326065 12.08329457442543
12.083294489792607 12.133152517131707 12.083294489792575
12.083294405159759 12.13315243193739 12.083294405159752
12.083294320526951 12.133152346743028 12.083294320526928
12.083294235894106 12.133152261548688 12.083294235894092
12.083294151261283 12.133152176354328 12.083294151261267
12.083294066628442 12.13315209115998 12.08329406662843
12.083293981995627 12.133152005965645 12.083293981995602
12.083293897362797 12.133151920771311 12.083293897362774
12.083293812729979 12.133151835576975 12.083293812729945
12.08329372809716 12.133151750382641 12.083293728097138
12.083293643464318 12.133151665188317 12.083293643464302
12.083293558831487 12.133151579993964 12.08329355883147
12.083293474198657 12.133151494799602 12.083293474198642
12.083293389565835 12.133151409605283 12.08329338956583
12.083293304933036 12.133151324410957 12.083293304933013
12.083293220300195 12.133151239216616 12.083293220300183
12.083293135667374 12.13315115402229 12.08329313566736
12.08329305103456 12.133151068827962 12.083293051034538
12.083292966401745 12.133150983633625 12.083292966401714
12.083292881768928 12.133150898439268 12.08329288176892
12.083292797136103 12.133150813244942 12.083292797136073
12.08329271250327 12.133150728050634 12.083292712503265
12.083292627870447 12.133150642856286 12.083292627870437
12.083292543237638 12.133150557661978 12.083292543237631
12.083292458604804 12.13315047246764 12.083292458604797
12.083292373971995 12.133150387273304 12.083292373971975
12.083292289339191 12.13315030207896 12.083292289339164
12.083292204706373 12.133150216884648 12.08329220470634
12.08329212007355 12.133150131690318 12.08329212007353
12.083292035440728 12.133150046495961 12.083292035440715
12.0832919508079 12.133149961301624 12.08329195080789
12.083291866175118 12.133149876107323 12.083291866175093
12.083291781542291 12.133149790913013 12.083291781542268
12.083291696909482 12.133149705718692 12.083291696909464
12.083291612276671 12.13314962052436 12.083291612276662
12.083291527643867 12.133149535330032 12.083291527643865
12.083291443011074 12.133149450135729 12.083291443011046
12.083291358378261 12.1331493649414 12.083291358378231
12.08329127374543 12.133149279747084 12.083291273745413
12.083291189112623 12.133149194552752 12.083291189112593
12.083291104479812 12.133149109358417 12.083291104479812
