0.7606024625524574 0.6587019158994323 0.6587019158994375 0.7606024625524622
1.0408150246215604 0.9249354715340316 0.9249354715340397 1.0408150246215657
1.3197016724058295 1.1980778192062829 1.1980778192062913 1.3197016724058355
1.6195600573148927 1.495032350926222 1.4950323509262309 1.6195600573148985
1.9502310691608273 1.823912086769487 1.8239120867694965 1.9502310691608344
2.317497826891317 2.1898922775202934 2.189892277520303 2.3174978268913256
2.724761213494489 2.59622315148819 2.5962231514881995 2.724761213494498
3.173324939040788 3.0442749251878194 3.044274925187829 3.1733249390408003
3.6622944673040227 3.53332673272571 3.5333267327257225 3.662294467304033
4.18841861972851 4.060344307859761 4.060344307859774 4.188418619728527
4.746040381134322 4.619883863765628 4.619883863765642 4.746040381134341
5.327258303711667 5.204214194602196 5.204214194602209 5.32725830371169
5.922345155322829 5.803703229230059 5.803703229230068 5.92234515532285
6.5204087944848 6.407457574706138 6.40745757470615 6.520408794484831
7.1102187002835375 7.0041424404887085 7.004142440488729 7.11021870028357
7.681076741320537 7.582862162133381 7.582862162133401 7.681076741320572
8.223597552591615 8.133964599335847 8.133964599335865 8.223597552591652
8.73028661489246 8.649652015420052 8.649652015420068 8.730286614892504
9.195853654600251 9.124328940289702 9.124328940289722 9.19585365460029
9.61725724538527 9.554676400424139 9.554676400424146 9.617257245385309
9.993525188849647 9.939492903911253 9.939492903911264 9.9935251888497
10.325423166585463 10.279373365517142 10.279373365517161 10.325423166585507
10.615049622703859 10.576305038093844 10.576305038093858 10.615049622703923
10.865423416874554 10.833249494907532 10.833249494907562 10.865423416874616
11.080110876359486 11.053760155281413 11.053760155281427 11.080110876359548
11.262917929668456 11.241663528851099 11.241663528851106 11.26291792966851
11.417655704357806 11.400814340542615 11.400814340542643 11.417655704357877
11.547976132986399 11.534922112809948 11.534922112809953 11.547976132986447
11.657267535410568 11.647439597815326 11.647439597815346 11.657267535410625
11.748597637196836 11.74150053140111 11.741500531401122 11.748597637196905
11.82469162239282 11.819894087183384 11.819894087183398 11.82469162239287
11.887934383122204 11.885064876325671 11.885064876325675 11.887934383122237
11.940388246245407 11.939129445295674 11.93912944529568 11.940388246245455
11.98381959412198 11.983902395771315 11.983902395771324 11.983819594122028
12.019729677561472 12.020927185663774 12.020927185663782 12.019729677561516
12.04938644132351 12.051508248557234 12.051508248557242 12.049386441323566
12.073855342027956 12.076742278411526 12.076742278411547 12.07385534202799
12.094027979286082 12.097547408180931 12.097547408180946 12.09402797928611
12.110647944401773 12.114689625910804 12.114689625910808 12.110647944401821
12.124333678107329 12.128806181970658 12.12880618197067 12.124333678107392
12.13559837252794 12.140426000979026 12.140426000979051 12.13559837252803
12.144867095502066 12.149987265855582 12.149987265855607 12.14486709550212
12.152491389938113 12.157852423104039 12.157852423104046 12.152491389938175
12.158761630772537 12.164320892709279 12.164320892709274 12.158761630772604
12.163917424076132 12.169639770544185 12.169639770544222 12.163917424076184
12.168156318459427 12.174012798074074 12.174012798074083 12.1681563184595
12.17164107583448 12.177607851540643 12.177607851540667 12.171641075834524
12.174505721760566 12.18056317598033 12.180563175980346 12.174505721760646
12.176860568119139 12.182992561661814 12.182992561661827 12.17686056811919
12.178796374530158 12.184989633767843 12.18498963376787 12.178796374530226
12.180387790717537 12.186631401447656 12.18663140144767 12.180387790717582
12.18169620038036 12.187981190221926 12.187981190221928 12.181696200380436
12.182772068142995 12.18909106226253 12.18909106226256 12.182772068143052
12.183656874739722 12.190003812221562 12.190003812221558 12.183656874739782
12.184384711550655 12.190754611856947 12.190754611856962 12.184384711550717
12.184983593693026 12.191372364454857 12.191372364454866 12.184983593693097
12.185476540832907 12.191880819715847 12.191880819715848 12.185476540832944
12.185882466460974 12.192299491104182 12.19229949110418 12.185882466461026
12.186216909343178 12.192644410414658 12.192644410414676 12.18621690934325
12.186492634999286 12.192928748276694 12.1929287482767 12.18649263499936
12.186720130198383 12.193163324303002 12.193163324303026 12.18672013019847
12.186908009429082 12.193357026434018 12.193357026434027 12.186908009429143
12.187063348965179 12.193517155590008 12.19351715559003 12.187063348965243
12.18719196139247 12.193649708900743 12.193649708900757 12.187191961392527
12.187298621185436 12.193759612435896 12.193759612435896 12.187298621185494
12.187387250047733 12.193850912424804 12.193850912424834 12.187387250047815
12.187461069183291 12.193926932358734 12.19392693235874 12.187461069183353
12.187522724391485 12.19399040205601 12.193990402056041 12.187522724391549
12.187574388832653 12.19404356368906 12.194043563689073 12.187574388832726
12.18761784744587 12.194088258881903 12.194088258881896 12.187617847445926
12.187654566293382 12.194126000256071 12.19412600025609 12.187654566293446
12.18768574952169 12.194158030199976 12.19415803019999 12.187685749521728
12.187712386149197 12.194185369142343 12.194185369142362 12.187712386149242
12.187735288497647 12.194208855203751 12.194208855203755 12.187735288497706
12.187755123758622 12.194229176765505 12.194229176765528 12.18775512375868
12.187772439921345 12.194246899220984 12.194246899220982 12.187772439921384
12.187787687068898 12.194262486947977 12.19426248694799 12.187787687068962
12.187801234870076 12.194276321356043 12.194276321356067 12.187801234870129
12.187813386946148 12.194288715709625 12.194288715709634 12.187813386946212
12.187824392671212 12.194299927303026 12.194299927303039 12.187824392671263
12.18783445686408 12.194310167460317 12.194310167460323 12.18783445686415
12.187843747748936 12.194319609748524 12.194319609748547 12.187843747749007
12.187852403493466 12.194328396723678 12.194328396723703 12.187852403493517
12.187860537578944 12.194336645471349 12.194336645471354 12.187860537579004
12.187868243211016 12.194344452157429 12.194344452157463 12.187868243211092
12.187875596942302 12.194351895765944 12.194351895765964 12.187875596942348
12.18788266164763 12.19435904116868 12.194359041168703 12.187882661647697
12.187889488968064 12.19436594164686 12.19436594164686 12.18788948896813
12.187896121317856 12.19437264096184 12.194372640961848 12.18789612131791
12.18790259353308 12.194379175056165 12.19437917505618 12.187902593533138
12.18790893422564 12.194385573450463 12.194385573450461 12.187908934225709
12.187915166895344 12.1943918603909 12.194391860390901 12.187915166895385
12.187921310843153 12.194398055791526 12.194398055791545 12.187921310843237
12.187927381921702 12.19440417600837 12.194404176008387 12.187927381921778
12.187933393151042 12.19441023447505 12.194410234475079 12.187933393151095
12.187939355224982 12.194416242225074 12.194416242225088 12.187939355225035
12.18794527692663 12.194422208320457 12.194422208320471 12.187945276926694
12.187951165469865 12.194428140204222 12.194428140204241 12.18795116546991
12.187957026779609 12.194434043989466 12.194434043989478 12.18795702677968
12.187962865722184 12.194439924697042 12.194439924697068 12.187962865722248
12.187968686294424 12.194445786450785 12.194445786450787 12.187968686294495
12.187974491779073 12.194451632637636 12.194451632637657 12.187974491779128
12.18798028487231 12.19445746603947 12.194457466039484 12.187980284872356
12.187986067788598 12.194463288941044 12.194463288941058 12.18798606778866
12.187991842346754 12.194469103218964 12.194469103218976 12.187991842346799
12.187997610040586 12.194474910414472 12.194474910414495 12.187997610040652
12.188003372097034 12.19448071179351 12.194480711793524 12.188003372097102
12.188009129523843 12.194486508395753 12.194486508395773 12.188009129523913
12.188014883148641 12.194492301075183 12.194492301075213 12.188014883148705
12.188020633651206 12.194498090533159 12.194498090533166 12.18802063365128
12.188026381589898 12.194503877345738 12.194503877345765 12.188026381589973
12.18803212742329 12.194509661986066 12.194509661986082 12.188032127423348
12.18803787152797 12.194515444842747 12.194515444842756 12.188037871528019
12.188043614213287 12.194521226234917 12.19452122623492 12.188043614213374
12.188049355733341 12.194527006424732 12.194527006424744 12.18804935573341
12.188055096296802 12.194532785627505 12.194532785627525 12.18805509629687
12.188060836075056 12.19453856402007 12.19453856402008 12.18806083607512
12.188066575208865 12.194544341747651 12.194544341747656 12.188066575208932
12.188072313813892 12.194550118929573 12.194550118929573 12.188072313813946
12.18807805198501 12.194555895663758 12.194555895663768 12.188078051985073
12.188083789800276 12.194561672030714 12.194561672030721 12.188083789800329
12.188089527323736 12.194567448096517 12.194567448096535 12.188089527323791
12.188095264608009 12.194573223915466 12.194573223915494 12.188095264608073
12.188101001696298 12.194578999532153 12.194578999532176 12.188101001696346
12.188106738624073 12.19458477498318 12.194584774983193 12.188106738624148
12.188112475420537 12.194590550298628 12.19459055029864 12.18811247542061
12.188118212109554 12.194596325503177 12.194596325503213 12.188118212109648
12.188123948710894 12.194602100617162 12.194602100617187 12.188123948710947
12.188129685240606 12.194607875657212 12.194607875657228 12.18812968524068
12.188135421712026 12.194613650637008 12.194613650637022 12.188135421712072
12.188141158136006 12.194619425567812 12.194619425567838 12.188141158136075
12.188146894521525 12.194625200458875 12.194625200458885 12.188146894521571
12.188152630875889 12.19463097531774 12.194630975317747 12.188152630875965
12.18815836720521 12.194636750150663 12.194636750150657 12.188158367205245
12.188164103514357 12.194642524962726 12.19464252496273 12.1881641035144
12.188169839807433 12.194648299758148 12.194648299758162 12.188169839807525
12.18817557608783 12.194654074540399 12.194654074540406 12.188175576087898
12.188181312358271 12.194659849312288 12.194659849312293 12.188181312358312
12.188187048620973 12.19466562407616 12.194665624076178 12.188187048621028
12.188192784877808 12.19467139883391 12.194671398833927 12.188192784877867
12.188198521130307 12.194677173587115 12.194677173587129 12.188198521130374
12.188204257379716 12.194682948337073 12.194682948337103 12.18820425737979
12.188209993627096 12.194688723084848 12.194688723084873 12.18820999362715
12.188215729873225 12.1946944978313 12.1946944978313 12.18821572987329
12.188221466118817 12.194700272577112 12.194700272577139 12.188221466118907
12.188227202364521 12.194706047322946 12.194706047322953 12.188227202364569
12.188232938610671 12.194711822069202 12.19471182206922 12.188232938610728
12.188238674857725 12.19471759681634 12.194717596816343 12.188238674857807
12.188244411106 12.194723371564631 12.194723371564647 12.188244411106064
12.188250147355735 12.19472914631438 12.194729146314382 12.188250147355818
12.18825588360716 12.194734921065804 12.194734921065809 12.188255883607258
12.188261619860459 12.19474069581907 12.194740695819089 12.188261619860528
12.188267356115745 12.194746470574348 12.19474647057435 12.188267356115809
12.188273092373153 12.194752245331724 12.194752245331742 12.188273092373194
12.188278828632745 12.194758020091331 12.194758020091333 12.188278828632816
12.188284564894655 12.194763794853209 12.19476379485323 12.188284564894717
12.188290301158922 12.194769569617483 12.194769569617483 12.188290301158986
12.188296037425589 12.19477534438417 12.194775344384174 12.188296037425653
12.188301773694748 12.19478111915331 12.194781119153337 12.188301773694795
12.188307509966345 12.19478689392498 12.194786893924993 12.188307509966416
12.188313246240508 12.19479266869917 12.194792668699165 12.188313246240561
12.188318982517213 12.19479844347592 12.194798443475932 12.188318982517265
12.188324718796466 12.194804218255259 12.194804218255268 12.18832471879653
12.18833045507829 12.194809993037158 12.194809993037175 12.188330455078365
12.18833619136274 12.19481576782171 12.194815767821721 12.1883361913628
12.18834192764977 12.194821542608867 12.19482154260889 12.188341927649855
12.18834766393944 12.194827317398673 12.194827317398676 12.188347663939513
12.188353400231748 12.194833092191098 12.194833092191113 12.188353400231803
12.188359136526639 12.194838866986169 12.194838866986183 12.188359136526698
12.188364872824199 12.19484464178391 12.194844641783904 12.188364872824256
12.188370609124382 12.19485041658429 12.194850416584298 12.188370609124442
12.188376345427221 12.194856191387325 12.194856191387348 12.188376345427283
12.188382081732705 12.194861966193052 12.194861966193065 12.188382081732762
12.18838781804082 12.194867741001412 12.194867741001437 12.188387818040892
12.188393554351602 12.194873515812462 12.19487351581248 12.188393554351666
12.188399290665057 12.194879290626167 12.19487929062619 12.188399290665107
12.18840502698111 12.194885065442541 12.194885065442554 12.188405026981183
12.188410763299862 12.1948908402616 12.19489084026161 12.188410763299919
12.188416499621225 12.194896615083309 12.194896615083337 12.188416499621312
12.18842223594529 12.194902389907716 12.194902389907721 12.18842223594536
12.188427972272006 12.194908164734763 12.194908164734784 12.188427972272054
12.188433708601362 12.194913939564511 12.194913939564534 12.188433708601423
12.188439444933366 12.194919714396933 12.194919714396931 12.188439444933435
12.18844518126804 12.194925489232002 12.194925489232023 12.188445181268103
12.188450917605394 12.194931264069771 12.194931264069774 12.188450917605419
12.188456653945362 12.194937038910197 12.194937038910217 12.188456653945414
12.188462390287993 12.194942813753313 12.19494281375334 12.188462390288073
12.18846812663329 12.194948588599088 12.194948588599113 12.188468126633362
12.188473862981256 12.194954363447556 12.194954363447577 12.188473862981336
12.188479599331895 12.194960138298692 12.19496013829872 12.188479599331963
12.188485335685172 12.194965913152512 12.194965913152517 12.18848533568524
12.188491072041101 12.19497168800899 12.194971688008996 12.18849107204116
12.188496808399691 12.194977462868144 12.19497746286817 12.188496808399766
12.188502544760958 12.194983237729996 12.194983237730007 12.188502544761015
12.18850828112486 12.194989012594494 12.194989012594517 12.188508281124921
12.18851401749144 12.19499478746168 12.194994787461692 12.18851401749148
12.188519753860653 12.195000562331554 12.195000562331566 12.188519753860719
12.188525490232543 12.195006337204097 12.195006337204102 12.188525490232609
12.188531226607115 12.195012112079304 12.195012112079327 12.18853122660717
12.188536962984301 12.195017886957203 12.195017886957215 12.188536962984386
12.188542699364175 12.19502366183775 12.195023661837762 12.188542699364252
12.18854843574672 12.195029436721008 12.195029436721017 12.18854843574676
12.188554172131857 12.195035211606905 12.195035211606932 12.18855417213194
12.188559908519736 12.195040986495524 12.195040986495522 12.188559908519775
12.18856564491022 12.195046761386777 12.195046761386777 12.188565644910272
12.188571381303351 12.195052536280706 12.195052536280745 12.188571381303433
12.188577117699174 12.195058311177336 12.195058311177348 12.188577117699255
12.188582854097653 12.195064086076629 12.195064086076645 12.188582854097737
12.188588590498817 12.19506986097861 12.195069860978624 12.188588590498865
12.188594326902567 12.19507563588326 12.195075635883276 12.188594326902654
12.188600063309046 12.195081410790584 12.195081410790593 12.18860006330911
12.188605799718164 12.195087185700597 12.195087185700608 12.188605799718216
12.188611536129907 12.195092960613263 12.195092960613264 12.18861153612998
12.18861727254436 12.195098735528594 12.195098735528612 12.188617272544409
12.188623008961432 12.195104510446633 12.195104510446646 12.188623008961494
12.188628745381179 12.195110285367322 12.195110285367344 12.188628745381232
12.188634481803579 12.195116060290704 12.195116060290715 12.188634481803641
12.188640218228619 12.195121835216757 12.195121835216767 12.188640218228707
12.18864595465636 12.195127610145489 12.195127610145486 12.188645954656417
12.18865169108673 12.195133385076875 12.195133385076884 12.188651691086788
12.188657427519754 12.195139160010958 12.19513916001097 12.188657427519832
12.188663163955486 12.1951449349477 12.19514493494773 12.188663163955523
12.1886689003938 12.195150709887132 12.195150709887155 12.188668900393871
12.18867463683484 12.195156484829258 12.195156484829269 12.188674636834898
12.188680373278519 12.195162259774017 12.19516225977404 12.188680373278567
12.188686109724832 12.195168034721474 12.195168034721494 12.188686109724895
12.188691846173812 12.195173809671601 12.195173809671621 12.188691846173876
12.188697582625466 12.195179584624416 12.195179584624437 12.188697582625528
12.188703319079771 12.195185359579892 12.195185359579902 12.188703319079831
12.18870905553672 12.195191134538051 12.195191134538067 12.188709055536787
12.18871479199636 12.195196909498883 12.195196909498897 12.188714791996421
12.188720528458628 12.195202684462402 12.195202684462398 12.188720528458699
12.188726264923554 12.195208459428573 12.195208459428596 12.188726264923638
12.188732001391193 12.195214234397456 12.195214234397456 12.188732001391251
12.188737737861452 12.195220009368985 12.195220009368992 12.188737737861493
12.188743474334377 12.195225784343197 12.195225784343217 12.188743474334428
12.188749210809963 12.195231559320082 12.195231559320115 12.188749210810002
12.188754947288182 12.195237334299664 12.195237334299673 12.188754947288233
12.188760683769072 12.195243109281893 12.19524310928191 12.188760683769132
12.188766420252625 12.195248884266805 12.195248884266828 12.188766420252687
12.18877215673882 12.195254659254413 12.195254659254427 12.188772156738894
12.188777893227694 12.195260434244668 12.195260434244679 12.18877789322777
12.188783629719223 12.195266209237626 12.195266209237623 12.188783629719286
12.188789366213406 12.19527198423323 12.19527198423324 12.188789366213474
12.188795102710255 12.195277759231526 12.195277759231539 12.188795102710321
12.188800839209755 12.195283534232482 12.1952835342325 12.188800839209835
12.18880657571191 12.195289309236134 12.195289309236145 12.188806575711991
12.18881231221672 12.195295084242451 12.195295084242469 12.188812312216815
12.188818048724242 12.195300859251455 12.195300859251471 12.188818048724292
12.188823785234367 12.195306634263128 12.195306634263144 12.18882378523443
12.188829521747163 12.195312409277474 12.195312409277488 12.188829521747238
12.18883525826261 12.19531818429451 12.195318184294528 12.188835258262685
12.188840994780735 12.19532395931421 12.195323959314214 12.188840994780797
12.188846731301537 12.195329734336577 12.195329734336584 12.188846731301568
12.188852467824933 12.195335509361621 12.195335509361641 12.188852467825003
12.188858204351055 12.195341284389345 12.195341284389373 12.188858204351096
12.188863940879795 12.195347059419753 12.195347059419769 12.18886394087985
12.188869677411192 12.195352834452835 12.195352834452839 12.188869677411256
12.18887541394526 12.195358609488595 12.195358609488599 12.188875413945329
12.188881150482015 12.195364384527032 12.195364384527036 12.188881150482063
12.188886887021376 12.195370159568123 12.195370159568157 12.188886887021445
12.18889262356343 12.195375934611898 12.195375934611926 12.18889262356349
12.188898360108128 12.195381709658367 12.195381709658369 12.188898360108182
12.188904096655474 12.195387484707496 12.195387484707501 12.188904096655543
12.1889098332055 12.195393259759292 12.195393259759316 12.188909833205566
12.188915569758173 12.195399034813777 12.195399034813803 12.188915569758251
12.188921306313523 12.195404809870952 12.195404809870954 12.188921306313576
12.18892704287153 12.19541058493078 12.195410584930793 12.188927042871589
12.188932779432179 12.195416359993287 12.195416359993294 12.188932779432239
12.188938515995472 12.195422135058465 12.195422135058482 12.188938515995554
12.188944252561452 12.195427910126325 12.19542791012635 12.188944252561527
12.1889499891301 12.195433685196873 12.195433685196894 12.188949989130158
12.188955725701383 12.19543946027009 12.195439460270123 12.188955725701447
12.188961462275362 12.19544523534599 12.195445235346003 12.188961462275396
12.18896719885194 12.195451010424554 12.195451010424579 12.188967198852012
12.188972935431217 12.195456785505785 12.195456785505822 12.188972935431288
12.18897867201317 12.195462560589723 12.195462560589732 12.18897867201322
12.188984408597722 12.195468335676308 12.195468335676328 12.18898440859779
12.188990145184965 12.195474110765577 12.195474110765584 12.188990145185052
12.188995881774886 12.195479885857509 12.19547988585753 12.188995881774943
12.189001618367426 12.19548566095213 12.195485660952155 12.189001618367486
12.189007354962635 12.19549143604943 12.195491436049425 12.189007354962717
12.189013091560543 12.19549721114939 12.195497211149402 12.189013091560579
12.189018828161064 12.195502986252023 12.195502986252047 12.189018828161116
12.189024564764257 12.195508761357376 12.19550876135738 12.189024564764317
12.189030301370082 12.195514536465362 12.195514536465366 12.189030301370172
12.189036037978617 12.195520311576043 12.195520311576054 12.189036037978676
12.189041774589791 12.195526086689375 12.195526086689384 12.189041774589858
12.18904751120363 12.195531861805414 12.195531861805419 12.189047511203679
12.189053247820125 12.195537636924104 12.195537636924124 12.189053247820176
12.189058984439269 12.195543412045478 12.195543412045495 12.189058984439322
12.189064721061067 12.195549187169528 12.195549187169538 12.189064721061124
12.189070457685546 12.195554962296281 12.19555496229628 12.189070457685599
12.18907619431265 12.195560737425653 12.195560737425682 12.189076194312712
12.189081930942427 12.195566512557754 12.19556651255776 12.18908193094249
12.189087667574867 12.195572287692487 12.195572287692517 12.18908766757494
12.189093404209991 12.195578062829934 12.195578062829957 12.189093404210047
12.18909914084772 12.19558383797004 12.195583837970062 12.18909914084779
12.189104877488166 12.19558961311283 12.195589613112848 12.18910487748822
12.189110614131275 12.195595388258289 12.195595388258305 12.189110614131303
