0.6215137977389463 0.5225311853802885 0.520395764766281 0.5203957647662817 0.5225311853802902 0.6215137977389481
0.7983570524864518 0.6725890318821486 0.6665096696693079 0.6665096696693091 0.6725890318821504 0.7983570524864522
0.950492440383259 0.8077567634676112 0.7974383278908513 0.7974383278908529 0.8077567634676135 0.9504924403832612
1.0940674300035869 0.9402985540646602 0.9258689507248796 0.9258689507248823 0.9402985540646644 1.094067430003588
1.2356360793236563 1.0747408319379126 1.0564600349165434 1.0564600349165463 1.0747408319379161 1.2356360793236578
1.3788911240746704 1.2134751734641978 1.1916316471676536 1.1916316471676578 1.213475173464204 1.3788911240746724
1.5262609521173705 1.3580520705993404 1.332923085879717 1.3329230858797225 1.3580520705993486 1.5262609521173736
1.679484059379931 1.5096127601643807 1.4814500801020738 1.4814500801020811 1.5096127601643896 1.679484059379934
1.8398695179401303 1.6690624078497036 1.6380889231225673 1.638088923122574 1.6690624078497147 1.839869517940134
2.0084316874592254 1.8371462008963253 1.8035575719102706 1.8035575719102785 1.8371462008963384 2.008431687459227
2.185964385679319 2.0144831097892855 1.9784517484016366 1.978451748401647 2.014483109789303 2.1859643856793225
2.373082062029821 2.2015790425738233 2.163259127961852 2.163259127961864 2.201579042573841 2.373082062029825
2.570241547501108 2.398829122863497 2.3583619559732827 2.358361955973297 2.3988291228635177 2.570241547501111
2.777751925563922 2.606513965150061 2.5640332604761475 2.564033260476165 2.606513965150085 2.7777519255639254
2.9957771472357697 2.8247926999757227 2.780429564795587 2.7804295647956074 2.824792699975753 2.995777147235773
3.2243344720363303 3.0536945277583176 3.007581960441081 3.007581960441105 3.0536945277583527 3.2243344720363343
3.463290949330421 3.2931101159096854 3.245386900503268 3.2453869005032927 3.293110115909724 3.4632909493304265
3.7123596345733403 3.54278391938722 3.493597821064415 3.493597821064441 3.542783919387262 3.7123596345733447
3.971096893939046 3.8023083662839 3.7518185516895564 3.751818551689589 3.80230836628395 3.971096893939045
4.23890189466275 4.071120738550981 4.019499363005628 4.019499363005666 4.07112073855104 4.238901894662756
4.515019152245949 4.348503456027476 4.295936379812147 4.295936379812185 4.3485034560275375 4.515019152245947
4.798544778038266 4.633588319849669 4.580274940461071 4.580274940461116 4.633588319849739 4.798544778038259
5.0884368263317805 4.925365081124287 4.871517297930057 4.87151729793011 4.925365081124365 5.0884368263317805
5.38352987593891 5.22269447391958 5.1685348351892975 5.1685348351893525 5.222694473919666 5.383529875938911
5.682553703937104 5.524325597516505 5.470084715364471 5.470084715364533 5.524325597516597 5.682553703937106
5.9841556328731045 5.828917267269543 5.7748306208157665 5.774830620815837 5.828917267269647 5.984155632873095
6.286925875968268 6.135062696629939 6.0813669744421786 6.081366974442252 6.135062696630054 6.286925875968269
6.589424988210906 6.441316647070309 6.388245803507698 6.388245803507777 6.441316647070434 6.5894249882108955
6.8902123736270955 6.746224008945064 6.694005222703575 6.69400522270366 6.7462240089452 6.890212373627085
7.1878747149723825 7.048348671807123 6.997198397007058 6.997198397007148 7.0483486718072585 7.18787471497238
7.481053189225338 7.346301517897501 7.29642180788822 7.296421807888316 7.3463015178976505 7.481053189225323
7.768468410082484 7.6387664297791735 7.590341692205008 7.590341692205116 7.638766429779333 7.768468410082476
8.048942188433236 7.924523336183195 7.877717646704549 7.877717646704652 7.924523336183371 8.048942188433232
8.321415407788361 8.202467515174963 8.157422579454762 8.157422579454881 8.202467515175151 8.321415407788331
8.584961553271128 8.471624611134015 8.428458423708355 8.42845842370848 8.471624611134217 8.58496155327112
8.83879568740825 8.731161079183423 8.689967287149345 8.689967287149466 8.731161079183627 8.838795687408231
9.082278911702263 8.980390024950308 8.941237967202392 8.941237967202525 8.980390024950536 9.082278911702247
9.314918571179167 9.218772638824467 9.181708000361297 9.18170800036144 9.218772638824682 9.314918571179145
9.536364636066729 9.44591561673005 9.410961613967041 9.410961613967192 9.445915616730284 9.536364636066692
9.746402822529689 9.66156510405773 9.628724101827508 9.628724101827661 9.661565104057974 9.746402822529637
9.944945090730426 9.86559779193434 9.834853245778094 9.834853245778259 9.865597791934603 9.944945090730418
10.132018186124267 10.058009836865606 10.029328454470875 10.029328454471033 10.058009836865883 10.132018186124236
10.30775087528969 10.23890427157703 10.212238293483496 10.212238293483676 10.238904271577313 10.307750875289647
10.472360479518652 10.408477534982707 10.383767045394487 10.383767045394663 10.408477534982998 10.472360479518619
10.626139237575181 10.567005682361478 10.544180874473668 10.544180874473847 10.567005682361778 10.626139237575142
10.769440943012752 10.71483075285398 10.693814088045869 10.693814088046054 10.714830752854263 10.7694409430127
10.902668209707409 10.852347679300868 10.833055894622836 10.833055894623026 10.852347679301168 10.902668209707361
11.026260628752297 10.979992032749035 10.962337965373537 10.962337965373731 10.979992032749347 11.02626062875226
11.140683995733692 11.09822880641881 11.082123016474387 11.082123016474586 11.098228806419133 11.140683995733658
11.246420713090297 11.207542365518021 11.192894549586082 11.192894549586297 11.20754236551836 11.246420713090243
11.343961409613199 11.308427622322597 11.295147818690793 11.295147818690996 11.308427622322945 11.343961409613144
11.433797768766777 11.40138244135879 11.38938203490995 11.389382034910152 11.401382441359123 11.433797768766743
11.516416519036678 11.486901237191573 11.476093776709705 11.476093776709916 11.486901237191928 11.516416519036634
11.592294511923805 11.565469696375276 11.555771540292692 11.555771540292907 11.565469696375619 11.592294511923777
11.661894795098858 11.637560534216242 11.628891342673855 11.628891342674057 11.637560534216586 11.661894795098776
11.72566357803269 11.703630184568661 11.695913276384555 11.695913276384768 11.703630184569022 11.725663578032663
11.784027983543803 11.764116315309138 11.757278908310717 11.757278908310942 11.764116315309504 11.784027983543739
11.837394479655732 11.819436061871919 11.813409414275682 11.813409414275892 11.819436061872274 11.837394479655696
11.886147890627424 11.86998487487672 11.864704344199117 11.864704344199348 11.869984874877087 11.886147890627392
11.93065089286214 11.916135884246621 11.911540918764151 11.911540918764368 11.916135884246994 11.930650892862097
11.971243909713644 11.958239690300433 11.954273766477451 11.954273766477677 11.958239690300807 11.971243909713598
12.008245328250172 11.996624501323499 11.993235018992566 11.993235018992788 11.99662450132387 12.00824532825011
12.041951970265185 12.031596546465051 12.028734691948205 12.028734691948435 12.031596546465423 12.041951970265144
12.072639758839104 12.06344070203668 12.061061287887037 12.061061287887258 12.063440702037047 12.07263975883905
12.100564530281453 12.092421278083535 12.090482566735892 12.09048256673611 12.092421278083917 12.100564530281412
12.125962949151955 12.118782920268531 12.11724643763247 12.117246437632698 12.118782920268893 12.12596294915191
12.149053491168788 12.142751589531807 12.141581933447817 12.141581933448048 12.142751589532194 12.149053491168761
12.170037465136716 12.164535588615498 12.163700236121933 12.163700236122152 12.164535588615868 12.17003746513666
12.1891000505615 12.184326610367611 12.183795726889063 12.183795726889281 12.184326610367988 12.189100050561416
12.206411332403663 12.202300787792462 12.202047040646976 12.202047040647205 12.202300787792844 12.206411332403606
12.222127318510328 12.218619730141567 12.218618108164806 12.218618108165026 12.218619730141926 12.222127318510285
12.236390928712778 12.23343153300373 12.233659173590517 12.23365917359074 12.233431533004106 12.236390928712733
12.249332947460191 12.24687175342337 12.24730777787703 12.24730777787726 12.24687175342375 12.249332947460141
12.261072934238188 12.259064343616389 12.259689701365206 12.25968970136544 12.25906434361679 12.261072934238147
12.271720087965237 12.270122538938088 12.270919860911118 12.270919860911356 12.270122538938466 12.271720087965187
12.281374063127968 12.280149697441612 12.281103158687257 12.281103158687488 12.280149697441995 12.281374063127902
12.290125736665996 12.289240089715022 12.290335281181566 12.290335281181806 12.289240089715408 12.290125736665914
12.298057925596812 12.29747963874532 12.298703448019884 12.298703448020117 12.297479638745706 12.29805792559672
12.305246056125386 12.304946610380588 12.306287111090741 12.306287111090985 12.304946610380973 12.30524605612535
12.311758785552795 12.311712255584126 12.313158605101252 12.313158605101489 12.311712255584515 12.311758785552732
12.317658578711796 12.317841406133985 12.319383751173508 12.319383751173731 12.317841406134372 12.317658578711772
12.32300224095107 12.323393025747027 12.325022415433303 12.325022415433532 12.32339302574741 12.323002240951029
12.327841409876996 12.328420718824884 12.330129024775378 12.330129024775616 12.328420718825255 12.32784140987695
12.332223008175937 12.332973199151112 12.33475304213067 12.334753042130902 12.3329731991515 12.332223008175893
12.336189659886179 12.337094720933212 12.338939403634331 12.338939403634559 12.337094720933592 12.336189659886127
12.339780072488466 12.340825474593473 12.342728920109275 12.342728920109515 12.340825474593844 12.339780072488383
12.343029387146094 12.344201949684102 12.346158645255695 12.346158645255928 12.344201949684484 12.343029387146009
12.345969499360649 12.347257267241627 12.349262212879646 12.349262212879884 12.347257267242012 12.345969499360587
12.348629352222929 12.350021483813592 12.35207014541425 12.35207014541449 12.350021483813999 12.348629352222886
12.351035204340073 12.352521869293646 12.354610135890491 12.35461013589074 12.352521869294023 12.351035204340024
12.35321087441182 12.35478316059241 12.356907305407624 12.35690730540786 12.354783160592806 12.353210874411767
12.355177964315333 12.356827793059601 12.358984438039494 12.358984438039725 12.356827793059983 12.3551779643153
12.356956062443368 12.358676111454063 12.36086219499668 12.36086219499693 12.358676111454455 12.356956062443317
12.358562928925247 12.36034656214469 12.362559309746967 12.362559309747214 12.360346562145104 12.358562928925243
12.360014664248867 12.361855868107963 12.364092765680919 12.364092765681155 12.36185586810836 12.360014664248821
12.361325862690794 12.363219188177725 12.36547795779762 12.365477957797852 12.363219188178132 12.36132586269072
12.362509751859172 12.364450261894927 12.36672883977602 12.366728839776242 12.364450261895323 12.362509751859093
12.363578319552053 12.36556154120234 12.36785805769467 12.367858057694892 12.365561541202728 12.363578319551985
12.364542429040684 12.366564310132427 12.36887707156389 12.368877071564148 12.366564310132816 12.364542429040625
12.365411923797845 12.36746879354452 12.369796265741815 12.369796265742048 12.3674687935449 12.365411923797803
12.366195722607973 12.368284255881925 12.37062504921856 12.370625049218798 12.368284255882333 12.36619572260794
12.366901905918224 12.36901909083906 12.37137194667215 12.371371946672388 12.369019090839476 12.366901905918182
12.36753779421703 12.36968090275401 12.372044681123151 12.372044681123379 12.369680902754402 12.36753779421702
12.368110019160225 12.370276580472702 12.372650248945652 12.372650248945883 12.370276580473085 12.368110019160206
12.368624588101802 12.370812364366978 12.373194987926542 12.373194987926787 12.370812364367376 12.368624588101747
12.369086942630172 12.371293907129 12.373684639005461 12.373684639005706 12.371293907129383 12.369086942630119
12.369502011658062 12.371726328910455 12.374124402272265 12.374124402272509 12.371726328910853 12.369502011658003
12.369874259564398 12.372114267324916 12.374518987747816 12.37451898774807 12.372114267325284 12.369874259564341
12.370207729844013 12.372461922784868 12.374872661427805 12.37487266142804 12.37246192278526 12.370207729843973
12.370506084679334 12.372773099604139 12.375189287025504 12.37518928702575 12.372773099604522 12.37050608467928
12.370772640809957 12.373051243255983 12.37547236381123 12.375472363811465 12.373051243256384 12.370772640809896
12.371010402044444 12.373299474143527 12.375725060909371 12.375725060909597 12.37329947414391 12.37101040204437
12.37122208872465 12.373520618205541 12.37595024838191 12.375950248382141 12.373520618205927 12.371222088724595
12.371410164426813 12.373717234652048 12.376150525396865 12.376150525397096 12.373717234652455 12.37141016442679
12.371576860156098 12.37389164109678 12.376328245753019 12.376328245753246 12.373891641097154 12.371576860156049
12.371724196268403 12.374045936328866 12.376485541007355 12.376485541007579 12.37404593632928 12.371724196268321
12.371854002332073 12.374182020944943 12.376624341429064 12.376624341429311 12.374182020945339 12.37185400233202
12.371967935121818 12.374301616040585 12.376746394983215 12.376746394983451 12.374301616040981 12.37196793512173
12.372067494919007 12.374406280143518 12.376853284528142 12.376853284528385 12.374406280143926 12.372067494918959
12.372154040278435 12.374497424552839 12.376946443394427 12.376946443394663 12.374497424553219 12.372154040278375
12.37222880140363 12.374576327233697 12.377027169496584 12.377027169496822 12.374576327234092 12.372228801403594
12.372292892262779 12.374644145403211 12.37709663811546 12.377096638115699 12.374644145403614 12.372292892262687
12.372347321562104 12.374701926930078 12.377155913476072 12.377155913476315 12.37470192693047 12.37234732156204
12.372393002685644 12.374750620659706 12.377205959233928 12.377205959234168 12.374750620660093 12.372393002685579
12.372430762696933 12.374791085765708 12.377247647972602 12.377247647972833 12.37479108576608 12.372430762696872
12.372461350492094 12.37482410021931 12.377281769805442 12.377281769805686 12.374824100219714 12.37246135049203
12.372485444183498 12.374850368459848 12.377309040165855 12.377309040166097 12.374850368460246 12.37248544418342
12.372503657786694 12.374870528341226 12.377330106862292 12.377330106862521 12.374870528341605 12.372503657786659
12.372516547276524 12.37488515742292 12.377345556467509 12.377345556467743 12.374885157423305 12.372516547276492
12.37252461607092 12.374894778667098 12.377355920104614 12.377355920104856 12.374894778667466 12.372524616070873
12.37252831999743 12.374899865597769 12.377361678686883 12.377361678687128 12.374899865598168 12.372528319997375
12.372528071790633 12.374900846972908 12.377363267662687 12.377363267662925 12.37490084697329 12.3725280717906
12.37252424516484 12.374898111015026 12.377361081312321 12.377361081312547 12.374898111015415 12.372524245164772
12.372517178501779 12.374892009242554 12.377355476639018 12.377355476639245 12.374892009242952 12.37251717850174
12.372507178190608 12.374882859938985 12.377346776892429 12.37734677689266 12.374882859939369 12.37250717819056
12.372494521651635 12.374870951294382 12.377335274759076 12.377335274759318 12.374870951294792 12.372494521651612
12.372479460074945 12.374856544250143 12.377321235251568 12.3773212352518 12.374856544250543 12.372479460074882
12.37246222089973 12.374839875074743 12.377304898324569 12.377304898324805 12.374839875075143 12.372462220899658
12.37244301005981 12.374821157696386 12.377286481243793 12.377286481244038 12.374821157696774 12.372443010059753
12.372422014016783 12.374800585814908 12.377266180730981 12.377266180731215 12.374800585815288 12.37242201401668
12.372399401600578 12.374778334814266 12.377244174906165 12.377244174906403 12.374778334814645 12.372399401600541
12.37237532567704 12.374754563494173 12.37722062504641 12.377220625046636 12.374754563494585 12.37237532567698
12.37234992465669 12.374729415638255 12.377195677178245 12.377195677178493 12.374729415638642 12.372349924656637
12.37232332386191 12.374703021433547 12.377169463519659 12.377169463519879 12.374703021433945 12.372323323861844
12.372295636764104 12.374675498756297 12.377142103785614 12.377142103785859 12.374675498756691 12.372295636764058
12.372266966104613 12.374646954335951 12.377113706370455 12.3771137063707 12.374646954336345 12.37226696610454
12.372237404908905 12.374617484809033 12.377084369418139 12.377084369418396 12.374617484809432 12.372237404908866
12.372207037405625 12.374587177673687 12.377054181791623 12.377054181791848 12.374587177674085 12.372207037405595
12.372175939858174 12.374556112153623 12.377023223950344 12.37702322395057 12.37455611215402 12.372175939858128
12.372144181318006 12.374524359980645 12.37699156874498 12.37699156874522 12.374524359981027 12.37214418131793
12.372111824306485 12.374491986103026 12.376959282136887 12.376959282137133 12.374491986103394 12.372111824306447
12.372078925432625 12.374459049327038 12.376926423849564 12.3769264238498 12.374459049327424 12.372078925432563
12.372045535951875 12.374425602897723 12.376893047958525 12.37689304795876 12.374425602898103 12.372045535951825
12.372011702272617 12.374391695024768 12.376859203425415 12.376859203425647 12.374391695025174 12.372011702272545
12.371977466414315 12.374357369358775 12.376824934581597 12.376824934581828 12.374357369359165 12.371977466414245
12.371942866422778 12.3743226654222 12.376790281565997 12.376790281566244 12.3743226654226 12.371942866422708
12.371907936745721 12.374287618999961 12.376755280721657 12.376755280721891 12.374287619000327 12.371907936745679
12.371872708573248 12.374252262492618 12.376719964954523 12.37671996495475 12.374252262493028 12.371872708573186
12.371837210145692 12.374216625236835 12.376684364058676 12.376684364058923 12.37421662523723 12.371837210145593
12.371801467032618 12.37418073379464 12.376648505010525 12.376648505010749 12.374180733795036 12.371801467032556
12.371765502385585 12.374144612216156 12.37661241223524 12.376612412235469 12.37414461221655 12.371765502385559
12.371729337166713 12.374108282277044 12.37657610784809 12.376576107848317 12.37410828227743 12.371729337166636
12.371692990355468 12.374071763693571 12.376539611872863 12.376539611873099 12.374071763693976 12.37169299035536
12.371656479136492 12.374035074317444 12.376502942439652 12.376502942439892 12.374035074317844 12.371656479136432
12.371619819069371 12.373998230312054 12.376466115963929 12.376466115964178 12.373998230312443 12.37161981906932
12.371583024242064 12.373961246312176 12.376429147308741 12.376429147308983 12.373961246312572 12.371583024242007
12.371546107410225 12.373924135568581 12.37639204993149 12.376392049931722 12.373924135568975 12.371546107410142
12.371509080123067 12.373886910078847 12.376354836016823 12.376354836017061 12.373886910079234 12.371509080123031
12.371471952837792 12.373849580705885 12.37631751659715 12.376317516597375 12.373849580706272 12.371471952837748
12.371434735022453 12.373812157285329 12.37628010166141 12.376280101661639 12.37381215728572 12.37143473502238
12.371397435249678 12.373774648722598 12.37624260025392 12.376242600254153 12.373774648722991 12.371397435249634
12.371360061281463 12.373737063080853 12.376205020563626 12.37620502056386 12.373737063081254 12.371360061281415
12.371322620145673 12.373699407660784 12.376167370005028 12.376167370005264 12.37369940766118 12.371322620145623
12.371285118205504 12.373661689072552 12.37612965529141 12.376129655291635 12.373661689072943 12.371285118205446
12.371247561222425 12.373623913301218 12.376091882501143 12.37609188250138 12.373623913301603 12.371247561222333
12.371209954412866 12.373586085765785 12.376054057137754 12.376054057137994 12.373586085766183 12.371209954412816
12.3711723025002 12.373548211372773 12.376016184184287 12.37601618418453 12.373548211373178 12.37117230250011
12.371134609760754 12.373510294564712 12.37597826815253 12.375978268152773 12.373510294565117 12.371134609760716
12.371096880066764 12.373472339363937 12.37594031312754 12.375940313127773 12.373472339364325 12.371096880066688
12.371059116923993 12.373434349412355 12.375902322808065 12.375902322808308 12.37343434941276 12.371059116923915
12.371021323506755 12.373396328007553 12.375864300543045 12.375864300543281 12.37339632800791 12.37102132350671
12.370983502689208 12.373358278135083 12.375826249364676 12.375826249364918 12.373358278135473 12.370983502689134
12.37094565707357 12.37332020249831 12.37578817201842 12.375788172018654 12.3733202024987 12.370945657073516
12.370907789016089 12.373282103544812 12.375750070990067 12.375750070990287 12.373282103545229 12.37090778901603
12.37086990065008 12.373243983490802 12.37571194853031 12.37571194853055 12.373243983491195 12.370869900649991
12.370831993907053 12.373205844342758 12.375673806677032 12.375673806677248 12.373205844343168 12.370831993907009
12.370794070536013 12.373167687917517 12.375635647275292 12.375635647275537 12.373167687917933 12.370794070535974
12.37075613212048 12.373129515860041 12.375597471995762 12.37559747199602 12.373129515860436 12.370756132120404
12.370718180094126 12.373091329659708 12.375559282351057 12.375559282351293 12.373091329660108 12.37071818009405
12.370680215755097 12.37305313066507 12.375521079710719 12.375521079710968 12.373053130665458 12.370680215755067
12.37064224027889 12.373014920097114 12.375482865314815 12.375482865315046 12.373014920097496 12.370642240278817
12.370604254729582 12.372976699061377 12.375444640286105 12.375444640286325 12.372976699061761 12.370604254729537
12.370566260070865 12.372938468558829 12.375406405641147 12.375406405641387 12.3729384685592 12.370566260070811
12.370528257175069 12.372900229495745 12.3753681623004 12.375368162300644 12.37290022949613 12.37052825717505
12.370490246832242 12.372861982692735 12.375329911097255 12.37532991109748 12.372861982693154 12.370490246832205
12.37045222975758 12.372823728892826 12.375291652786276 12.375291652786508 12.372823728893234 12.370452229757486
12.370414206598545 12.372785468768697 12.375253388050654 12.375253388050897 12.372785468769093 12.370414206598513
12.370376177941683 12.372747202929435 12.37521511750902 12.375215117509246 12.372747202929837 12.370376177941603
12.370338144317701 12.372708931926564 12.375176841721428 12.375176841721673 12.372708931926958 12.37033814431763
12.370300106207363 12.372670656259368 12.375138561195039 12.37513856119526 12.37267065625978 12.370300106207296
12.370262064045804 12.372632376380015 12.375100276388983 12.375100276389217 12.372632376380409 12.37026206404578
12.370224018227244 12.372594092697813 12.375061987718995 12.375061987719233 12.372594092698204 12.370224018227193
12.370185969108302 12.372555805583417 12.375023695561502 12.375023695561751 12.37255580558381 12.37018596910828
12.3701479170122 12.372517515372419 12.374985400257348 12.374985400257565 12.372517515372808 12.370147917012101
12.370109862231198 12.372479222368616 12.374947102115062 12.374947102115293 12.372479222369048 12.370109862231164
12.370071805030324 12.372440926847249 12.374908801414087 12.374908801414328 12.372440926847625 12.370071805030307
12.370033745649337 12.372402629057268 12.374870498407386 12.374870498407631 12.37240262905765 12.370033745649295
12.369995684305263 12.372364329224267 12.374832193324021 12.374832193324247 12.372364329224657 12.369995684305236
12.369957621194752 12.372326027552436 12.37479388637137 12.374793886371597 12.372326027552843 12.369957621194713
12.36991955649577 12.372287724226693 12.374755577737197 12.374755577737432 12.372287724227096 12.369919556495725
12.3698814903694 12.372249419414448 12.374717267591555 12.374717267591791 12.372249419414839 12.36988149036939
12.369843422961674 12.372211113267243 12.374678956088356 12.3746789560886 12.372211113267623 12.369843422961653
12.369805354404646 12.372172805922322 12.374640643366966 12.37464064336722 12.372172805922704 12.36980535440459
12.369767284817923 12.37213449750394 12.374602329553639 12.374602329553861 12.372134497504325 12.369767284817856
12.3697292143098 12.372096188124658 12.374564014762566 12.374564014762797 12.372096188125024 12.369729214309721
12.36969114297831 12.37205787788625 12.37452569909724 12.374525699097465 12.372057877886643 12.369691142978269
12.369653070912316 12.372019566881038 12.374487382651328 12.374487382651555 12.372019566881416 12.369653070912284
12.36961499819221 12.371981255192468 12.374449065509644 12.374449065509872 12.371981255192873 12.369614998192139
12.369576924890703 12.371942942896185 12.37441074774897 12.374410747749213 12.371942942896586 12.369576924890639
12.369538851073743 12.371904630060664 12.374372429438848 12.37437242943908 12.371904630061062 12.369538851073685
12.369500776800992 12.371866316747864 12.37433411064223 12.374334110642462 12.371866316748244 12.369500776800946
12.369462702126475 12.371828003013928 12.374295791416099 12.374295791416333 12.37182800301432 12.369462702126462
12.36942462709915 12.37178968890966 12.374257471812086 12.374257471812319 12.371789688910061 12.369424627099116
12.3693865517633 12.371751374481061 12.374219151876904 12.37421915187714 12.371751374481462 12.36938655176324
12.369348476158931 12.371713059769816 12.374180831652877 12.374180831653115 12.37171305977021 12.3693484761589
12.3693104003225 12.371674744813618 12.374142511178295 12.374142511178523 12.37167474481402 12.369310400322439
12.369272324286754 12.371636429646644 12.374104190487861 12.374104190488081 12.371636429647046 12.369272324286708
12.369234248081527 12.371598114299806 12.374065869612938 12.37406586961318 12.3715981143002 12.36923424808149
12.369196171733801 12.371559798801098 12.374027548582008 12.374027548582243 12.371559798801487 12.36919617173373
12.36915809526788 12.371521483175854 12.373989227420793 12.373989227421028 12.371521483176249 12.369158095267823
12.36912001870589 12.371483167447048 12.3739509061526 12.37395090615284 12.37148316744744 12.369120018705877
12.369081942067897 12.371444851635458 12.37391258479854 12.373912584798777 12.37144485163586 12.369081942067863
12.369043865372003 12.371406535759878 12.373874263377726 12.37387426337796 12.3714065357603 12.369043865371951
12.36900578863458 12.371368219837395 12.373835941907467 12.3738359419077 12.371368219837798 12.369005788634487
12.368967711870404 12.371329903883394 12.373797620403408 12.373797620403652 12.371329903883776 12.368967711870367
12.368929635093046 12.371291587911816 12.373759298879753 12.373759298879987 12.371291587912227 12.368929635093
12.368891558314587 12.371253271935378 12.373720977349315 12.373720977349562 12.371253271935775 12.368891558314548
12.368853481546125 12.37121495596548 12.37368265582376 12.373682655823998 12.371214955965874 12.368853481546077
12.368815404797603 12.371176640012495 12.373644334313596 12.373644334313825 12.37117664001289 12.368815404797541
12.368777328078025 12.3711383240858 12.373606012828349 12.373606012828596 12.371138324086212 12.368777328077984
12.368739251395588 12.371100008193954 12.373567691376659 12.3735676913769 12.371100008194338 12.368739251395565
12.368701174757788 12.371061692344574 12.373529369966363 12.373529369966601 12.371061692344961 12.368701174757735
12.368663098171172 12.371023376544638 12.373491048604496 12.373491048604736 12.371023376545045 12.368663098171146
12.368625021641956 12.370985060800516 12.373452727297488 12.373452727297721 12.3709850608009 12.36862502164191
12.368586945175549 12.370946745117847 12.37341440605113 12.373414406051364 12.370946745118257 12.368586945175515
12.368548868776994 12.370908429501858 12.373376084870687 12.373376084870925 12.370908429502249 12.368548868776939
12.368510792450714 12.370870113957196 12.373337763760894 12.373337763761134 12.370870113957594 12.368510792450689
12.36847271620089 12.370831798488114 12.373299442726076 12.373299442726317 12.370831798488492 12.368472716200836
12.368434640031118 12.37079348309842 12.373261121770124 12.373261121770359 12.37079348309882 12.368434640031074
12.368396563944835 12.370755167791641 12.373222800896556 12.373222800896801 12.370755167792034 12.368396563944769
12.368358487944992 12.370716852570887 12.373184480108579 12.373184480108812 12.370716852571288 12.368358487944938
12.36832041203434 12.370678537439039 12.373146159409083 12.373146159409318 12.37067853743941 12.368320412034308
12.368282336215463 12.370640222398624 12.373107838800694 12.373107838800935 12.37064022239902 12.368282336215389
12.36824426049047 12.370601907452013 12.373069518285783 12.373069518286023 12.370601907452404 12.36824426049042
12.368206184861483 12.370563592601332 12.373031197866498 12.373031197866727 12.370563592601718 12.36820618486143
12.368168109330313 12.370525277848454 12.372992877544755 12.372992877545004 12.370525277848854 12.368168109330265
12.368130033898677 12.37048696319516 12.372954557322355 12.372954557322611 12.370486963195562 12.368130033898598
12.36809195856793 12.370448648643011 12.372916237200888 12.372916237201126 12.37044864864339 12.368091958567923
12.368053883339662 12.370410334193403 12.372877917181777 12.372877917182013 12.370410334193783 12.368053883339632
12.368015808215045 12.370372019847629 12.372839597266346 12.372839597266559 12.37037201984801 12.368015808214963
12.367977733195106 12.370333705606855 12.372801277455734 12.372801277455968 12.370333705607246 12.367977733195016
12.367939658280841 12.37029539147215 12.372762957751087 12.372762957751299 12.370295391472533 12.367939658280818
12.367901583473367 12.370257077444434 12.372724638153304 12.372724638153533 12.370257077444847 12.367901583473287
12.367863508773288 12.370218763524637 12.372686318663305 12.372686318663533 12.370218763525028 12.36786350877325
12.367825434181517 12.370180449713482 12.372647999281874 12.372647999282105 12.370180449713871 12.367825434181484
12.367787359698738 12.370142136011696 12.372609680009733 12.372609680009981 12.370142136012088 12.367787359698651
12.367749285325415 12.370103822419928 12.37257136084752 12.372571360847765 12.370103822420305 12.367749285325365
12.367711211062266 12.37006550893872 12.372533041795863 12.372533041796093 12.370065508939136 12.3677112110622
12.367673136909708 12.370027195568685 12.372494722855237 12.372494722855485 12.37002719556907 12.367673136909634
12.367635062868201 12.369988882310194 12.372456404026154 12.372456404026419 12.369988882310603 12.367635062868143
12.367596988938201 12.369950569163757 12.372418085309087 12.37241808530933 12.369950569164155 12.367596988938175
12.367558915120107 12.369912256129737 12.372379766704391 12.37237976670463 12.369912256130123 12.367558915120055
12.367520841414233 12.369873943208473 12.372341448212431 12.372341448212676 12.369873943208866 12.367520841414144
12.367482767820816 12.369835630400301 12.372303129833536 12.372303129833782 12.3698356304007 12.367482767820736
12.367444694340183 12.369797317705514 12.372264811568007 12.37226481156824 12.369797317705904 12.367444694340138
12.367406620972664 12.36975900512438 12.37222649341609 12.37222649341632 12.36975900512476 12.367406620972588
12.36736854771836 12.3697206926571 12.372188175378048 12.372188175378279 12.369720692657491 12.367368547718318
12.367330474577546 12.36968238030395 12.372149857454076 12.372149857454332 12.369682380304322 12.367330474577532
12.367292401550404 12.369644068065028 12.372111539644422 12.372111539644655 12.369644068065435 12.367292401550399
12.367254328637175 12.369605755940603 12.372073221949206 12.372073221949435 12.369605755941006 12.36725432863712
12.367216255837885 12.369567443930814 12.3720349043686 12.372034904368846 12.369567443931201 12.367216255837825
12.367178183152694 12.369529132035774 12.371996586902787 12.371996586903007 12.369529132036174 12.367178183152664
12.367140110581795 12.369490820255647 12.371958269551858 12.371958269552104 12.369490820256045 12.367140110581758
12.36710203812525 12.369452508590511 12.37191995231596 12.371919952316189 12.36945250859091 12.367102038125212
12.367063965783222 12.369414197040536 12.371881635195184 12.371881635195423 12.369414197040923 12.36706396578316
12.36702589355568 12.36937588560574 12.371843318189645 12.371843318189876 12.369375885606146 12.367025893555672
12.366987821442923 12.369337574286291 12.371805001299418 12.37180500129965 12.369337574286671 12.366987821442837
12.36694974944478 12.369299263082201 12.371766684524596 12.371766684524822 12.369299263082594 12.366949749444712
12.366911677561443 12.369260951993573 12.371728367865233 12.371728367865467 12.369260951993958 12.366911677561397
12.366873605793016 12.369222641020482 12.371690051321417 12.37169005132165 12.369222641020864 12.366873605792938
12.366835534139462 12.369184330162954 12.3716517348932 12.371651734893433 12.369184330163339 12.366835534139401
12.36679746260093 12.369146019421088 12.371613418580639 12.371613418580871 12.36914601942147 12.366797462600829
12.366759391177318 12.369107708794893 12.371575102383769 12.371575102384 12.369107708795259 12.366759391177268
12.366721319868777 12.369069398284392 12.371536786302633 12.371536786302876 12.369069398284793 12.366721319868759
12.366683248675404 12.369031087889711 12.371498470337292 12.37149847033754 12.369031087890104 12.366683248675342
12.366645177597137 12.368992777610805 12.371460154487785 12.371460154488023 12.368992777611208 12.366645177597054
12.366607106634014 12.368954467447745 12.37142183875411 12.371421838754355 12.36895446744813 12.366607106633944
12.36656903578606 12.368916157400534 12.371383523136332 12.371383523136572 12.368916157400935 12.366569035786002
12.366530965053311 12.368877847469246 12.37134520763447 12.371345207634702 12.36887784746962 12.366530965053263
12.366492894435847 12.368839537653843 12.371306892248521 12.37130689224876 12.368839537654239 12.36649289443579
