0.9706965386422327 0.946992314736245 0.9706965386422328
1.4561136469010747 1.4433956876629344 1.4561136469010758
2.013002694115578 2.0073754743123144 2.013002694115578
2.673084666096302 2.6722091654221884 2.673084666096303
3.4460322841252298 3.448260470222584 3.4460322841252298
4.323476405014321 4.327221415342256 4.32347640501432
5.278302894209453 5.281833558675717 5.278302894209453
6.267428285749567 6.268947300054881 6.267428285749567
7.239650165235251 7.237538670094076 7.239650165235253
8.146454922429557 8.139536821896137 8.14645492242955
8.951518555219394 8.939210954557124 8.951518555219405
9.635414181204395 9.617711544352012 9.635414181204396
10.194895950531482 10.172227607452125 10.194895950531484
10.63864072512815 10.611683245675959 10.638640725128154
10.982018950065651 10.951530785294006 10.98201895006566
11.242694698301694 11.209403457097467 11.242694698301676
11.437725635656419 11.402268173836784 11.437725635656443
11.582058628421192 11.544960125400465 11.58205862842119
11.688011985695269 11.649688332892385 11.688011985695285
11.765330348260319 11.726101738193748 11.765330348260338
11.821508301003309 11.781616401935002 11.821508301003309
11.862197524697292 11.821822186909058 11.862197524697292
11.891601141348948 11.850874873769632 11.89160114134897
11.912814298888055 11.871834033486058 11.912814298888055
11.92810027256613 11.886936553744139 11.92810027256615
11.939105753428354 11.897809733309552 11.93910575342836
11.94702452662395 11.905633198423503 11.94702452662395
11.952719813662679 11.911259880446904 11.95271981366269
11.956814655915617 11.915305366874929 11.956814655915613
11.959758146768813 11.918213364421293 11.959758146768811
11.961873689146355 11.920303389784705 11.961873689146369
11.963394014544141 11.921805374112573 11.963394014544114
11.96448652233898 11.922884700639665 11.964486522338978
11.965271577444755 11.923660283633927 11.96527157744474
11.965835703823924 11.924217603758802 11.965835703823922
11.966241087702302 11.924618097142229 11.966241087702292
11.966532417549631 11.924905913081513 11.966532417549649
11.966741804539701 11.925112775255236 11.966741804539717
11.966892320804325 11.925261477341033 11.966892320804323
11.967000543053187 11.925368395968352 11.96700054305319
11.967078380796487 11.92544529689039 11.9670783807965
11.967134390189727 11.925500632978379 11.967134390189747
11.967174718126248 11.925540476921876 11.96717471812624
11.967203780586129 11.925569191391121 11.96720378058614
11.967224750017701 11.925589910535706 11.967224750017687
11.967239905498468 11.925604885919226 11.967239905498463
11.967250884303267 11.925615735050517 11.967250884303281
11.967258862636037 11.925623619933594 11.967258862636047
11.967264685469177 11.925629375339856 11.967264685469198
11.96726895982096 11.925633600959173 11.967268959820967
11.967272121765502 11.925636727601088 11.967272121765504
11.96727448457266 11.925639064753447 11.967274484572666
11.967276273291143 11.925640834747977 11.96727627329115
11.967277649592775 11.925642197304681 11.96727764959278
11.967278729620235 11.925643267164059 11.967278729620267
11.96727959680875 11.925644126754054 11.967279596808751
11.967280311096932 11.92564483528964 11.967280311096914
11.967280915543775 11.92564543531001 11.967280915543764
11.967281441082278 11.925645957374668 11.967281441082271
11.967281909934213 11.925646423437131 11.9672819099342
11.96728233806337 11.92564684926846 11.967282338063375
11.967282736937905 11.925647246198311 11.96728273693789
11.967283114796322 11.925647622365817 11.967283114796333
11.967283477557134 11.92564798361797 11.967283477557132
11.967283829472011 11.925648334155147 11.967283829472038
11.967284173595385 11.925648676994857 11.967284173595388
11.96728451212142 11.925649014304792 11.967284512121418
11.96728484662641 11.925649347642269 11.967284846626407
11.967285178242776 11.925649678125959 11.967285178242758
11.967285507783957 11.925650006559549 11.967285507783968
11.967285835834396 11.925650333520398 11.967285835834419
11.96728616281393 11.925650659423233 11.967286162813934
11.967286489024097 11.925650984566003 11.967286489024104
11.967286814681582 11.925651309162765 11.967286814681593
11.967287139942021 11.925651633367298 11.967287139942039
11.967287464917264 11.92565195729005 11.967287464917263
11.967287789687584 11.925652281010366 11.967287789687589
11.967288114310728 11.925652604585274 11.96728811431074
11.967288438828147 11.925652928055746 11.967288438828133
11.967288763269563 11.925653251451118 11.967288763269572
11.967289087656436 11.925653574792628 11.96728908765645
11.96728941200412 11.925653898095405 11.967289412004133
11.967289736323655 11.925654221370353 11.96728973632365
11.967290060622949 11.925654544625353 11.967290060622966
11.967290384907724 11.925654867865983 11.96729038490774
11.967290709182082 11.925655191096334 11.967290709182093
11.967291033448923 11.92565551431924 11.967291033448939
11.967291357710408 11.925655837536825 11.967291357710407
11.967291681967996 11.925656160750632 11.967291681968018
11.967292006222829 11.925656483961696 11.967292006222854
11.967292330475697 11.925656807170787 11.967292330475717
11.967292654727123 11.925657130378463 11.967292654727128
11.967292978977502 11.925657453585114 11.967292978977518
11.967293303227182 11.925657776791065 11.967293303227182
11.96729362747632 11.925658099996479 11.967293627476316
11.967293951725091 11.925658423201563 11.967293951725098
11.967294275973606 11.92565874640636 11.967294275973599
11.967294600221926 11.92565906961098 11.967294600221921
11.967294924470096 11.925659392815463 11.967294924470105
11.967295248718184 11.925659716019828 11.967295248718191
11.967295572966218 11.92566003922418 11.967295572966218
11.96729589721419 11.92566036242846 11.9672958972142
11.967296221462126 11.925660685632709 11.967296221462147
11.967296545710079 11.925661008836936 11.967296545710079
11.967296869958 11.925661332041157 11.96729686995799
11.967297194205914 11.92566165524537 11.967297194205909
11.967297518453835 11.925661978449593 11.967297518453837
11.967297842701754 11.925662301653801 11.967297842701743
11.967298166949679 11.925662624858042 11.967298166949675
11.967298491197596 11.925662948062271 11.967298491197596
11.967298815445554 11.925663271266503 11.96729881544554
11.967299139693477 11.925663594470736 11.967299139693464
11.967299463941414 11.92566391767497 11.967299463941405
11.967299788189353 11.925664240879243 11.967299788189367
11.96730011243732 11.925664564083503 11.967300112437316
11.967300436685289 11.925664887287764 11.9673004366853
11.96730076093327 11.925665210492049 11.96730076093327
11.967301085181267 11.925665533696352 11.96730108518126
11.96730140942926 11.925665856900634 11.967301409429258
11.967301733677264 11.925666180104944 11.967301733677262
11.967302057925263 11.925666503309259 11.967302057925275
11.96730238217329 11.925666826513575 11.967302382173294
11.96730270642132 11.925667149717915 11.967302706421322
11.967303030669346 11.925667472922258 11.967303030669353
11.967303354917393 11.925667796126596 11.967303354917396
11.967303679165457 11.925668119330965 11.967303679165465
11.967304003413533 11.925668442535324 11.967304003413533
11.96730432766161 11.925668765739713 11.967304327661594
11.967304651909682 11.925669088944103 11.967304651909675
11.967304976157761 11.925669412148475 11.967304976157768
11.967305300405869 11.925669735352871 11.967305300405894
11.967305624653985 11.925670058557296 11.96730562465398
11.9673059489021 11.925670381761716 11.967305948902094
11.967306273150227 11.925670704966121 11.967306273150223
11.967306597398332 11.925671028170559 11.967306597398354
11.967306921646491 11.925671351375001 11.96730692164649
11.967307245894656 11.925671674579469 11.967307245894665
11.967307570142813 11.92567199778394 11.96730757014282
11.967307894390979 11.9256723209884 11.967307894390988
11.96730821863915 11.925672644192879 11.967308218639163
11.967308542887352 11.925672967397368 11.967308542887356
11.967308867135516 11.925673290601855 11.967308867135529
11.967309191383746 11.925673613806334 11.967309191383713
11.967309515631948 11.925673937010867 11.967309515631936
11.967309839880182 11.925674260215377 11.967309839880157
11.96731016412838 11.925674583419902 11.96731016412839
11.96731048837661 11.925674906624451 11.96731048837663
11.967310812624879 11.925675229829011 11.967310812624872
11.967311136873143 11.925675553033576 11.967311136873136
11.967311461121387 11.925675876238133 11.967311461121394
11.967311785369656 11.9256761994427 11.96731178536967
11.96731210961794 11.925676522647285 11.96731210961794
11.967312433866237 11.92567684585187 11.967312433866237
11.967312758114538 11.925677169056467 11.967312758114524
11.96731308236283 11.925677492261086 11.967313082362837
11.96731340661114 11.92567781546568 11.967313406611153
11.967313730859464 11.925678138670309 11.967313730859471
11.967314055107803 11.925678461874945 11.967314055107815
11.967314379356143 11.925678785079599 11.967314379356148
11.967314703604497 11.925679108284248 11.967314703604512
11.967315027852864 11.925679431488922 11.967315027852871
11.96731535210123 11.925679754693572 11.967315352101235
11.967315676349616 11.925680077898253 11.96731567634962
11.967316000598007 11.925680401102937 11.96731600059801
11.96731632484641 11.925680724307632 11.9673163248464
11.967316649094794 11.925681047512347 11.96731664909479
11.967316973343225 11.925681370717049 11.967316973343221
11.967317297591642 11.92568169392179 11.967317297591647
11.967317621840067 11.925682017126505 11.96731762184008
11.967317946088501 11.925682340331274 11.967317946088514
11.967318270336945 11.92568266353602 11.967318270336968
11.967318594585405 11.925682986740746 11.967318594585405
11.967318918833863 11.92568330994552 11.967318918833882
11.967319243082326 11.925683633150303 11.967319243082345
11.967319567330815 11.925683956355066 11.967319567330815
11.967319891579294 11.925684279559844 11.96731989157932
11.9673202158278 11.925684602764669 11.967320215827817
11.967320540076303 11.925684925969454 11.967320540076312
11.967320864324828 11.92568524917429 11.967320864324828
11.967321188573328 11.925685572379082 11.96732118857335
11.967321512821878 11.925685895583925 11.967321512821886
11.967321837070417 11.925686218788785 11.967321837070434
11.967322161318982 11.925686541993644 11.967322161318986
11.967322485567546 11.925686865198482 11.96732248556755
11.967322809816114 11.925687188403366 11.967322809816114
11.967323134064687 11.92568751160824 11.96732313406469
11.967323458313261 11.925687834813123 11.967323458313265
11.967323782561873 11.92568815801802 11.967323782561877
11.967324106810478 11.925688481222915 11.967324106810493
11.967324431059074 11.925688804427848 11.967324431059092
11.967324755307706 11.925689127632769 11.967324755307695
11.967325079556339 11.92568945083769 11.967325079556343
11.967325403804992 11.925689774042613 11.967325403804988
11.967325728053614 11.925690097247577 11.96732572805363
11.967326052302274 11.925690420452533 11.967326052302276
11.967326376550934 11.925690743657476 11.967326376550949
11.967326700799626 11.925691066862463 11.967326700799614
11.967327025048302 11.92569139006743 11.967327025048304
11.967327349296983 11.925691713272434 11.967327349297
11.967327673545702 11.925692036477432 11.967327673545684
11.967327997794385 11.925692359682449 11.967327997794394
11.967328322043098 11.925692682887448 11.967328322043107
11.967328646291815 11.925693006092464 11.967328646291833
11.967328970540567 11.925693329297502 11.967328970540573
11.967329294789309 11.92569365250256 11.967329294789316
11.967329619038066 11.925693975707608 11.967329619038072
11.967329943286833 11.925694298912665 11.967329943286835
11.967330267535596 11.925694622117728 11.967330267535598
11.967330591784386 11.925694945322796 11.967330591784378
11.967330916033164 11.925695268527882 11.967330916033163
11.967331240281954 11.925695591732977 11.96733124028195
11.967331564530744 11.925695914938078 11.967331564530761
11.96733188877956 11.925696238143189 11.967331888779567
11.967332213028392 11.925696561348303 11.967332213028376
11.967332537277207 11.925696884553416 11.967332537277207
11.967332861526046 11.925697207758573 11.967332861526042
11.967333185774889 11.925697530963724 11.967333185774885
11.967333510023733 11.92569785416887 11.967333510023742
11.967333834272592 11.925698177374056 11.967333834272619
11.967334158521497 11.925698500579218 11.967334158521483
11.967334482770378 11.925698823784405 11.967334482770381
11.967334807019254 11.92569914698959 11.96733480701927
11.96733513126817 11.925699470194782 11.967335131268173
11.967335455517079 11.925699793399989 11.967335455517057
11.967335779765989 11.925700116605213 11.967335779765989
11.967336104014903 11.925700439810427 11.967336104014915
11.967336428263867 11.925700763015655 11.96733642826386
11.967336752512791 11.925701086220904 11.967336752512782
11.967337076761744 11.925701409426143 11.967337076761744
11.967337401010699 11.925701732631412 11.967337401010697
11.967337725259657 11.925702055836664 11.967337725259672
11.967338049508655 11.925702379041942 11.967338049508639
11.96733837375764 11.92570270224724 11.96733837375763
11.967338698006639 11.925703025452535 11.967338698006623
11.967339022255628 11.925703348657827 11.967339022255642
11.967339346504627 11.925703671863145 11.96733934650464
11.967339670753663 11.925703995068462 11.967339670753663
11.967339995002702 11.925704318273775 11.967339995002705
11.967340319251727 11.925704641479129 11.967340319251742
11.967340643500773 11.925704964684453 11.967340643500778
11.967340967749816 11.92570528788981 11.967340967749829
11.967341291998888 11.925705611095175 11.967341291998894
11.967341616247952 11.925705934300547 11.967341616247964
11.967341940497063 11.92570625750594 11.967341940497047
11.967342264746147 11.925706580711328 11.96734226474614
11.967342588995225 11.925706903916707 11.967342588995244
11.967342913244327 11.925707227122116 11.967342913244352
11.967343237493438 11.92570755032755 11.967343237493468
11.967343561742572 11.925707873532973 11.967343561742593
11.967343885991726 11.925708196738398 11.96734388599173
11.967344210240858 11.925708519943841 11.967344210240869
11.967344534490024 11.925708843149293 11.96734453449003
11.967344858739176 11.925709166354775 11.967344858739176
11.967345182988357 11.925709489560216 11.967345182988362
11.96734550723754 11.92570981276569 11.967345507237532
11.967345831486716 11.92571013597118 11.967345831486718
11.967346155735891 11.925710459176637 11.967346155735909
11.967346479985114 11.925710782382172 11.967346479985125
11.967346804234316 11.925711105587679 11.967346804234328
11.967347128483533 11.925711428793184 11.96734712848355
11.967347452732774 11.925711751998712 11.967347452732774
11.967347776982002 11.925712075204274 11.967347776982024
11.967348101231275 11.925712398409804 11.967348101231273
11.96734842548052 11.925712721615358 11.967348425480527
11.967348749729782 11.925713044820915 11.967348749729782
11.967349073979058 11.925713368026488 11.967349073979072
11.96734939822833 11.92571369123207 11.967349398228341
11.967349722477625 11.925714014437633 11.967349722477618
11.967350046726906 11.925714337643242 11.967350046726922
11.967350370976224 11.925714660848836 11.967350370976215
11.967350695225536 11.92571498405445 11.967350695225539
11.96735101947488 11.9257153072601 11.967351019474863
11.967351343724186 11.925715630465715 11.96735134372421
11.967351667973526 11.925715953671356 11.967351667973542
11.967351992222897 11.925716276877004 11.96735199222289
11.967352316472248 11.925716600082653 11.967352316472255
11.967352640721606 11.925716923288318 11.967352640721625
11.967352964970988 11.925717246494012 11.967352964970983
11.967353289220377 11.925717569699678 11.96735328922039
11.96735361346978 11.925717892905377 11.967353613469783
11.967353937719166 11.925718216111084 11.967353937719176
11.967354261968595 11.925718539316788 11.967354261968593
11.967354586218034 11.92571886252251 11.967354586218034
11.96735491046744 11.925719185728223 11.967354910467446
11.967355234716873 11.925719508933971 11.967355234716885
11.967355558966355 11.925719832139714 11.967355558966334
11.967355883215797 11.925720155345468 11.967355883215793
11.967356207465265 11.92572047855124 11.96735620746527
11.967356531714726 11.925720801757008 11.96735653171474
11.967356855964209 11.925721124962783 11.967356855964221
11.967357180213698 11.925721448168584 11.967357180213709
11.967357504463209 11.925721771374366 11.96735750446321
11.96735782871272 11.925722094580161 11.967357828712714
11.967358152962227 11.92572241778599 11.967358152962229
11.967358477211759 11.9257227409918 11.967358477211747
11.967358801461264 11.925723064197644 11.967358801461279
11.967359125710818 11.925723387403458 11.967359125710814
11.96735944996037 11.925723710609315 11.967359449960375
11.967359774209934 11.925724033815147 11.96735977420992
11.967360098459505 11.925724357021021 11.967360098459501
