0.6219398589721128 0.547475406146328 0.5427157061473055 0.542715706147306 0.5474754061463253 0.6219398589721121
0.7892922491806196 0.6936541493207896 0.682072258849135 0.6820722588491355 0.6936541493207882 0.7892922491806195
0.9310147016921984 0.8218449543328347 0.803925130018617 0.8039251300186175 0.8218449543328314 0.9310147016921957
1.0631710056357029 0.9449199967860069 0.9216067276064425 0.9216067276064427 0.9449199967860036 1.0631710056357013
1.1921791552514944 1.0677236010210682 1.039971809106792 1.039971809106793 1.0677236010210653 1.192179155251492
1.3216085381932756 1.1928462364474735 1.1614862498721032 1.161486249872104 1.1928462364474688 1.321608538193273
1.4537906497191406 1.321964371054851 1.2876743108241842 1.287674310824186 1.321964371054845 1.4537906497191384
1.5903925941192179 1.4562978063638712 1.4196137649798004 1.4196137649798015 1.456297806363864 1.5903925941192145
1.732674709872468 1.5968015832364912 1.5581393503473346 1.5581393503473355 1.596801583236484 1.7326747098724649
1.8816241046578634 1.7442569962819316 1.7039352830106023 1.7039352830106038 1.7442569962819225 1.8816241046578595
2.038029658243513 1.8993175792697277 1.8575791321405504 1.857579132140552 1.8993175792697192 2.0380296582435085
2.202525492525542 2.0625324171095727 2.019562013625997 2.0195620136259973 2.0625324171095625 2.2025254925255395
2.375615831221379 2.2343569290566365 2.190296266231663 2.1902962662316643 2.2343569290566263 2.3756158312213747
2.557688236067056 2.4151562458978137 2.3701160872765303 2.3701160872765317 2.415156245897801 2.5576882360670528
2.7490193883843537 2.605204043871418 2.559274067485809 2.5592740674858114 2.605204043871404 2.749019388384349
2.949776116818371 2.8046786110353645 2.757935368040534 2.7579353680405347 2.8046786110353477 2.949776116818364
3.1600135528691173 3.0136573733410197 2.9661706978558224 2.9661706978558255 3.0136573733410006 3.1600135528691102
3.3796718142269637 3.2321108204639906 3.183948956715979 3.183948956715981 3.232110820463969 3.3796718142269575
3.6085723179024116 3.459896613670505 3.411130259688571 3.411130259688574 3.4598966136704825 3.6085723179024014
3.846414626801392 3.6967545616382607 3.647459973974694 3.6474599739746987 3.6967545616382327 3.846414626801378
4.092774585276324 3.9423030772227206 3.8925643394687337 3.8925643394687355 3.942303077222694 4.092774585276314
4.347104370686856 4.1960376561162755 4.14594818474667 4.1459481847466755 4.196037656116241 4.347104370686842
4.608734960209078 4.4573318336301035 4.406995176792924 4.406995176792932 4.45733183363007 4.608734960209061
4.8768813743167625 4.72544097105441 4.674970947836488 4.674970947836495 4.725440971054368 4.876881374316747
5.1506509062329355 4.999509095810599 4.9490293235905245 4.949029323590531 4.999509095810558 5.15065090623291
5.429054381280547 5.278578871876494 5.228221735772309 5.228221735772317 5.278578871876446 5.429054381280522
5.7110203169529585 5.561604614620587 5.51150974373713 5.511509743737141 5.56160461462054 5.71102031695294
5.99541168259197 5.847468096332354 5.79778042438676 5.797780424386772 5.8474680963323 5.995411682591945
6.281044797863474 6.1349967267455705 6.085864227562122 6.085864227562137 6.134996726745509 6.281044797863438
6.566709773477844 6.42298354905716 6.3745547483675695 6.374554748367587 6.422983549057089 6.566709773477813
6.851191796621411 6.710208378177565 6.662629750425838 6.662629750425857 6.710208378177487 6.851191796621382
7.133292505749537 6.995459334044149 6.9488726952103885 6.948872695210406 6.995459334044063 7.1332925057494965
7.411850689546134 7.277553995325879 7.232093999452182 7.232093999452199 7.277553995325797 7.411850689546116
7.685761583483312 7.555359420098154 7.511151258151159 7.511151258151181 7.555359420098059 7.685761583483273
7.9539941205719025 7.827810347896957 7.78496773337645 7.784967733376478 7.827810347896847 7.953994120571852
8.2156056127038 8.093925005537557 8.052548512903021 8.05254851290305 8.093925005537454 8.215605612703744
8.469753484576366 8.352818077330951 8.312993878307044 8.312993878307074 8.352818077330834 8.46975348457632
8.715703841073038 8.603710556778294 8.565509577540853 8.565509577540883 8.603710556778186 8.715703841072997
8.952836808457064 8.845936358635248 8.80941385938807 8.809413859388107 8.845936358635122 8.95283680845702
9.180648738283496 9.078945725235805 9.044141284201332 9.044141284201366 9.078945725235668 9.180648738283427
9.398751491223184 9.30230559883224 9.269243466312934 9.26924346631297 9.30230559883211 9.398751491223106
9.606869119571586 9.515697244799854 9.48438702045272 9.484387020452772 9.515697244799723 9.606869119571503
9.804832338741846 9.718911494324365 9.689349072441676 9.689349072441717 9.71891149432423 9.804832338741784
9.992571219117153 9.911842028140267 9.884010751484945 9.884010751484992 9.911842028140128 9.992571219117092
10.170106542341957 10.094477146234643 10.068349108464156 10.068349108464206 10.094477146234494 10.170106542341873
10.337540254381041 10.266890465488533 10.242427904823865 10.242427904823918 10.26689046548837 10.337540254380954
10.495045416502368 10.4292309627164 10.406387694554702 10.40638769455475 10.429230962716229 10.495045416502272
10.642856010220333 10.581712739898592 10.560435582776163 10.56043558277623 10.581712739898414 10.642856010220248
10.781256898524992 10.72460483707293 10.704834994041637 10.704834994041699 10.724604837072754 10.781256898524902
10.910574188219973 10.858221361444574 10.839895726901016 10.839895726901071 10.858221361444414 10.91057418821986
11.031166180896086 10.982912143141972 10.96596451293282 10.965964512932878 10.982912143141796 11.031166180896024
11.143415046039259 11.099054072134765 11.083416241973994 11.083416241974044 11.099054072134555 11.143415046039173
11.247719301136193 11.207043219635136 11.192645963253781 11.192645963253842 11.20704321963494 11.247719301136105
11.344487141681357 11.307287802423069 11.294061726289451 11.294061726289522 11.307287802422893 11.344487141681267
11.434130629244473 11.400202010782339 11.388078286633878 11.388078286633942 11.400202010782172 11.434130629244375
11.517060718225451 11.486200690296911 11.47511167013611 11.47511167013617 11.486200690296714 11.517060718225352
11.593683081170258 11.56569484434336 11.555574565047491 11.555574565047552 11.56569484434317 11.593683081170143
11.66439467785684 11.639087907116433 11.6298724934977 11.62987249349776 11.639087907116224 11.664394677856762
11.729581003943714 11.706772725641914 11.698400701796105 11.698400701796176 11.7067727256417 11.729581003943625
11.789613949911 11.769129182571 11.761541701792012 11.761541701792085 11.769129182570794 11.78961394991091
11.844850199444092 11.82652238872431 11.819663392261738 11.81966339226181 11.826522388724115 11.84485019944402
11.895630097496285 11.879301374515395 11.873117689120729 11.873117689120798 11.87930137451521 11.895630097496179
11.942276921308826 11.927798211771519 11.922239595413005 11.92223959541308 11.927798211771313 11.942276921308725
11.985096492048315 11.972327501430293 11.9673466458359 11.967346645835976 11.972327501430081 11.985096492048223
12.024377069936731 12.013186167572016 12.008738665450915 12.008738665450991 12.013186167571785 12.02437706993667
12.060389481403357 12.050653503808851 12.046697787756187 12.046697787756248 12.050653503808638 12.06038948140324
12.093387432562354 12.084991423848713 12.081488683092417 12.081488683092484 12.084991423848516 12.093387432562231
12.123607968995447 12.116444873820896 12.113358954155192 12.113358954155263 12.116444873820681 12.123607968995351
12.151272047225325 12.145242369510777 12.142539660993606 12.142539660993677 12.145242369510557 12.1512720472252
12.176585188305287 12.171596626870997 12.169245943156747 12.169245943156826 12.171596626870766 12.17658518830519
12.199738188555699 12.195705258981263 12.193677711521563 12.193677711521648 12.195705258981038 12.199738188555578
12.220907866617898 12.217751516975545 12.216020386751099 12.216020386751188 12.217751516975326 12.220907866617841
12.240257829675196 12.237905056331677 12.236445665277138 12.2364456652772 12.237905056331465 12.240257829675095
12.257939244906927 12.256322713330729 12.255112297178629 12.255112297178707 12.256322713330526 12.25793924490685
12.274091605039171 12.273149279463754 12.272166863358963 12.272166863359033 12.273149279463524 12.274091605039061
12.288843479244722 12.288518264120139 12.287744542037565 12.287744542037638 12.288518264119906 12.28884347924461
12.302313242684672 12.30255263807344 12.30196985680265 12.301969856802737 12.30255263807322 12.302313242684562
12.314609779690747 12.315365552119934 12.31495740035692 12.314957400356999 12.315365552119712 12.314609779690658
12.325833157016202 12.327061026765232 12.326812529666515 12.326812529666588 12.327061026765 12.32583315701609
12.336075264756825 12.33773461012804 12.337632029531774 12.33763202953184 12.337734610127825 12.336075264756717
12.345420423504304 12.347474002274534 12.347504742671767 12.347504742671843 12.347474002274318 12.345420423504189
12.353945957066184 12.35635964504185 12.356512165284881 12.35651216528495 12.35635964504164 12.35394595706613
12.361722730703843 12.36446527708636 12.364729007745503 12.364729007745582 12.364465277086133 12.361722730703768
12.368815655319287 12.371858454424427 12.372223720647396 12.372223720647472 12.371858454424224 12.368815655319228
12.375284158394798 12.378601037146762 12.379058986831444 12.37905898683153 12.378601037146527 12.37528415839466
12.381182622762516 12.384749643298054 12.385292180359599 12.38529218035968 12.384749643297841 12.381182622762408
12.386560794485604 12.390356071144314 12.390975793635459 12.39097579363554 12.39035607114409 12.386560794485478
12.39146416126568 12.395467691208871 12.39615783404098 12.396157834041059 12.395467691208644 12.391464161265578
12.39593430288244 12.400127809565172 12.400882191570162 12.400882191570235 12.400127809564946 12.395934302882333
12.400009215213888 12.404376003934152 12.405188979006638 12.405188979006727 12.404376003933901 12.400009215213755
12.403723609402077 12.408248434159225 12.409114846221117 12.409114846221206 12.408248434159004 12.403723609402002
12.407109187716895 12.411778128630354 12.412693270165079 12.412693270165152 12.411778128630118 12.407109187716745
12.410194897638613 12.414995248202521 12.415954822115268 12.415954822115342 12.414995248202299 12.410194897638515
12.413007165638973 12.417927329116 12.418927413684731 12.418927413684813 12.417927329115768 12.413007165638863
12.415570112078841 12.420599506371033 12.421636523064487 12.421636523064572 12.420599506370825 12.415570112078742
12.417905748583879 12.423034718950383 12.42410540290057 12.42410540290064 12.423034718950166 12.417905748583774
12.42003415918732 12.42525389821511 12.426355271143484 12.426355271143564 12.425253898214883 12.420034159187232
12.421973666461364 12.427276140730495 12.428405486139042 12.428405486139111 12.427276140730267 12.421973666461238
12.423740983785747 12.429118866705888 12.430273707155923 12.430273707156001 12.42911886670565 12.42374098378561
12.425351354832536 12.430797965161224 12.431976041474973 12.431976041475062 12.430797965160988 12.425351354832438
12.426818681274348 12.432327926861987 12.433527179092373 12.433527179092453 12.432327926861774 12.426818681274222
12.428155639656415 12.433721965994632 12.434940516020227 12.434940516020294 12.433721965994415 12.428155639656305
12.429373788307798 12.434992131487668 12.43622826710006 12.43622826710014 12.434992131487444 12.429373788307702
12.430483665102448 12.436149408819638 12.43740156917987 12.437401569179945 12.43614940881943 12.430483665102386
12.431494876823278 12.437203813093484 12.438470575443903 12.438470575443986 12.437203813093255 12.431494876823175
12.43241618082412 12.438164474098787 12.439444541625406 12.43944454162548 12.438164474098556 12.432416180824035
12.433255559633043 12.439039714028823 12.440331904777095 12.440331904777175 12.439039714028592 12.433255559632928
12.434020289088533 12.439837118467498 12.441140355222712 12.441140355222792 12.439837118467281 12.434020289088405
12.434717000555422 12.440563601213436 12.441876902263365 12.441876902263441 12.440563601213208 12.434717000555274
12.435351737722108 12.441225463462795 12.442547934167512 12.442547934167576 12.44122546346258 12.435351737722012
12.435930008441757 12.441828447831265 12.443159272930723 12.443159272930806 12.441828447831044 12.435930008441634
12.436456832040225 12.442377787655937 12.443716224252029 12.443716224252098 12.442377787655712 12.436456832040149
12.436936782482201 12.442878251982169 12.444223623136718 12.444223623136786 12.44287825198194 12.436936782482062
12.437374027749966 12.443334186606736 12.444685875502538 12.44468587550261 12.443334186606515 12.43737402774987
12.437772365764875 12.443749551518081 12.44510699613359 12.445106996133692 12.443749551517854 12.437772365764788
12.438135257148826 12.444127955045216 12.445490643298767 12.445490643298836 12.444127955045001 12.43813525714871
12.438465855101807 12.44447268500171 12.445840150323644 12.445840150323718 12.444472685001484 12.438465855101711
12.438767032646528 12.44478673708543 12.446158554381467 12.446158554381544 12.444786737085208 12.438767032646409
12.439041407469084 12.445072840774252 12.446448622745244 12.446448622745327 12.445072840774044 12.439041407468979
12.43929136456692 12.445333482935782 12.446712876722943 12.446712876723016 12.445333482935572 12.439291364566833
12.439519076895238 12.445570929351456 12.446953613478454 12.446953613478541 12.445570929351238 12.439519076895145
12.439726524188082 12.44578724433813 12.44717292592385 12.44717292592393 12.445787244337941 12.439726524187966
12.439915510113773 12.445984308633804 12.447372720851835 12.447372720851915 12.44598430863356 12.439915510113659
12.440087677911949 12.446163835699837 12.44755473546357 12.447554735463651 12.446163835699611 12.440087677911851
12.44024452464517 12.446327386580155 12.44772055243259 12.447720552432674 12.446327386579938 12.440244524645077
12.440387414187493 12.446476383443065 12.44787161363413 12.447871613634197 12.44647638344284 12.44038741418742
12.440517589061733 12.446612121922938 12.448009232657224 12.448009232657297 12.446612121922712 12.44051758906162
12.440636181226305 12.446735782367329 12.44813460620755 12.448134606207626 12.446735782367103 12.440636181226173
12.440744221905357 12.446848440086105 12.448248824498211 12.448248824498275 12.44684844008587 12.440744221905263
12.440842650546305 12.446951074691224 12.448352880718675 12.448352880718748 12.446951074690986 12.440842650546202
12.440932322981721 12.447044578606945 12.448447679662983 12.448447679663058 12.447044578606727 12.440932322981583
12.441014018866667 12.447129764824773 12.448534045591643 12.448534045591726 12.447129764824544 12.441014018866515
12.441088448455218 12.447207373968991 12.448612729395442 12.448612729395524 12.447207373968755 12.441088448455103
12.44115625877489 12.4472780807349 12.44868441512249 12.448684415122566 12.44727808073468 12.441156258774784
12.441218039252213 12.44734249975471 12.448749725925389 12.44874972592547 12.447342499754477 12.441218039252089
12.441274326838311 12.447401190941914 12.448809229479789 12.448809229479886 12.447401190941674 12.441274326838181
12.44132561067868 12.447454664360732 12.448863442921153 12.448863442921231 12.447454664360503 12.441325610678552
12.441372336368048 12.44750338466252 12.448912837342597 12.44891283734267 12.447503384662298 12.441372336367934
12.44141490982625 12.447547775127585 12.448957841892756 12.448957841892824 12.447547775127351 12.44141490982619
12.441453700830111 12.447588221347516 12.448998847509143 12.44899884750923 12.44758822134727 12.441453700830031
12.4414890462302 12.447625074580069 12.449036210319534 12.449036210319626 12.447625074579832 12.441489046230105
12.441521252882398 12.447658654805446 12.449070254740507 12.449070254740588 12.447658654805188 12.441521252882254
12.441550600317752 12.447689253510703 12.44910127630057 12.449101276300661 12.447689253510475 12.441550600317628
12.44157734317553 12.447717136226531 12.449129544211932 12.449129544212008 12.447717136226297 12.441577343175428
12.441601713419146 12.447742544837913 12.44915530371338 12.44915530371346 12.44774254483768 12.441601713419063
12.441623922355165 12.447765699689691 12.449178778204864 12.449178778204944 12.447765699689462 12.441623922355033
12.441644162472365 12.447786801504163 12.449200171191793 12.449200171191878 12.44778680150394 12.441644162472256
12.441662609117683 12.447806033128447 12.449219668056553 12.44921966805662 12.447806033128234 12.441662609117552
12.441679422022075 12.447823561126082 12.449237437672117 12.449237437672195 12.447823561125864 12.44167942202202
12.44169474669166 12.44783953722695 12.449253633872244 12.449253633872322 12.447839537226706 12.441694746691535
12.44170871567361 12.447854099648128 12.449268396790494 12.449268396790568 12.447854099647877 12.441708715673496
12.441721449710888 12.447867374297337 12.44928185408038 12.449281854080473 12.447867374297104 12.441721449710766
12.44173305879293 12.44787947586895 12.44929412202664 12.44929412202671 12.447879475868708 12.441733058792837
12.441743643113545 12.447890508842596 12.449305306557594 12.449305306557681 12.447890508842375 12.441743643113458
12.441753293943108 12.4479005683929 12.449315504167513 12.449315504167593 12.447900568392674 12.441753293943028
12.441762094423243 12.447909741217956 12.449324802756696 12.449324802756783 12.447909741217728 12.441762094423147
12.441770120290837 12.447918106294422 12.449333282396868 12.449333282396944 12.447918106294205 12.44177012029072
12.44177744053736 12.447925735565006 12.449341016028303 12.449341016028384 12.447925735564766 12.441777440537209
12.441784118009592 12.447932694564972 12.449348070095013 12.44934807009508 12.447932694564752 12.441784118009512
12.441790209957176 12.44793904299278 12.449354505123189 12.449354505123273 12.447939042992568 12.441790209957086
12.441795768530689 12.447944835229901 12.44936037624838 12.449360376248462 12.44794483522966 12.441795768530541
12.441800841235779 12.44795012081426 12.44936573369545 12.449365733695522 12.44795012081402 12.441800841235674
12.441805471347374 12.44795494487179 12.449370623216055 12.449370623216126 12.447954944871572 12.441805471347235
12.441809698285757 12.447959348509245 12.449375086486892 12.449375086486961 12.44795934850904 12.441809698285645
12.441813557960424 12.44796336917217 12.449379161472768 12.449379161472844 12.447963369171955 12.441813557960318
12.441817083082533 12.447967040971024 12.449382882757094 12.44938288275717 12.447967040970797 12.441817083082409
12.441820303449731 12.447970394978126 12.449386281843108 12.449386281843179 12.447970394977904 12.44182030344962
12.441823246205743 12.447973459498357 12.449389387428111 12.449389387428186 12.447973459498137 12.44182324620562
12.44182593607666 12.44797626031556 12.449392225653511 12.449392225653575 12.447976260315334 12.441825936076537
12.44182839558635 12.447978820917124 12.44939482033236 12.449394820332442 12.447978820916898 12.441828395586237
12.441830645252605 12.447981162698422 12.449397193156752 12.449397193156832 12.447981162698213 12.441830645252454
12.44183270376554 12.44798330514937 12.44939936388675 12.449399363886828 12.447983305149126 12.441832703765431
12.441834588150872 12.447985266023753 12.449401350522416 12.449401350522498 12.447985266023512 12.441834588150755
12.441836313917698 12.447987061494226 12.449403169460638 12.449403169460718 12.447987061494015 12.441836313917596
12.44183789519387 12.447988706293 12.449404835637875 12.449404835637951 12.447988706292774 12.441837895193759
12.441839344848841 12.447990213840038 12.449406362660223 12.449406362660294 12.447990213839805 12.44183934484873
12.441840674605846 12.447991596360092 12.449407762921908 12.449407762921977 12.447991596359856 12.441840674605762
12.441841895143995 12.447992864989029 12.449409047713244 12.44940904771332 12.447992864988803 12.441841895143883
12.441843016191122 12.447994029870921 12.449410227318953 12.449410227319026 12.447994029870719 12.441843016190989
12.441844046608663 12.447995100246356 12.449411311107697 12.449411311107774 12.44799510024613 12.441844046608594
12.44184499446901 12.44799608453277 12.449412307613729 12.449412307613812 12.447996084532544 12.44184499446889
12.44184586712521 12.447996990398003 12.449413224611146 12.44941322461122 12.447996990397789 12.441845867125078
12.44184667127554 12.447997824826862 12.449414069181616 12.449414069181703 12.447997824826635 12.441846671275451
12.441847413021804 12.447998594182051 12.449414847776103 12.44941484777618 12.44799859418183 12.441847413021707
12.441848097922175 12.447999304259554 12.44941556627094 12.449415566271005 12.447999304259342 12.441848097922039
12.441848731039768 12.44799996033916 12.449416230019102 12.44941623001916 12.447999960338915 12.441848731039649
12.441849316986822 12.4480005672303 12.44941684389677 12.449416843896847 12.448000567230086 12.44184931698669
12.44184985996472 12.448001129314186 12.44941741234584 12.449417412345916 12.448001129313944 12.441849859964618
12.441850363800649 12.448001650581652 12.449417939412534 12.449417939412621 12.448001650581425 12.44185036380056
12.441850831980968 12.448002134668188 12.449418428782739 12.449418428782804 12.448002134667941 12.441850831980853
12.441851267681377 12.448002584885389 12.449418883813987 12.449418883814051 12.448002584885169 12.44185126768125
12.441851673794842 12.448003004249959 12.449419307564762 12.44941930756484 12.448003004249744 12.441851673794739
12.441852052956616 12.448003395509929 12.449419702821219 12.449419702821306 12.448003395509707 12.441852052956511
12.441852407567247 12.448003761168502 12.449420072121276 12.44942007212137 12.448003761168273 12.441852407567163
12.441852739813488 12.448004103505898 12.449420417776837 12.44942041777692 12.448004103505689 12.441852739813374
12.441853051687263 12.448004424599421 12.449420741893842 12.44942074189392 12.448004424599162 12.441853051687149
12.441853345003146 12.448004726341075 12.449421046390741 12.449421046390817 12.448004726340844 12.441853345003013
12.441853621413962 12.448005010454567 12.449421333015025 12.44942133301509 12.44800501045435 12.441853621413863
12.441853882425553 12.448005278510063 12.449421603358584 12.44942160335866 12.448005278509813 12.441853882425434
12.441854129409403 12.44800553193773 12.449421858871535 12.449421858871606 12.448005531937516 12.441854129409311
12.441854363614985 12.448005772040489 12.449422100874827 12.449422100874905 12.448005772040267 12.441854363614892
12.441854586180451 12.448006000005188 12.449422330571705 12.449422330571782 12.44800600000496 12.441854586180344
12.44185479814253 12.448006216912892 12.449422549058296 12.449422549058372 12.448006216912676 12.44185479814242
12.44185500044565 12.448006423748474 12.44942275733309 12.449422757333164 12.448006423748263 12.441855000445535
12.441855193950135 12.448006621409036 12.44942295630562 12.449422956305698 12.448006621408807 12.441855193950026
12.441855379439657 12.448006810711771 12.449423146804447 12.449423146804525 12.448006810711522 12.441855379439563
12.441855557628152 12.44800699240108 12.449423329584272 12.449423329584349 12.448006992400856 12.441855557628037
12.441855729165791 12.448007167155106 12.44942350533266 12.449423505332737 12.448007167154874 12.441855729165683
12.441855894645062 12.44800733559155 12.449423674675854 12.449423674675932 12.44800733559131 12.441855894644956
12.441856054605532 12.448007498273086 12.44942383818438 12.449423838184462 12.448007498272867 12.44185605460542
12.441856209538738 12.44800765571238 12.4494239963779 12.449423996377966 12.448007655712129 12.441856209538633
12.441856359892485 12.448007808376246 12.44942414972982 12.449424149729888 12.448007808376007 12.441856359892373
12.44185650607462 12.448007956690077 12.449424298671381 12.449424298671461 12.448007956689839 12.441856506074519
12.441856648456742 12.44800810104131 12.449424443595401 12.449424443595474 12.448008101041076 12.44185664845662
12.44185678737725 12.448008241782874 12.449424584859727 12.449424584859804 12.448008241782674 12.441856787377167
12.441856923144544 12.448008379236336 12.44942472279029 12.449424722790368 12.448008379236096 12.441856923144464
12.441857056039453 12.448008513694516 12.449424857684061 12.449424857684134 12.448008513694264 12.441857056039348
12.441857186317767 12.448008645424185 12.449424989811503 12.449424989811577 12.448008645423936 12.44185718631767
12.441857314212589 12.448008774668336 12.449425119419 12.449425119419084 12.448008774668141 12.441857314212486
12.441857439936234 12.448008901648484 12.449425246731012 12.449425246731085 12.448008901648244 12.441857439936097
12.441857563682001 12.448009026566139 12.449425371951996 12.449425371952085 12.44800902656592 12.441857563681877
12.44185768562608 12.448009149605074 12.44942549526821 12.44942549526828 12.448009149604854 12.441857685625983
12.44185780592904 12.448009270932609 12.449425616849252 12.449425616849338 12.448009270932403 12.441857805928926
12.441857924736926 12.448009390701205 12.449425736849742 12.449425736849825 12.44800939070097 12.441857924736842
12.441858042183036 12.44800950904964 12.449425855410418 12.44942585541051 12.448009509049431 12.441858042182915
12.441858158388508 12.448009626104497 12.449425972659535 12.449425972659618 12.448009626104264 12.441858158388397
12.441858273463936 12.448009741980929 12.449426088713915 12.449426088713992 12.4480097419807 12.441858273463824
12.441858387509969 12.448009856783907 12.449426203679966 12.449426203680034 12.448009856783676 12.441858387509875
12.441858500618295 12.448009970609062 12.449426317654604 12.449426317654682 12.448009970608828 12.441858500618192
12.441858612872371 12.44801008354348 12.44942643072615 12.449426430726225 12.448010083543243 12.441858612872288
12.441858724348409 12.44801019566646 12.44942654297504 12.449426542975129 12.448010195666232 12.4418587243483
12.441858835115585 12.448010307050321 12.449426654474554 12.449426654474639 12.448010307050103 12.441858835115475
12.441858945237096 12.448010417760894 12.44942676529145 12.449426765291523 12.448010417760676 12.441858945236964
12.441859054770406 12.448010527858134 12.449426875486484 12.449426875486566 12.448010527857912 12.441859054770303
12.441859163767946 12.448010637396651 12.44942698511509 12.449426985115153 12.44801063739644 12.44185916376784
12.441859272277432 12.448010746426279 12.44942709422768 12.449427094227758 12.448010746426041 12.44185927227734
12.441859380342336 12.448010854992253 12.449427202870247 12.44942720287032 12.448010854992024 12.441859380342239
12.44185948800223 12.448010963135907 12.449427311084618 12.449427311084696 12.448010963135687 12.441859488002141
12.441859595293208 12.448011070894887 12.44942741890898 12.449427418909051 12.448011070894662 12.441859595293117
12.441859702248134 12.448011178303442 12.449427526378036 12.44942752637811 12.448011178303192 12.441859702248049
12.441859808896963 12.44801128539274 12.449427633523431 12.449427633523518 12.4480112853925 12.441859808896856
12.44185991526686 12.44801139219126 12.449427740374004 12.44942774037407 12.44801139219103 12.441859915266784
12.44186002138282 12.448011498724862 12.449427846956036 12.44942784695611 12.448011498724645 12.441860021382698
12.441860127267336 12.448011605017225 12.449427953293405 12.449427953293487 12.448011605016976 12.441860127267205
12.44186023294105 12.448011711089713 12.44942805940794 12.449428059408019 12.44801171108951 12.441860232940952
12.44186033842281 12.44801181696204 12.449428165319471 12.449428165319548 12.448011816961817 12.441860338422671
12.441860443729569 12.448011922651952 12.44942827104606 12.44942827104613 12.448011922651725 12.441860443729466
12.441860548877033 12.448012028175699 12.449428376604189 12.449428376604278 12.448012028175475 12.441860548876955
12.44186065387939 12.448012133548133 12.449428482008893 12.449428482008978 12.4480121335479 12.441860653879278
12.441860758749504 12.448012238782644 12.449428587273811 12.4494285872739 12.448012238782422 12.441860758749387
12.441860863499167 12.448012343891605 12.449428692411416 12.449428692411477 12.448012343891387 12.441860863499084
12.441860968139158 12.448012448886178 12.449428797433006 12.44942879743309 12.448012448885933 12.441860968139052
12.441861072679215 12.448012553776497 12.449428902348961 12.449428902349021 12.448012553776273 12.4418610726791
12.44186117712824 12.448012658571924 12.449429007168673 12.44942900716874 12.448012658571683 12.441861177128102
12.441861281494248 12.448012763280863 12.449429111900692 12.449429111900756 12.448012763280623 12.441861281494175
12.441861385784817 12.44801286791102 12.449429216552858 12.449429216552932 12.44801286791079 12.441861385784703
12.44186149000655 12.448012972469428 12.44942932113225 12.449429321132333 12.448012972469195 12.441861490006435
12.441861594165559 12.44801307696246 12.449429425645398 12.449429425645466 12.448013076962233 12.441861594165477
12.441861698267468 12.448013181395952 12.44942953009814 12.449429530098218 12.448013181395737 12.4418616982674
12.441861802317408 12.448013285775223 12.449429634495933 12.449429634496013 12.448013285774989 12.441861802317328
12.441861906320002 12.448013390105064 12.449429738843602 12.449429738843682 12.448013390104839 12.44186190631988
12.441862010279387 12.448013494389913 12.449429843145646 12.44942984314573 12.448013494389663 12.441862010279248
12.441862114199445 12.44801359863375 12.44942994740613 12.449429947406218 12.448013598633514 12.441862114199317
12.441862218083664 12.448013702840239 12.449430051628736 12.44943005162882 12.448013702840004 12.441862218083555
12.441862321935282 12.448013807012709 12.449430155816856 12.449430155816929 12.448013807012483 12.441862321935176
12.441862425757167 12.448013911154181 12.44943025997357 12.449430259973647 12.448013911153966 12.441862425757085
12.441862529552033 12.448014015267434 12.449430364101648 12.44943036410173 12.448014015267216 12.441862529551905
12.441862633322197 12.448014119354976 12.449430468203651 12.44943046820373 12.448014119354742 12.441862633322078
12.441862737069906 12.448014223419074 12.44943057228191 12.449430572281992 12.448014223418859 12.441862737069782
12.441862840797144 12.448014327461843 12.449430676338544 12.449430676338618 12.448014327461626 12.441862840797024
12.44186294450573 12.448014431485184 12.449430780375442 12.449430780375543 12.448014431484959 12.441862944505626
12.441863048197359 12.448014535490797 12.449430884394422 12.449430884394502 12.44801453549058 12.441863048197234
12.441863151873486 12.448014639480304 12.449430988397024 12.4494309883971 12.44801463948008 12.441863151873395
12.441863255535605 12.448014743455126 12.44943109238474 12.44943109238483 12.448014743454898 12.44186325553545
12.441863359184802 12.448014847416559 12.449431196358884 12.449431196358976 12.448014847416312 12.441863359184683
12.441863462822349 12.448014951365765 12.44943130032066 12.44943130032073 12.448014951365531 12.441863462822212
12.441863566449214 12.448015055303877 12.44943140427118 12.449431404271248 12.448015055303642 12.44186356644909
12.441863670066406 12.448015159231872 12.449431508211447 12.449431508211521 12.44801515923165 12.441863670066281
12.441863773674735 12.448015263150669 12.44943161214239 12.449431612142453 12.448015263150456 12.44186377367463
12.44186387727501 12.448015367061084 12.449431716064783 12.449431716064854 12.448015367060838 12.441863877274912
12.441863980868014 12.448015470963828 12.449431819979436 12.44943181997951 12.44801547096359 12.441863980867893
12.441864084454284 12.448015574859598 12.449431923887035 12.449431923887108 12.448015574859385 12.441864084454178
12.441864188034481 12.448015678749034 12.4494320277882 12.44943202778827 12.448015678748806 12.441864188034359
12.44186429160911 12.448015782632709 12.4494321316835 12.449432131683576 12.448015782632476 12.441864291609017
12.44186439517879 12.4480158865111 12.449432235573472 12.449432235573543 12.448015886510884 12.441864395178653
12.441864498743788 12.448015990384695 12.449432339458575 12.44943233945866 12.448015990384468 12.441864498743659
12.441864602304594 12.44801609425393 12.449432443339258 12.44943244333932 12.448016094253699 12.441864602304456
12.441864705861546 12.448016198119172 12.449432547215887 12.449432547215975 12.448016198118951 12.441864705861475
12.44186480941511 12.44801630198081 12.449432651088856 12.449432651088935 12.448016301980582 12.441864809415005
12.441864912965471 12.44801640583913 12.449432754958465 12.44943275495855 12.448016405838903 12.44186491296537
12.441865016512962 12.44801650969445 12.44943285882504 12.449432858825114 12.448016509694213 12.441865016512839
12.441865120057802 12.448016613547026 12.44943296268884 12.449432962688919 12.448016613546802 12.441865120057697
12.441865223600235 12.448016717397097 12.4494330665501 12.449433066550172 12.448016717396879 12.441865223600145
12.441865327140547 12.448016821244877 12.449433170409046 12.449433170409128 12.448016821244686 12.441865327140425
12.441865430678812 12.448016925090647 12.449433274265902 12.449433274265978 12.44801692509042 12.441865430678712
12.441865534215305 12.448017028934474 12.449433378120839 12.449433378120919 12.448017028934267 12.441865534215182
12.441865637750103 12.448017132776632 12.449433481974037 12.449433481974113 12.44801713277639 12.441865637750007
12.441865741283452 12.448017236617197 12.44943358582566 12.44943358582573 12.448017236616963 12.441865741283351
12.441865844815423 12.448017340456323 12.449433689675827 12.449433689675898 12.448017340456099 12.441865844815313
12.441865948346145 12.448017444294175 12.449433793524673 12.449433793524754 12.448017444293951 12.441865948346038
