0.7872408720696763 0.7247430177085056 0.7247430177085067 0.7872408720696763
1.0721206221047623 1.0014839190675655 1.0014839190675662 1.0721206221047626
1.3545468269477514 1.2811226942487954 1.2811226942487968 1.354546826947751
1.6583233454497661 1.5828757556325053 1.5828757556325057 1.6583233454497648
1.9939550374341668 1.9159801464297075 1.9159801464297084 1.993955037434166
2.367535770878817 2.2863015215195075 2.286301521519508 2.367535770878815
2.7825810570543354 2.697512850278049 2.6975128502780494 2.782581057054333
3.2403464081036453 3.1511941957312906 3.1511941957312923 3.24034640810364
3.7397212028406432 3.6466400988487293 3.6466400988487306 3.7397212028406384
4.2770656718529825 4.18064676578375 4.180646765783751 4.27706567185298
4.846177044203517 4.747433591015326 4.747433591015325 4.846177044203512
5.438494883229672 5.338801833818866 5.338801833818866 5.438494883229665
6.043591032897568 5.944579852480851 5.9445798524808495 6.043591032897554
6.649918273059971 6.5533377853315855 6.553337785331589 6.649918273059959
7.245723220073209 7.153285838351523 7.15328583835153 7.245723220073198
7.819982769071228 7.733219862183336 7.733219862183341 7.819982769071198
8.363215395414727 8.283363585619101 8.283363585619107 8.363215395414707
8.868051224070777 8.795983764898669 8.795983764898665 8.868051224070754
9.329504702562028 9.265711627309235 9.265711627309242 9.329504702562007
9.7449589885523 9.689570041979495 9.689570041979508 9.744958988552257
10.113921639459342 10.066759736789608 10.066759736789617 10.11392163945931
10.437636333803772 10.398287274493212 10.398287274493224 10.437636333803722
10.718635696154394 10.686521349687753 10.686521349687764 10.718635696154347
10.960303707929372 10.934749354285927 10.93474935428593 10.960303707929326
11.166492517425393 11.146782958866336 11.146782958866341 11.166492517425327
11.34121559364464 11.326638036525578 11.326638036525589 11.341215593644595
11.488421477264696 11.478295564072761 11.47829556407277 11.488421477264644
11.611841097324564 11.605537831757072 11.60553783175708 11.611841097324522
11.714895993102326 11.711847853974792 11.711847853974803 11.7148959931023
11.800653235701521 11.800357791930782 11.800357791930788 11.800653235701482
11.871813771327618 11.873832832723284 11.873832832723291 11.871813771327577
11.930723030698225 11.93467897377924 11.934678973779242 11.93072303069818
11.97939511338185 11.984965616705939 11.984965616705935 11.9793951133818
12.019544176747935 12.026456242602464 12.026456242602478 12.019544176747903
12.052618614330367 12.060642464496127 12.060642464496139 12.05261861433031
12.079835138289317 12.088778352227514 12.088778352227523 12.079835138289278
12.102211012726265 12.111913118437776 12.111913118437792 12.102211012726215
12.120593483475151 12.13092110251563 12.130921102515645 12.120593483475101
12.13568598876387 12.14652856556782 12.146528565567834 12.135685988763827
12.148071081029004 12.159337182500847 12.159337182500854 12.148071081028954
12.158230198838586 12.16984434488077 12.169844344880792 12.15823019883854
12.166560542503532 12.178460515555349 12.178460515555367 12.166560542503474
12.173389359492031 12.185523936735539 12.185523936735548 12.173389359491978
12.178985958997504 12.191313011487745 12.191313011487757 12.178985958997467
12.183571764707546 12.196056671152572 12.196056671152583 12.183571764707485
12.18732869154639 12.1999430193825 12.199943019382507 12.187328691546346
12.190406102787632 12.20312651466387 12.203126514663891 12.190406102787609
12.192926572751189 12.20573392200974 12.205733922009763 12.192926572751132
12.1949906498759 12.20786923377347 12.207869233773485 12.194990649875837
12.196680786702434 12.209617730807507 12.209617730807514 12.196680786702402
12.198064577886985 12.211049329242647 12.211049329242645 12.19806457788694
12.199197425011569 12.212221335270126 12.212221335270135 12.199197425011508
12.2001247276049 12.213180710445837 12.213180710445847 12.20012472760485
12.20088368323428 12.213965933018109 12.213965933018114 12.200883683234208
12.201504765496754 12.214608526336585 12.214608526336603 12.201504765496722
12.202012936928288 12.215134313228608 12.215134313228617 12.20201293692824
12.202428643959125 12.215564445033483 12.215564445033499 12.202428643959086
12.20276863280484 12.215916245480088 12.215916245480097 12.202768632804755
12.20304661833256 12.21620390252513 12.216203902525132 12.203046618332493
12.203273832273343 12.216439035411808 12.21643903541182 12.203273832273297
12.203459472460558 12.216631159365143 12.216631159365148 12.203459472460503
12.203611070907407 12.216788066342074 12.216788066342094 12.203611070907355
12.203734795349256 12.216916136961407 12.21691613696142 12.20373479534919
12.203835696252307 12.21702059602522 12.217020596025227 12.203835696252247
12.203917909134544 12.217105721814955 12.217105721814969 12.203917909134503
12.203984820272284 12.217175017512673 12.217175017512682 12.203984820272238
12.20403920241074 12.217231351592897 12.217231351592899 12.204039202410698
12.20408332590376 12.217277072796884 12.217277072796895 12.204083325903708
12.20411904972763 12.21731410428697 12.217314104286991 12.204119049727577
12.204147896011394 12.217344020749168 12.21734402074918 12.204147896011342
12.204171111067355 12.217368111530151 12.217368111530162 12.204171111067302
12.204189715366152 12.21738743233738 12.217387432337404 12.204189715366114
12.204204544458303 12.217402847573332 12.217402847573345 12.20420454445824
12.204216282481557 12.217415064999681 12.21741506499969 12.204216282481484
12.204225489597823 12.217424664121497 12.217424664121488 12.204225489597773
12.204232624458593 12.21743211942809 12.217432119428084 12.204232624458532
12.204238062599504 12.217437819423065 12.217437819423074 12.20423806259943
12.204242111502143 12.217442082206027 12.217442082206038 12.204242111502104
12.204245022926573 12.217445168230746 12.217445168230753 12.204245022926536
12.204247003008721 12.217447290751549 12.217447290751554 12.204247003008671
12.20424822052851 12.217448624376653 12.217448624376672 12.204248220528443
12.204248813679259 12.217449312071642 12.217449312071654 12.204248813679218
12.204248895610835 12.21744947089364 12.217449470893651 12.204248895610766
12.204248558967704 12.21744919668641 12.21744919668643 12.204248558967652
12.204247879605228 12.217448567924787 12.217448567924823 12.204247879605182
12.204246919632087 12.217447648862223 12.217447648862237 12.204246919632013
12.20424572990134 12.217446492107898 12.217446492107902 12.204245729901281
12.204244352050493 12.217445140737127 12.21744514073713 12.20424435205044
12.20424282017128 12.217443630018948 12.21744363001896 12.204242820171231
12.204241162177267 12.217441988830858 12.217441988830878 12.20424116217722
12.204239400923468 12.217440240817107 12.21744024081711 12.204239400923395
12.204237555122935 12.217438405337003 12.217438405337028 12.204237555122882
12.204235640097668 12.217436498241605 12.217436498241605 12.204235640097606
12.204233668392792 12.217434532509282 12.2174345325093 12.204233668392728
12.204231650280052 12.217432518766516 12.217432518766527 12.204231650280004
12.204229594169735 12.217430465713969 12.217430465713967 12.204229594169691
12.20422750694793 12.217428380475576 12.217428380475562 12.204227506947891
12.204225394252834 12.217426268884182 12.217426268884202 12.204225394252806
12.204223260700914 12.217424135715707 12.217424135715696 12.204223260700848
12.204221110071888 12.217421984880405 12.217421984880422 12.20422111007186
12.2042189454607 12.217419819580089 12.217419819580083 12.204218945460644
12.204216769401265 12.21741764243615 12.21741764243616 12.204216769401205
12.204214583968335 12.217415455595026 12.217415455595035 12.204214583968287
12.20421239086071 12.217413260814155 12.217413260814162 12.204212390860643
12.204210191469267 12.217411059532461 12.217411059532491 12.20421019146921
12.20420798693286 12.217408852928113 12.217408852928141 12.204207986932822
12.204205778183987 12.217406641965814 12.217406641965836 12.204205778183937
12.204203565986049 12.217404427435362 12.217404427435362 12.204203565986004
12.204201350964224 12.21740220998346 12.217402209983476 12.204201350964174
12.204199133630334 12.21739999013964 12.217399990139649 12.20419913363027
12.204196914403415 12.217397768337413 12.217397768337433 12.204196914403356
12.204194693626633 12.217395544931803 12.217395544931813 12.204194693626572
12.204192471580907 12.217393320213422 12.217393320213429 12.204192471580866
12.204190248496316 12.217391094420236 12.217391094420247 12.204190248496257
12.204188024561157 12.217388867747141 12.217388867747148 12.204188024561107
12.204185799929654 12.21738664035364 12.217386640353652 12.204185799929615
12.204183574728102 12.217384412370373 12.217384412370391 12.204183574728056
12.20418134905986 12.217382183904299 12.217382183904293 12.204181349059807
12.204179123009576 12.217379955042952 12.217379955042958 12.204179123009514
12.204176896646533 12.217377725858062 12.217377725858068 12.204176896646482
12.204174670027523 12.217375496408332 12.217375496408355 12.204174670027468
12.204172443198981 12.217373266741838 12.217373266741856 12.204172443198946
12.20417021619899 12.217371036897939 12.217371036897948 12.20417021619893
12.204167989058638 12.21736880690884 12.217368806908848 12.204167989058579
12.204165761803475 12.217366576800941 12.217366576800949 12.204165761803415
12.204163534454365 12.217364346595827 12.217364346595854 12.204163534454311
12.204161307028397 12.21736211631123 12.21736211631122 12.204161307028341
12.204159079539602 12.217359885961564 12.21735988596157 12.204159079539533
12.204156851999402 12.217357655558748 12.217357655558756 12.204156851999347
12.204154624417216 12.217355425112464 12.217355425112475 12.204154624417155
12.204152396800719 12.21735319463067 12.217353194630684 12.204152396800653
12.204150169156192 12.217350964119873 12.217350964119893 12.204150169156142
12.204147941488802 12.21734873358541 12.217348733585425 12.204147941488749
12.20414571380274 12.217346503031607 12.217346503031628 12.204145713802697
12.204143486101458 12.217344272462071 12.21734427246209 12.204143486101424
12.204141258387853 12.217342041879743 12.217342041879748 12.204141258387807
12.204139030664175 12.217339811286989 12.217339811286989 12.204139030664116
12.204136802932334 12.217337580685783 12.217337580685774 12.204136802932279
12.204134575193878 12.217335350077693 12.217335350077716 12.204134575193818
12.204132347450088 12.217333119464099 12.217333119464122 12.204132347450033
12.204130119702004 12.217330888846048 12.217330888846053 12.204130119701933
12.204127891950462 12.21732865822441 12.217328658224416 12.204127891950414
12.204125664196157 12.2173264275999 12.217326427599911 12.204125664196113
12.204123436439692 12.21732419697314 12.217324196973145 12.204123436439646
12.204121208681537 12.217321966344587 12.217321966344597 12.20412120868148
12.204118980922035 12.217319735714657 12.217319735714657 12.20411898092197
12.204116753161514 12.217317505083663 12.217317505083681 12.204116753161456
12.20411452540025 12.217315274451863 12.217315274451877 12.20411452540019
12.204112297638419 12.217313043819493 12.217313043819493 12.204112297638364
12.20411006987623 12.217310813186717 12.21731081318673 12.204110069876178
12.20410784211379 12.217308582553695 12.2173085825537 12.204107842113746
12.204105614351239 12.217306351920527 12.21730635192054 12.20410561435121
12.204103386588681 12.217304121287306 12.21730412128733 12.20410338658863
12.204101158826154 12.217301890654175 12.217301890654172 12.20410115882611
12.20409893106376 12.21729966002112 12.217299660021126 12.204098931063728
12.204096703301555 12.217297429388221 12.21729742938824 12.2040967033015
12.204094475539513 12.217295198755524 12.217295198755545 12.204094475539476
12.204092247777764 12.21729296812308 12.217292968123095 12.204092247777707
12.204090020016254 12.2172907374909 12.217290737490913 12.2040900200162
12.204087792255033 12.217288506859017 12.217288506859028 12.204087792254995
12.204085564494134 12.217286276227455 12.217286276227453 12.204085564494102
12.204083336733602 12.217284045596232 12.217284045596235 12.204083336733547
12.204081108973385 12.217281814965316 12.217281814965334 12.204081108973345
12.20407888121354 12.217279584334774 12.217279584334785 12.204078881213489
12.204076653454033 12.21727735370459 12.217277353704608 12.204076653453992
12.20407442569493 12.217275123074801 12.217275123074808 12.204074425694872
12.20407219793618 12.217272892445372 12.217272892445392 12.204072197936144
12.20406997017784 12.217270661816327 12.21727066181634 12.204069970177791
12.204067742419845 12.217268431187657 12.217268431187673 12.204067742419815
12.204065514662277 12.217266200559385 12.2172662005594 12.20406551466223
12.204063286905097 12.217263969931498 12.21726396993153 12.204063286905036
12.2040610591483 12.217261739304018 12.217261739304025 12.20406105914823
12.20405883139187 12.217259508676916 12.217259508676914 12.20405883139182
12.204056603635886 12.217257278050212 12.217257278050218 12.204056603635827
12.204054375880256 12.217255047423922 12.217255047423917 12.204054375880197
12.204052148125035 12.217252816798023 12.217252816798016 12.204052148124983
12.204049920370235 12.217250586172511 12.217250586172508 12.204049920370185
12.204047692615825 12.21724835554741 12.217248355547426 12.204047692615767
12.204045464861828 12.217246124922701 12.217246124922708 12.20404546486174
12.204043237108188 12.217243894298404 12.217243894298402 12.204043237108145
12.204041009354968 12.217241663674507 12.217241663674523 12.204041009354922
12.20403878160216 12.217239433051008 12.217239433051017 12.204038781602105
12.204036553849779 12.21723720242791 12.217237202427919 12.204036553849711
12.20403432609774 12.217234971805222 12.217234971805235 12.204034326097698
12.204032098346161 12.217232741182938 12.217232741182933 12.204032098346099
12.204029870594953 12.217230510561032 12.217230510561064 12.204029870594887
12.204027642844148 12.21722827993956 12.217228279939564 12.204027642844075
12.20402541509374 12.217226049318489 12.21722604931849 12.204025415093696
12.204023187343758 12.217223818697805 12.217223818697812 12.20402318734371
12.204020959594164 12.217221588077532 12.21722158807754 12.20402095959411
12.204018731844954 12.217219357457656 12.21721935745767 12.204018731844915
12.204016504096188 12.21721712683819 12.217217126838193 12.204016504096131
12.20401427634779 12.21721489621911 12.21721489621914 12.204014276347737
12.204012048599816 12.217212665600456 12.21721266560047 12.204012048599767
12.204009820852246 12.217210434982194 12.217210434982219 12.20400982085219
12.204007593105063 12.217208204364344 12.217208204364356 12.20400759310502
12.204005365358288 12.217205973746905 12.217205973746905 12.204005365358247
12.204003137611926 12.217203743129845 12.217203743129861 12.204003137611883
12.204000909865947 12.217201512513194 12.217201512513196 12.204000909865915
12.203998682120412 12.217199281896958 12.21719928189697 12.203998682120359
12.203996454375249 12.217197051281124 12.217197051281136 12.203996454375197
12.203994226630474 12.217194820665696 12.217194820665709 12.203994226630437
12.203991998886108 12.217192590050642 12.21719259005067 12.203991998886075
12.203989771142163 12.217190359436009 12.217190359436023 12.203989771142119
12.203987543398648 12.217188128821789 12.217188128821796 12.20398754339857
12.203985315655464 12.217185898207969 12.217185898207985 12.203985315655423
12.203983087912722 12.217183667594552 12.217183667594556 12.203983087912686
12.20398086017039 12.217181436981525 12.217181436981537 12.203980860170336
12.203978632428448 12.217179206368929 12.21717920636893 12.203978632428406
12.203976404686925 12.217176975756713 12.217176975756725 12.203976404686866
12.203974176945774 12.217174745144908 12.217174745144913 12.203974176945747
12.203971949205053 12.217172514533505 12.217172514533521 12.203971949205012
12.203969721464738 12.217170283922503 12.217170283922501 12.203969721464677
12.203967493724791 12.2171680533119 12.217168053311907 12.203967493724752
12.203965265985275 12.217165822701709 12.217165822701725 12.20396526598524
12.20396303824617 12.217163592091923 12.217163592091929 12.203963038246119
12.203960810507443 12.217161361482525 12.217161361482537 12.203960810507407
12.203958582769138 12.217159130873544 12.217159130873558 12.203958582769088
12.20395635503125 12.21715690026498 12.217156900264984 12.203956355031186
12.203954127293708 12.217154669656777 12.217154669656798 12.20395412729367
12.203951899556616 12.217152439049011 12.217152439049022 12.203951899556564
12.203949671819922 12.217150208441625 12.21715020844165 12.203949671819858
12.203947444083616 12.217147977834664 12.217147977834681 12.203947444083553
12.203945216347718 12.217145747228091 12.217145747228113 12.203945216347659
12.203942988612226 12.217143516621947 12.21714351662195 12.203942988612166
12.203940760877131 12.21714128601619 12.217141286016187 12.20394076087709
12.20393853314245 12.217139055410835 12.217139055410835 12.203938533142397
12.203936305408174 12.217136824805864 12.217136824805886 12.203936305408115
12.203934077674273 12.217134594201328 12.217134594201324 12.203934077674232
12.203931849940801 12.217132363597175 12.217132363597193 12.20393184994074
12.203929622207733 12.217130132993429 12.217130132993447 12.203929622207669
12.203927394475054 12.217127902390102 12.217127902390105 12.203927394474995
12.203925166742785 12.217125671787182 12.217125671787189 12.203925166742733
12.203922939010921 12.217123441184642 12.217123441184654 12.203922939010857
12.203920711279448 12.217121210582517 12.217121210582519 12.203920711279398
12.203918483548383 12.217118979980784 12.217118979980794 12.20391848354834
12.203916255817727 12.217116749379471 12.217116749379466 12.203916255817678
12.203914028087468 12.21711451877855 12.217114518778555 12.203914028087423
12.203911800357643 12.217112288178035 12.217112288178035 12.203911800357572
12.203909572628168 12.21711005757792 12.217110057577921 12.203909572628113
12.203907344899125 12.2171078269782 12.217107826978213 12.20390734489906
12.203905117170462 12.217105596378898 12.21710559637891 12.20390511717042
12.203902889442233 12.21710336578 12.217103365780005 12.203902889442176
12.203900661714403 12.217101135181503 12.21710113518151 12.203900661714341
12.203898433986947 12.217098904583398 12.217098904583418 12.203898433986895
12.203896206259941 12.21709667398571 12.217096673985726 12.203896206259877
12.203893978533289 12.217094443388413 12.21709444338844 12.203893978533237
12.203891750807033 12.217092212791542 12.21709221279154 12.203891750807012
12.203889523081237 12.217089982195029 12.217089982195066 12.203889523081187
12.203887295355818 12.217087751598973 12.217087751598989 12.203887295355768
12.203885067630793 12.217085521003307 12.217085521003318 12.203885067630754
12.203882839906202 12.217083290408018 12.217083290408043 12.203882839906138
12.203880612181955 12.217081059813165 12.217081059813163 12.203880612181926
12.20387838445817 12.217078829218693 12.217078829218714 12.203878384458124
12.20387615673475 12.217076598624642 12.217076598624654 12.203876156734719
12.20387392901176 12.217074368030978 12.217074368030982 12.203873929011708
12.20387170128915 12.21707213743774 12.21707213743774 12.20387170128911
12.203869473566963 12.217069906844888 12.217069906844884 12.203869473566913
12.20386724584517 12.217067676252423 12.217067676252428 12.203867245845114
12.20386501812377 12.217065445660383 12.217065445660392 12.203865018123714
12.203862790402779 12.217063215068725 12.217063215068741 12.20386279040273
12.203860562682188 12.217060984477474 12.217060984477493 12.203860562682134
12.20385833496201 12.217058753886668 12.21705875388666 12.203858334961948
12.203856107242212 12.21705652329622 12.217056523296229 12.203856107242174
12.203853879522851 12.217054292706205 12.217054292706203 12.203853879522795
12.203851651803884 12.217052062116574 12.217052062116581 12.203851651803815
12.203849424085274 12.21704983152733 12.217049831527353 12.203849424085236
12.203847196367105 12.217047600938516 12.217047600938525 12.203847196367068
12.203844968649344 12.217045370350093 12.217045370350116 12.203844968649305
12.203842740932005 12.217043139762103 12.217043139762108 12.203842740931934
12.203840513215031 12.217040909174479 12.217040909174504 12.203840513214978
12.203838285498465 12.217038678587265 12.217038678587281 12.203838285498415
12.203836057782313 12.217036448000458 12.217036448000464 12.203836057782267
12.203833830066564 12.217034217414076 12.217034217414081 12.203833830066507
12.203831602351217 12.21703198682808 12.21703198682808 12.203831602351153
12.203829374636271 12.217029756242482 12.217029756242487 12.203829374636216
12.203827146921713 12.217027525657281 12.217027525657313 12.20382714692166
12.203824919207563 12.2170252950725 12.217025295072506 12.203824919207516
12.20382269149384 12.217023064488137 12.217023064488139 12.203822691493793
12.20382046378052 12.217020833904142 12.217020833904153 12.203820463780453
12.203818236067573 12.217018603320572 12.217018603320568 12.203818236067518
12.20381600835503 12.21701637273739 12.217016372737397 12.203816008354984
12.20381378064291 12.21701414215461 12.217014142154625 12.203813780642859
12.203811552931189 12.217011911572254 12.217011911572248 12.203811552931121
12.203809325219858 12.217009680990278 12.217009680990284 12.2038093252198
12.203807097508946 12.217007450408722 12.217007450408715 12.203807097508877
12.203804869798416 12.217005219827556 12.21700521982756 12.203804869798367
12.203802642088295 12.217002989246796 12.21700298924682 12.203802642088244
12.203800414378602 12.217000758666453 12.21700075866646 12.203800414378533
12.20379818666928 12.216998528086494 12.216998528086513 12.20379818666922
12.203795958960374 12.216996297506958 12.21699629750696 12.20379595896031
12.203793731251878 12.21699406692781 12.21699406692781 12.203793731251809
12.203791503543764 12.216991836349084 12.216991836349077 12.203791503543716
12.203789275836094 12.216989605770735 12.21698960577075 12.203789275836021
12.203787048128769 12.216987375192797 12.216987375192812 12.203787048128737
12.203784820421907 12.216985144615283 12.216985144615293 12.20378482042184
12.203782592715406 12.216982914038141 12.216982914038166 12.203782592715347
12.203780365009315 12.216980683461435 12.216980683461435 12.203780365009266
12.203778137303637 12.216978452885112 12.216978452885108 12.203778137303566
12.203775909598328 12.216976222309187 12.216976222309194 12.203775909598296
