0.6943823771049502 0.6323427185856424 0.6183047915238259 0.6323427185856364 0.6943823771049482
0.9078967276911888 0.8279808587212639 0.8087830582941128 0.827980858721257 0.9078967276911841
1.1020272762767795 1.0100329936816317 0.988412584767599 1.010032993681623 1.1020272762767744
1.2960496920541336 1.1946668309500559 1.1721977137753123 1.1946668309500463 1.2960496920541276
1.4980708834203371 1.3885247199368496 1.3660829285488263 1.3885247199368398 1.4980708834203302
1.7127674433446642 1.5955061537880761 1.5735578995171204 1.595506153788064 1.712767443344656
1.9432628981662263 1.8183346389162616 1.7971075153839597 1.8183346389162507 1.943262898166217
2.1917774609316867 2.0590600279628206 2.0386417498025327 2.059060027962807 2.1917774609316774
2.4598779557376336 2.319229118085515 2.2996237721475947 2.3192291180854996 2.4598779557376207
2.748563237470401 2.5999257118976744 2.5810856414071814 2.5999257118976566 2.748563237470388
3.0582743694840677 2.9017527160442533 2.883596571859636 2.9017527160442333 3.0582743694840513
3.388871945286653 3.22478947070899 3.2072125185814766 3.22478947070897 3.3888719452866343
3.7396051420252716 3.5685436714203522 3.5514239108523005 3.568543671420326 3.739605142025255
4.10908927078746 3.931911810188491 3.9151140134935205 3.9319118101884607 4.109089270787433
4.4953042158478205 4.313159314823896 4.296538245505386 4.3131593148238645 4.495304215847795
4.895622613050542 4.709929245554588 4.693332787861918 4.709929245554552 4.895622613050516
5.306872827327579 5.1192855599543305 5.102558137065806 5.119285559954287 5.306872827327552
5.725437471561086 5.537793291768581 5.520779692551682 5.537793291768531 5.725437471561051
6.14738359878746 5.961633677766537 5.944183218408085 5.96163367776648 6.147383598787418
6.568616360657614 6.386747820628921 6.3687186284111466 6.386747820628863 6.568616360657567
6.9850445519956015 6.808998600034518 6.7902617237134555 6.8089986000344584 6.985044551995554
7.392744665088644 7.224337945343159 7.204780972693086 7.224337945343086 7.392744665088603
7.7881101942948625 7.628965768701857 7.608495664377773 7.628965768701778 7.788110194294799
8.167974913879592 8.019467982700228 7.998012938251644 8.019467982700144 8.167974913879531
8.529702274810068 8.392923846174709 8.370434041317786 8.392923846174629 8.52970227481001
8.871237245436003 8.746976817163253 8.723424106236072 8.746976817163157 8.871237245435942
9.191121096158119 9.079867392915405 9.055244032913707 9.079867392915311 9.191121096158046
9.488473145590842 9.390430353394828 9.364746965473294 9.390430353394727 9.488473145590776
9.762945924991755 9.678061848545806 9.651344846218471 9.678061848545696 9.762945924991676
10.014661435225822 9.942663600032352 9.914952324841936 9.942663600032226 10.014661435225737
10.244136265522235 10.184572113641199 10.155915898833623 10.184572113641078 10.244136265522156
10.452202575914955 10.404480413529868 10.374935757388009 10.404480413529738 10.452202575914878
10.639930641746487 10.603358721195969 10.572986703788107 10.603358721195825 10.639930641746389
10.808557131514606 10.782379040060748 10.751243068488114 10.782379040060611 10.808557131514513
10.959421787116487 10.942847056878888 10.911010980537062 10.942847056878755 10.959421787116401
11.09391386253373 11.086143341519413 11.053669943734832 11.086143341519271 11.093913862533643
11.213428636741762 11.213674639454263 11.180624486244136 11.213674639454124 11.213428636741662
11.3193335685837 11.326835155193022 11.29326576537271 11.326835155192885 11.319333568583604
11.41294318221372 11.426977114898195 11.392942406950297 11.426977114898056 11.41294318221361
11.495501515184024 11.515389535033508 11.48093950329434 11.515389535033366 11.495501515183905
11.568170873304222 11.593283959016558 11.558464533062535 11.593283959016402 11.568170873304132
11.63202566532364 11.661785901351276 11.626638946431186 11.661785901351125 11.632025665323567
11.68805019229266 11.72193081010351 11.686494231831487 11.721930810103347 11.688050192292566
11.737139406905584 11.77466348449964 11.738971406895827 11.774663484499484 11.737139406905488
11.780101812562847 11.820840035451958 11.784923027188187 11.820840035451802 11.780101812562721
11.817663823948493 11.861231632590739 11.825116961599342 11.861231632590592 11.817663823948402
11.850475050783428 11.896529429027762 11.860241330273496 11.896529429027602 11.850475050783338
11.87911408906337 11.927350187376812 11.890910132510381 11.927350187376641 11.87911408906328
11.904094507808697 11.954242244325707 11.917669205145165 11.954242244325547 11.90409450780856
11.925870804499883 11.977691545760624 11.94100224596596 11.977691545760475 11.925870804499777
11.944844170523323 11.998127561163756 11.96133671288029 11.99812756116359 11.944844170523218
11.961367961243234 12.015928946676986 11.979049469736315 12.01592894667682 11.96136796124313
11.975752806075137 12.0314288731343 11.994472096221116 12.031428873134145 11.975752806075059
11.988271324396747 12.044919970827765 12.007895814408238 12.04491997082761 11.98827132439663
11.999162435333039 12.056658868950748 12.019576010458271 12.056658868950592 11.999162435332934
12.008635265156277 12.066870326466178 12.029736348591804 12.066870326466017 12.008635265156189
12.016872666726407 12.075750964207023 12.038572487371585 12.075750964206884 12.016872666726313
12.024034372281813 12.083472616683265 12.04625541689138 12.0834726166831 12.024034372281731
12.030259804942833 12.090185327434188 12.052934440759344 12.090185327434027 12.030259804942714
12.035670576279733 12.09602001470126 12.058739829645088 12.0960200147011 12.035670576279637
12.040372697820251 12.101090835378399 12.063785174307 12.10109083537824 12.040372697820146
12.044458533877581 12.105497275153073 12.068169465948422 12.105497275152917 12.04445853387747
12.048008521919437 12.109325991873511 12.071978930860354 12.10932599187334 12.048008521919343
12.051092685116535 12.11265243776556 12.075288644889458 12.112652437765396 12.05109268511642
12.05377195989663 12.115542284392534 12.07816395153808 12.115542284392381 12.053771959896526
12.05609935941753 12.118052672360701 12.08066170561386 12.118052672360534 12.05609935941742
12.058120991949917 12.1202333058337 12.082831362410543 12.120233305833542 12.058120991949808
12.059876951294466 12.122127410005975 12.084715930493102 12.12212741000583 12.059876951294351
12.061402094582972 12.123772567849601 12.086352804330698 12.12377256784945 12.061402094582869
12.062726721157505 12.125201450720988 12.087774491298914 12.125201450720827 12.062726721157405
12.063877164695237 12.12644245581331 12.089009245977719 12.126442455813153 12.063877164695128
12.064876309353556 12.127520261971332 12.090081623208746 12.12752026197116 12.064876309353451
12.0657440394508 12.128456314052704 12.091012960048367 12.128456314052526 12.06574403945069
12.066497631064284 12.129269244817193 12.09182179555526 12.129269244817014 12.066497631064182
12.067152092914815 12.129975242247365 12.092524236278205 12.129975242247209 12.06715209291474
12.067720463005179 12.130588369242787 12.093134274352922 12.130588369242647 12.067720463005058
12.068214066679467 12.13112084177563 12.093664064266079 12.131120841775472 12.068214066679337
12.068642741064714 12.131583270838846 12.094124163591923 12.131583270838696 12.068642741064629
12.069015030230483 12.131984872850817 12.094523742342076 12.13198487285064 12.069015030230382
12.069338354854516 12.132333652590855 12.094870764983646 12.132333652590685 12.069338354854416
12.069619159700823 12.13263656222435 12.095172148665807 12.132636562224201 12.069619159700721
12.069863041793 12.132899639520861 12.09543390074383 12.132899639520696 12.06986304179289
12.070074861795879 12.133128127971773 12.095661238293133 12.133128127971606 12.070074861795778
12.070258840795246 12.13332658116604 12.095858691960277 12.133326581165877 12.070258840795152
12.070418644381645 12.13349895347762 12.096030196194283 12.133498953477455 12.070418644381533
12.070557455698086 12.133648678853039 12.096179167637887 12.13364867885288 12.070557455697973
12.07067803889567 12.133778739255519 12.096308573227164 12.133778739255362 12.070678038895577
12.070782794253368 12.133891724119454 12.096420989346825 12.1338917241193 12.070782794253256
12.070873806054047 12.133989881993209 12.096518653212957 12.133989881993045 12.070873806053955
12.070952884167651 12.134075165394318 12.0966035075024 12.13407516539415 12.070952884167534
12.071021600166068 12.134149269767537 12.096677239114618 12.13414926976738 12.071021600165967
12.071081318688988 12.134213667319928 12.096741312836215 12.134213667319777 12.071081318688881
12.07113322468318 12.134269636405351 12.096797000577647 12.1342696364052 12.071133224683077
12.071178347058403 12.134318287043564 12.096845406763524 12.134318287043385 12.071178347058304
12.071217579230412 12.134360583081321 12.09688749038227 12.13436058308115 12.07121757923031
12.071251696960413 12.134397361437543 12.096924084134054 12.134397361437372 12.071251696960335
12.071281373846709 12.134429348815255 12.09695591105882 12.134429348815095 12.07128137384661
12.07130719477688 12.134457176214179 12.096983598975465 12.134457176214019 12.071307194776779
12.071329667609438 12.134481391532669 12.097007693020464 12.13448139153251 12.071329667609321
12.071349233317292 12.13450247051077 12.097028666535683 12.134502470510611 12.071349233317191
12.071366274795997 12.134520826232613 12.097046930522897 12.134520826232452 12.071366274795897
12.071381124511989 12.134536817377544 12.097062841853354 12.134536817377388 12.071381124511872
12.071394071143901 12.134550755385003 12.097076710396506 12.134550755384838 12.07139407114379
12.071405365349365 12.134562910675765 12.09708880520992 12.134562910675609 12.071405365349255
12.071415224772355 12.134573518054209 12.09709935991429 12.13457351805404 12.071415224772265
12.071423838391228 12.13458278139887 12.097108577360421 12.134582781398718 12.071423838391125
12.071431370293965 12.134590877735663 12.097116633681763 12.13459087773551 12.071431370293851
12.071437962956466 12.134597960774316 12.097123681813198 12.134597960774155 12.071437962956374
12.071443740089022 12.13460416397933 12.097129854546418 12.134604163979185 12.071443740088917
12.071448809107784 12.13460960323651 12.097135267183 12.134609603236349 12.071448809107702
12.071453263280988 12.134614379168015 12.097140019837884 12.134614379167859 12.071453263280892
12.071457183592216 12.134618579142918 12.09714419943968 12.13461857914275 12.07145718359211
12.071460640358502 12.134622279022642 12.097147881467377 12.134622279022471 12.071460640358374
12.071463694635185 12.13462554467673 12.097151131458466 12.134625544676554 12.071463694635076
12.071466399435867 12.134628433298762 12.097154006318236 12.13462843329862 12.071466399435772
12.071468800791555 12.13463099454929 12.097156555456802 12.134630994549125 12.071468800791447
12.07147093867024 12.134633271547779 12.097158821776341 12.134633271547624 12.071470938670153
12.0714728477757 12.13463530173431 12.097160842528144 12.13463530173415 12.071472847775597
12.071474558240682 12.134637117617592 12.09716265005705 12.134637117617423 12.071474558240551
12.071476096228963 12.134638747424473 12.097164272447614 12.134638747424303 12.071476096228832
12.071477484458244 12.134640215663927 12.097165734085236 12.134640215663755 12.071477484458152
12.071478742654076 12.134641543616736 12.097167056143459 12.134641543616569 12.07147874265395
12.071479887943637 12.134642749760713 12.097168257006878 12.134642749760554 12.071479887943548
12.071480935198482 12.134643850139861 12.097169352638685 12.134643850139717 12.071480935198364
12.071481897331124 12.134644858684993 12.097170356899424 12.134644858684833 12.071481897331015
12.071482785553451 12.134645787491975 12.097171281823973 12.134645787491818 12.071482785553341
12.071483609600547 12.134646647063528 12.097172137862126 12.134646647063361 12.071483609600431
12.071484377925206 12.134647446518953 12.097172934087224 12.13464744651878 12.071484377925119
12.071485097866969 12.134648193776451 12.097173678377532 12.134648193776279 12.071485097866868
12.071485775798527 12.13464889571126 12.097174377573637 12.134648895711088 12.071485775798426
12.071486417253286 12.134649558293061 12.09717503761511 12.13464955829288 12.071486417253173
12.071487027035733 12.134650186705189 12.097175663659202 12.134650186705043 12.071487027035626
12.07148760931762 12.134650785448372 12.097176260183883 12.134650785448196 12.071487609317526
12.071488167721206 12.134651358430382 12.09717683107729 12.13465135843023 12.071488167721093
12.071488705391562 12.134651909044411 12.097177379715447 12.134651909044234 12.07148870539145
12.071489225059612 12.134652440236602 12.097177909029684 12.13465244023644 12.071489225059473
12.071489729096456 12.134652954565132 12.09717842156527 12.134652954564974 12.071489729096344
12.071490219561051 12.134653454251183 12.09717891953221 12.134653454251023 12.071490219560932
12.071490698240996 12.134653941223409 12.097179404849411 12.134653941223249 12.071490698240892
12.071491166688542 12.134654417156407 12.097179879183013 12.134654417156241 12.071491166688448
12.07149162625147 12.134654883504194 12.097180343979753 12.134654883504032 12.07149162625136
12.071492078099972 12.134655341529283 12.09718080049576 12.13465534152914 12.07149207809987
12.071492523250189 12.134655792327948 12.09718124982175 12.13465579232777 12.071492523250074
12.071492962584339 12.134656236851955 12.097181692904718 12.134656236851784 12.071492962584246
12.07149339686854 12.13465667592782 12.097182130566994 12.134656675927639 12.071493396868457
12.071493826767954 12.134657110273105 12.097182563522574 12.134657110272938 12.071493826767854
12.07149425286007 12.134657540510933 12.097182992391378 12.134657540510762 12.071494252859974
12.071494675646397 12.134657967182296 12.097183417711717 12.134657967182136 12.071494675646282
12.071495095562335 12.13465839075697 12.09718383995096 12.134658390756801 12.07149509556225
12.071495512986 12.134658811642824 12.097184259514941 12.134658811642653 12.071495512985912
12.071495928245668 12.134659230194018 12.097184676756036 12.134659230193861 12.07149592824554
12.071496341626307 12.134659646718063 12.097185091980215 12.134659646717902 12.071496341626204
12.071496753375456 12.134660061481993 12.097185505453112 12.134660061481814 12.071496753375364
12.07149716370802 12.134660474717597 12.097185917405428 12.134660474717426 12.071497163707917
12.071497572810593 12.13466088662621 12.097186328037415 12.134660886626047 12.071497572810468
12.071497980845114 12.134661297382626 12.097186737523035 12.134661297382461 12.071497980845026
12.071498387952358 12.134661707138584 12.09718714601322 12.134661707138427 12.071498387952243
12.071498794254401 12.134662116025885 12.097187553639143 12.134662116025721 12.071498794254287
12.07149919985732 12.134662524158909 12.097187960514596 12.134662524158754 12.07149919985721
12.071499604853193 12.13466293163704 12.097188366738438 12.134662931636893 12.071499604853095
12.071500009322033 12.134663338546531 12.09718877239654 12.134663338546389 12.071500009321902
12.071500413333151 12.134663744962292 12.09718917756338 12.134663744962138 12.071500413333059
12.071500816946923 12.134664150949344 12.097189582303658 12.134664150949181 12.071500816946829
12.071501220215675 12.134664556564173 12.09718998667357 12.13466455656399 12.071501220215563
12.071501623184831 12.134664961855755 12.097190390721904 12.13466496185559 12.071501623184725
12.071502025893874 12.134665366866718 12.097190794491045 12.13466536686656 12.07150202589376
12.07150242837707 12.134665771634012 12.097191198017725 12.134665771633848 12.071502428376947
12.07150283066412 12.134666176189741 12.097191601333908 12.134666176189572 12.071502830664016
12.071503232780934 12.13466658056178 12.097192004467322 12.134666580561612 12.071503232780817
12.07150363474986 12.134666984774283 12.097192407442 12.134666984774139 12.071503634749764
12.071504036590435 12.134667388848326 12.097192810278933 12.13466738884815 12.071504036590344
12.071504438319547 12.134667792802109 12.097193212996201 12.134667792801936 12.071504438319467
12.071504839951924 12.134668196651464 12.097193615609571 12.1346681966513 12.071504839951809
12.07150524150023 12.13466860041017 12.097194018132743 12.134668600409993 12.07150524150012
12.071505642975598 12.134669004090167 12.097194420577619 12.134669004090004 12.07150564297547
12.071506044387595 12.134669407701821 12.09719482295449 12.134669407701647 12.071506044387478
12.071506445744602 12.134669811254136 12.097195225272312 12.134669811253971 12.07150644574448
12.071506847053817 12.134670214754939 12.097195627538873 12.13467021475477 12.07150684705373
12.07150724832165 12.134670618210986 12.097196029760944 12.134670618210832 12.071507248321524
12.071507649553403 12.134671021628211 12.097196431944338 12.134671021628037 12.071507649553283
12.071508050753916 12.134671425011682 12.097196834094184 12.134671425011529 12.071508050753813
12.07150845192729 12.134671828365898 12.097197236214921 12.134671828365741 12.071508451927203
12.071508853077134 12.13467223169471 12.097197638310348 12.134672231694521 12.071508853077015
12.071509254206484 12.1346726350014 12.097198040383823 12.13467263500125 12.07150925420639
12.071509655318089 12.134673038288968 12.09719844243823 12.134673038288806 12.071509655317987
12.07151005641427 12.134673441559883 12.097198844476072 12.134673441559723 12.071510056414173
12.071510457497077 12.13467384481637 12.097199246499562 12.134673844816211 12.071510457496968
12.071510858568239 12.134674248060296 12.097199648510554 12.134674248060147 12.071510858568146
12.071511259629371 12.134674651293352 12.09720005051074 12.134674651293192 12.071511259629224
12.071511660681665 12.134675054516956 12.097200452501509 12.134675054516787 12.07151166068156
12.071512061726404 12.134675457732357 12.097200854484118 12.134675457732198 12.071512061726283
12.071512462764481 12.134675860940629 12.097201256459647 12.134675860940467 12.071512462764405
12.071512863796922 12.134676264142715 12.097201658429007 12.134676264142556 12.071512863796789
12.071513264824333 12.134676667339452 12.097202060393043 12.13467666733928 12.071513264824217
12.071513665847437 12.134677070531522 12.09720246235245 12.134677070531358 12.071513665847315
12.071514066866802 12.134677473719561 12.097202864307821 12.134677473719393 12.071514066866674
12.071514467882874 12.134677876904075 12.09720326625971 12.134677876903897 12.07151446788279
12.071514868896193 12.134678280085556 12.097203668208566 12.134678280085385 12.071514868896088
12.07151526990703 12.134678683264404 12.097204070154802 12.13467868326423 12.071515269906929
12.071515670915767 12.134679086440944 12.09720447209877 12.134679086440775 12.071515670915648
12.071516071922654 12.134679489615504 12.097204874040733 12.134679489615339 12.071516071922533
12.071516472927913 12.134679892788334 12.097205275981006 12.13467989278816 12.071516472927804
12.071516873931808 12.134680295959654 12.097205677919765 12.1346802959595 12.071516873931694
12.071517274934493 12.134680699129715 12.097206079857223 12.134680699129541 12.071517274934388
12.071517675936128 12.13468110229862 12.097206481793613 12.134681102298462 12.071517675936045
12.0715180769369 12.134681505466554 12.09720688372899 12.1346815054664 12.071518076936785
12.071518477936895 12.13468190863363 12.097207285663545 12.134681908633485 12.07151847793675
12.071518878936189 12.134682311800015 12.097207687597363 12.134682311799855 12.071518878936052
12.071519279934844 12.134682714965747 12.097208089530561 12.134682714965582 12.071519279934746
12.071519680933063 12.134683118130921 12.097208491463212 12.134683118130754 12.071519680932946
12.071520081930812 12.13468352129565 12.09720889339538 12.134683521295475 12.07152008193072
12.071520482928195 12.13468392445993 12.097209295327154 12.134683924459775 12.07152048292809
12.071520883925226 12.134684327623873 12.097209697258583 12.134684327623726 12.071520883925135
12.071521284922031 12.134684730787523 12.097210099189683 12.134684730787376 12.071521284921916
12.071521685918547 12.134685133950903 12.097210501120545 12.134685133950748 12.07152168591844
12.071522086914849 12.134685537114056 12.097210903051167 12.1346855371139 12.07152208691476
12.071522487910993 12.13468594027701 12.097211304981597 12.134685940276848 12.07152248791089
12.07152288890698 12.13468634343979 12.097211706911864 12.134686343439629 12.071522888906879
12.0715232899028 12.134686746602425 12.097212108841967 12.134686746602265 12.07152328990272
12.071523690898577 12.134687149764932 12.097212510771973 12.13468714976478 12.071523690898454
12.07152409189419 12.134687552927351 12.097212912701853 12.134687552927188 12.07152409189408
12.071524492889756 12.134687956089685 12.097213314631666 12.134687956089513 12.07152449288964
12.071524893885238 12.134688359251927 12.097213716561386 12.134688359251749 12.071524893885123
12.071525294880676 12.134688762414097 12.09721411849105 12.13468876241395 12.07152529488056
12.071525695876005 12.134689165576235 12.097214520420659 12.134689165576074 12.071525695875943
12.071526096871391 12.1346895687383 12.097214922350226 12.134689568738153 12.071526096871267
12.071526497866683 12.13468997190035 12.097215324279734 12.134689971900196 12.071526497866572
12.071526898861952 12.134690375062362 12.097215726209228 12.134690375062203 12.07152689886184
12.071527299857193 12.134690778224352 12.0972161281387 12.134690778224195 12.071527299857092
12.071527700852442 12.13469118138633 12.097216530068154 12.134691181386165 12.07152770085233
12.071528101847651 12.134691584548282 12.097216931997576 12.134691584548115 12.071528101847548
12.071528502842856 12.134691987710221 12.097217333926999 12.134691987710058 12.071528502842753
12.071528903838063 12.134692390872141 12.097217735856406 12.134692390871976 12.071528903837953
12.071529304833273 12.134692794034054 12.097218137785816 12.134692794033908 12.071529304833163
12.07152970582846 12.13469319719601 12.097218539715225 12.134693197195835 12.071529705828356
12.071530106823634 12.134693600357915 12.097218941644643 12.13469360035775 12.071530106823548
12.071530507818878 12.134694003519854 12.097219343574038 12.134694003519671 12.071530507818748
12.071530908814047 12.134694406681774 12.09721974550344 12.134694406681596 12.071530908813942
12.071531309809263 12.134694809843694 12.097220147432846 12.13469480984353 12.071531309809146
12.07153171080446 12.134695213005612 12.09722054936226 12.134695213005454 12.07153171080435
12.071532111799645 12.13469561616755 12.097220951291684 12.134695616167393 12.07153211179958
12.071532512794901 12.134696019329487 12.097221353221109 12.134696019329333 12.0715325127948
12.071532913790126 12.134696422491462 12.097221755150544 12.134696422491286 12.07153291379003
12.071533314785379 12.134696825653418 12.097222157080001 12.13469682565326 12.071533314785274
12.071533715780626 12.134697228815384 12.097222559009447 12.134697228815224 12.071533715780536
12.071534116775911 12.134697631977374 12.09722296093891 12.134697631977215 12.071534116775789
12.071534517771175 12.13469803513936 12.097223362868377 12.134698035139197 12.071534517771067
12.071534918766448 12.134698438301376 12.097223764797869 12.13469843830121 12.071534918766352
12.071535319761756 12.134698841463385 12.097224166727365 12.134698841463223 12.071535319761647
12.07153572075706 12.13469924462543 12.097224568656884 12.134699244625258 12.071535720756957
12.071536121752375 12.134699647787464 12.097224970586408 12.134699647787297 12.07153612175229
12.071536522747717 12.134700050949508 12.09722537251593 12.134700050949348 12.071536522747605
12.071536923743022 12.134700454111575 12.097225774445477 12.134700454111407 12.071536923742945
12.071537324738427 12.134700857273645 12.097226176375033 12.134700857273472 12.0715373247383
12.071537725733755 12.134701260435714 12.097226578304596 12.13470126043555 12.07153772573365
12.071538126729147 12.134701663597825 12.097226980234181 12.134701663597669 12.071538126729042
12.071538527724538 12.134702066759917 12.097227382163771 12.134702066759765 12.071538527724435
12.071538928719955 12.134702469922065 12.097227784093382 12.134702469921898 12.07153892871983
12.071539329715353 12.134702873084194 12.097228186023008 12.134702873084036 12.071539329715257
12.071539730710812 12.134703276246363 12.09722858795264 12.13470327624619 12.071539730710695
12.071540131706238 12.13470367940851 12.097228989882272 12.134703679408345 12.07154013170612
12.071540532701682 12.134704082570687 12.09722939181193 12.13470408257052 12.071540532701588
12.071540933697138 12.134704485732865 12.097229793741597 12.134704485732714 12.071540933697054
12.071541334692634 12.134704888895083 12.097230195671292 12.134704888894909 12.071541334692535
12.071541735688127 12.134705292057276 12.097230597600989 12.13470529205712 12.07154173568802
12.071542136683647 12.134705695219523 12.097230999530689 12.134705695219354 12.071542136683536
12.071542537679152 12.134706098381736 12.0972314014604 12.134706098381582 12.071542537679045
12.07154293867468 12.134706501544013 12.09723180339013 12.134706501543832 12.071542938674574
12.071543339670242 12.134706904706254 12.097232205319875 12.13470690470609 12.07154333967011
12.071543740665792 12.134707307868524 12.097232607249621 12.134707307868373 12.07154374066568
12.071544141661361 12.134707711030812 12.097233009179394 12.134707711030675 12.071544141661246
12.07154454265694 12.134708114193124 12.097233411109181 12.134708114192975 12.071544542656826
12.071544943652526 12.13470851735545 12.097233813039 12.13470851735529 12.071544943652423
12.071545344648136 12.134708920517788 12.097234214968804 12.13470892051762 12.071545344648037
12.071545745643755 12.134709323680129 12.097234616898637 12.134709323679965 12.07154574564367
12.071546146639394 12.134709726842468 12.097235018828469 12.134709726842322 12.071546146639303
12.071546547635059 12.13471013000485 12.097235420758308 12.134710130004684 12.071546547634947
12.071546948630715 12.134710533167233 12.097235822688177 12.134710533167075 12.0715469486306
12.07154734962638 12.134710936329638 12.097236224618054 12.134710936329473 12.071547349626288
12.071547750622104 12.134711339492034 12.097236626547948 12.134711339491883 12.071547750621967
12.07154815161778 12.134711742654465 12.097237028477856 12.134711742654307 12.071548151617677
12.071548552613503 12.134712145816922 12.097237430407775 12.134712145816744 12.071548552613402
12.071548953609245 12.13471254897936 12.097237832337695 12.134712548979193 12.071548953609128
12.071549354604983 12.13471295214182 12.097238234267659 12.134712952141658 12.07154935460487
12.071549755600726 12.1347133553043 12.09723863619759 12.134713355304132 12.071549755600616
12.0715501565965 12.134713758466795 12.097239038127585 12.13471375846662 12.071550156596398
12.071550557592289 12.134714161629292 12.097239440057571 12.13471416162913 12.071550557592166
12.071550958588059 12.134714564791793 12.097239841987552 12.134714564791642 12.07155095858796
12.07155135958388 12.134714967954334 12.097240243917565 12.134714967954169 12.071551359583774
12.071551760579702 12.134715371116874 12.097240645847592 12.134715371116723 12.071551760579597
12.07155216157553 12.134715774279442 12.097241047777638 12.13471577427927 12.071552161575434
12.07155256257139 12.134716177441996 12.097241449707676 12.134716177441836 12.07155256257127
12.071552963567239 12.134716580604591 12.097241851637735 12.134716580604419 12.071552963567132
12.071553364563133 12.134716983767179 12.097242253567806 12.134716983767026 12.07155336456302
12.07155376555899 12.134717386929792 12.09724265549791 12.134717386929625 12.071553765558896
12.071554166554911 12.13471779009242 12.097243057428011 12.134717790092253 12.071554166554806
12.071554567550832 12.134718193255049 12.097243459358115 12.134718193254882 12.071554567550715
12.071554968546769 12.134718596417697 12.097243861288254 12.134718596417533 12.071554968546643
12.071555369542706 12.134718999580365 12.097244263218398 12.134718999580205 12.071555369542589
12.071555770538662 12.134719402743041 12.097244665148562 12.13471940274287 12.071555770538545
