0.7542454606658852 0.5927731353471383 0.5927731353471393 0.7542454606658865
1.0489879218541651 0.8621830527359531 0.862183052735954 1.0489879218541667
1.347808851824282 1.1513794217312612 1.1513794217312616 1.3478088518242834
1.672811081955325 1.4727550473851918 1.4727550473851927 1.6728110819553246
2.0337250398515136 1.8324571232220817 1.8324571232220812 2.0337250398515145
2.436036498623352 2.234678037382208 2.234678037382209 2.4360364986233503
2.882515614153504 2.6818585657813196 2.681858565781319 2.8825156141535015
3.373379221061787 3.174295827402385 3.1742958274023865 3.3733792210617843
3.906119114155037 3.709717042661648 3.7097170426616444 3.90611911415503
4.475360879030101 4.283004793276438 4.283004793276434 4.475360879030097
5.072944335259498 4.886196040715047 4.886196040715043 5.072944335259493
5.688327207245121 5.508833324815442 5.508833324815435 5.688327207245105
6.309325404216477 6.138677012286358 6.138677012286348 6.309325404216456
6.9231104354008925 6.76270014460727 6.762700144607259 6.9231104354008695
7.517308828581898 7.368210102390094 7.368210102390083 7.517308828581871
8.08101602497348 7.943904079292166 7.9439040792921425 8.081016024973454
8.605560159026297 8.480683914671669 8.480683914671653 8.605560159026263
9.084918980220154 8.972122261632746 8.972122261632727 9.08491898022012
9.51577839585395 9.414559404577838 9.414559404577808 9.515778395853896
9.897293670756877 9.806887004525274 9.80688700452525 9.897293670756811
10.230655284270338 10.150120697011678 10.150120697011653 10.23065528427028
10.518567963732826 10.44687334162324 10.446873341623206 10.518567963732771
10.764732772726354 10.700823516437216 10.70082351643719 10.764732772726292
10.973391959694702 10.916243488293453 10.916243488293416 10.973391959694627
11.148966103429888 11.097619610837956 11.097619610837913 11.148966103429833
11.295789557039724 11.249373212735332 11.249373212735307 11.29578955703968
11.417935279582318 11.375673957293014 11.375673957292982 11.417935279582265
11.51911288353688 11.480329582762094 11.480329582762055 11.519112883536817
11.602621925591505 11.5667336750273 11.566733675027264 11.602621925591418
11.671343887059221 11.637854355903304 11.63785435590327 11.671343887059155
11.727759184425677 11.696249647196213 11.696249647196185 11.727759184425615
11.773978788662003 11.744098579718003 11.744098579717972 11.773978788661932
11.811782998474607 11.783240186586232 11.783240186586182 11.811782998474508
11.842662348710322 11.815215060633047 11.815215060633022 11.842662348710245
11.867857493181251 11.841306103994613 11.841306103994572 11.867857493181168
11.888396239567133 11.862576507478595 11.862576507478565 11.888396239567088
11.90512683100903 11.879903966911716 11.87990396691168 11.90512683100897
11.918747166571178 11.894010778286955 11.894010778286917 11.918747166571114
11.92983002025921 11.90548984597291 11.905489845972877 11.929830020259114
11.938844526988765 11.914826862982139 11.914826862982123 11.938844526988685
11.94617430729602 11.922419035455526 11.922419035455489 11.946174307295923
11.952132639049987 11.928590765511203 11.928590765511174 11.952132639049898
11.956975080534008 11.933606705464298 11.933606705464257 11.956975080533926
11.960909922784706 11.937682570955445 11.937682570955399 11.960909922784639
11.964106811526214 11.940994062948466 11.94099406294842 11.96410681152615
11.966703837590737 11.943684206503365 11.94368420650333 11.966703837590641
11.968813353632484 11.945869372258922 11.945869372258882 11.968813353632402
11.970526736571973 11.947644207198145 11.947644207198103 11.970526736571895
11.97191828068506 11.94908566576453 11.949085665764494 11.971918280684978
11.973048375967094 11.950256301192793 11.95025630119276 11.973048375967
11.973966100307273 11.951206949996156 11.951206949996104 11.973966100307186
11.974711331818305 11.951978919637714 11.951978919637686 11.974711331818238
11.975316468981273 11.952605770104453 11.952605770104421 11.975316468981188
11.975807830651606 11.953114763958723 11.95311476395868 11.975807830651515
11.976206795000984 11.95352804602481 11.953528046024772 11.976206795000914
11.97653072574165 11.953863602768736 11.953863602768687 11.976530725741563
11.976793725140903 11.95413604228105 11.954136042281027 11.976793725140814
11.97700724607172 11.954357228255843 11.954357228255809 11.977007246071635
11.977180589391315 11.954536795194427 11.954536795194395 11.97718058939124
11.977321308068733 11.954682567019903 11.954682567019864 11.977321308068658
11.977435535502815 11.954800897166667 11.954800897166635 11.977435535502755
11.977528252223737 11.954896944845627 11.954896944845608 11.977528252223651
11.977603502523465 11.9549748994441 11.954974899444048 11.977603502523387
11.977664570403972 11.955038162784335 11.955038162784291 11.977664570403908
11.977714122474465 11.955089497146759 11.955089497146707 11.977714122474389
11.977754324001314 11.955131145482813 11.955131145482772 11.977754324001225
11.977786933151265 11.955164929038794 11.955164929038741 11.977786933151204
11.977813377522997 11.955192326633036 11.955192326632993 11.977813377522907
11.977834816294136 11.955214539032644 11.95521453903259 11.977834816294054
11.97785219068696 11.955232541229492 11.955232541229435 11.977852190686878
11.977866264947009 11.955247124889075 11.955247124889047 11.977866264946908
11.977877659618013 11.955258932819529 11.955258932819492 11.97787765961794
11.977886878561451 11.95526848696005 11.955268486960005 11.977886878561375
11.977894330895593 11.955276211107591 11.955276211107568 11.977894330895511
11.977900348810095 11.95528244937036 11.955282449370321 11.977900348810014
11.977905202031014 11.955287481151785 11.955287481151757 11.977905202030925
11.977909109565843 11.955291533317139 11.955291533317094 11.977909109565761
11.977912249240577 11.955294790072521 11.955294790072482 11.977912249240472
11.977914765443018 11.955297400986282 11.955297400986236 11.977914765442959
11.977916775410657 11.955299487502096 11.955299487502074 11.977916775410572
11.977918374335673 11.955301148227631 11.955301148227607 11.977918374335582
11.9779196395104 11.95530246322836 11.955302463228325 11.97791963951033
11.977920633693264 11.95530349751435 11.95530349751431 11.977920633693168
11.977921407841494 11.95530430387117 11.955304303871127 11.977921407841409
11.977922003330448 11.95530492515865 11.955304925158604 11.977922003330365
11.977922453755259 11.955305396177216 11.955305396177186 11.977922453755138
11.977922786393698 11.955305745183475 11.955305745183448 11.977922786393629
11.977923023394458 11.955305995120643 11.955305995120614 11.977923023394364
11.977923182741202 11.955306164617685 11.955306164617667 11.97792318274111
11.97792327903603 11.955306268800596 11.955306268800552 11.977923279035936
11.977923324135187 11.95530631995102 11.95530631995097 11.977923324135118
11.977923327665588 11.95530632804123 11.955306328041186 11.977923327665517
11.977923297443864 11.955306301168273 11.955306301168237 11.977923297443743
11.977923239816638 11.955306245906646 11.955306245906607 11.977923239816562
11.977923159937372 11.955306167594541 11.955306167594498 11.97792315993729
11.97792306199029 11.955306070566388 11.955306070566333 11.977923061990221
11.977922949372903 11.955305958341576 11.955305958341542 11.977922949372825
11.977922824843791 11.955305833777658 11.955305833777619 11.977922824843713
11.977922690642844 11.955305699194907 11.955305699194852 11.97792269064277
11.977922548588777 11.95530555647725 11.955305556477215 11.9779225485887
11.977922400158286 11.955305407154402 11.955305407154375 11.977922400158214
11.977922246550394 11.955305252468385 11.95530525246835 11.977922246550298
11.977922088738634 11.955305093427693 11.955305093427667 11.977922088738557
11.977921927513561 11.955304930851195 11.955304930851163 11.977921927513478
11.977921763516953 11.955304765403755 11.955304765403715 11.977921763516873
11.977921597270006 11.95530459762523 11.955304597625188 11.977921597269937
11.977921429195879 11.955304427953958 11.955304427953914 11.977921429195794
11.977921259638153 11.955304256745846 11.955304256745816 11.977921259638068
11.977921088875773 11.955304084289896 11.955304084289855 11.977921088875714
11.977920917135329 11.95530391082075 11.955303910820705 11.977920917135235
11.977920744600663 11.955303736528908 11.955303736528869 11.977920744600585
11.97792057142118 11.955303561569094 11.955303561569057 11.977920571421086
11.977920397718085 11.955303386066907 11.955303386066882 11.977920397717998
11.977920223589868 11.955303210124335 11.955303210124296 11.97792022358979
11.977920049116474 11.955303033824196 11.955303033824151 11.977920049116383
11.977919874362783 11.955302857233711 11.955302857233667 11.977919874362701
11.977919699381523 11.955302680407481 11.955302680407447 11.977919699381449
11.977919524215476 11.955302503389854 11.955302503389811 11.977919524215405
11.977919348899414 11.955302326216803 11.955302326216769 11.977919348899325
11.97791917346152 11.955302148917553 11.955302148917507 11.977919173461435
11.977918997924702 11.95530197151584 11.955301971515814 11.977918997924624
11.977918822307576 11.955301794030952 11.955301794030913 11.97791882230749
11.977918646625238 11.9553016164785 11.955301616478467 11.977918646625161
11.977918470889962 11.955301438871196 11.955301438871173 11.977918470889877
11.977918295111692 11.955301261219368 11.955301261219338 11.977918295111605
11.977918119298518 11.955301083531378 11.95530108353134 11.977918119298426
11.977917943456987 11.955300905814035 11.955300905813994 11.9779179434569
11.977917767592446 11.955300728072846 11.955300728072801 11.977917767592366
11.97791759170922 11.955300550312286 11.955300550312263 11.977917591709154
11.977917415810825 11.955300372536033 11.955300372535982 11.977917415810758
11.977917239900126 11.955300194747005 11.955300194746968 11.977917239900048
11.977917063979419 11.95530001694763 11.955300016947593 11.977917063979332
11.977916888050599 11.955299839139839 11.955299839139794 11.977916888050512
11.977916712115148 11.95529966132523 11.955299661325192 11.977916712115093
11.977916536174392 11.955299483505048 11.955299483505014 11.977916536174304
11.977916360229282 11.955299305680384 11.95529930568035 11.977916360229194
11.977916184280616 11.955299127852077 11.955299127852037 11.977916184280547
11.977916008329109 11.955298950020778 11.95529895002075 11.97791600832903
11.977915832375277 11.955298772187092 11.955298772187058 11.9779158323752
11.977915656419567 11.955298594351461 11.955298594351413 11.977915656419489
11.977915480462325 11.955298416514205 11.955298416514175 11.977915480462237
11.977915304503817 11.955298238675677 11.955298238675649 11.977915304503728
11.97791512854431 11.955298060836109 11.955298060836084 11.977915128544227
11.977914952584003 11.955297882995714 11.95529788299566 11.977914952583902
11.977914776622988 11.955297705154601 11.955297705154567 11.97791477662292
11.97791460066145 11.955297527312931 11.955297527312894 11.97791460066139
11.97791442469949 11.955297349470815 11.955297349470767 11.97791442469943
11.977914248737182 11.955297171628317 11.95529717162829 11.977914248737088
11.977914072774547 11.955296993785542 11.955296993785504 11.977914072774487
11.977913896811721 11.95529681594252 11.955296815942484 11.97791389681165
11.977913720848694 11.955296638099302 11.95529663809927 11.977913720848628
11.977913544885507 11.955296460255925 11.955296460255893 11.977913544885443
11.977913368922207 11.955296282412426 11.955296282412382 11.977913368922135
11.977913192958823 11.955296104568811 11.955296104568777 11.977913192958722
11.977913016995316 11.955295926725112 11.955295926725086 11.977913016995233
11.977912841031774 11.955295748881355 11.955295748881321 11.97791284103168
11.97791266506815 11.955295571037553 11.955295571037503 11.977912665068073
11.977912489104506 11.955295393193685 11.955295393193644 11.977912489104437
11.977912313140836 11.955295215349787 11.955295215349762 11.977912313140754
11.977912137177146 11.955295037505872 11.95529503750584 11.977912137177064
11.977911961213405 11.955294859661953 11.955294859661908 11.977911961213337
11.977911785249681 11.955294681817989 11.955294681817943 11.9779117852496
11.977911609285947 11.955294503974015 11.95529450397397 11.977911609285853
11.977911433322173 11.95529432613003 11.955294326129987 11.977911433322056
11.977911257358379 11.95529414828604 11.955294148285983 11.977911257358299
11.977911081394604 11.955293970442035 11.955293970441993 11.977911081394526
11.977910905430798 11.95529379259803 11.955293792598004 11.977910905430733
11.977910729467029 11.955293614754027 11.955293614753987 11.977910729466947
11.977910553503232 11.955293436910004 11.955293436909978 11.977910553503154
11.977910377539434 11.955293259066012 11.955293259065973 11.977910377539352
11.977910201575636 11.955293081222008 11.95529308122195 11.977910201575568
11.977910025611873 11.955292903377979 11.955292903377945 11.977910025611767
11.977909849648073 11.955292725533964 11.955292725533946 11.977909849647979
11.977909673684271 11.955292547689961 11.955292547689929 11.977909673684199
11.977909497720516 11.955292369845974 11.955292369845925 11.97790949772041
11.977909321756686 11.955292192001957 11.955292192001915 11.977909321756627
11.977909145792902 11.95529201415795 11.95529201415792 11.977909145792834
11.977908969829134 11.955291836313947 11.955291836313915 11.97790896982905
11.97790879386536 11.955291658469948 11.955291658469912 11.977908793865266
11.97790861790158 11.955291480625965 11.95529148062591 11.977908617901488
11.977908441937771 11.95529130278195 11.955291302781914 11.977908441937712
11.977908265974001 11.95529112493796 11.95529112493792 11.977908265973937
11.977908090010247 11.955290947093982 11.955290947093944 11.977908090010159
11.977907914046478 11.955290769249975 11.955290769249947 11.9779079140464
11.9779077380827 11.955290591406014 11.955290591405962 11.977907738082633
11.977907562118935 11.955290413562006 11.955290413561968 11.977907562118862
11.977907386155175 11.955290235718028 11.95529023571799 11.977907386155104
11.977907210191415 11.955290057874056 11.955290057874015 11.97790721019134
11.977907034227663 11.955289880030087 11.955289880030024 11.977907034227579
11.977906858263902 11.955289702186102 11.95528970218606 11.977906858263825
11.977906682300157 11.95528952434212 11.955289524342092 11.977906682300079
11.977906506336408 11.95528934649815 11.955289346498118 11.977906506336314
11.977906330372633 11.95528916865419 11.955289168654149 11.977906330372567
11.977906154408911 11.955288990810223 11.955288990810178 11.977906154408817
11.977905978445184 11.955288812966266 11.955288812966232 11.97790597844508
11.977905802481416 11.9552886351223 11.95528863512226 11.977905802481331
11.977905626517666 11.955288457278327 11.955288457278304 11.977905626517593
11.977905450553951 11.95528827943437 11.955288279434342 11.977905450553852
11.977905274590183 11.955288101590435 11.955288101590389 11.977905274590123
11.977905098626483 11.955287923746484 11.955287923746459 11.977905098626405
11.97790492266275 11.955287745902549 11.95528774590251 11.977904922662674
11.97790474669903 11.955287568058608 11.955287568058568 11.97790474669895
11.977904570735294 11.955287390214671 11.955287390214632 11.977904570735225
11.977904394771581 11.955287212370727 11.955287212370688 11.977904394771503
11.977904218807861 11.955287034526792 11.955287034526755 11.977904218807787
11.97790404284412 11.955286856682841 11.955286856682807 11.977904042844052
11.977903866880425 11.955286678838922 11.95528667883888 11.977903866880347
11.977903690916714 11.955286500994998 11.955286500994948 11.97790369091664
11.977903514953042 11.955286323151062 11.955286323151038 11.977903514952944
11.977903338989309 11.955286145307142 11.955286145307124 11.977903338989229
11.977903163025621 11.955285967463244 11.955285967463196 11.977903163025546
11.977902987061917 11.955285789619316 11.95528578961929 11.97790298706184
11.977902811098186 11.955285611775391 11.955285611775356 11.977902811098124
11.97790263513451 11.955285433931465 11.955285433931445 11.977902635134425
11.977902459170831 11.955285256087581 11.955285256087526 11.977902459170748
11.977902283207133 11.95528507824365 11.955285078243616 11.97790228320705
11.977902107243436 11.955284900399754 11.955284900399711 11.977902107243365
11.977901931279765 11.955284722555856 11.955284722555824 11.977901931279668
11.977901755316092 11.955284544711944 11.95528454471191 11.977901755315997
11.977901579352412 11.955284366868053 11.955284366868018 11.977901579352315
11.977901403388717 11.955284189024162 11.955284189024118 11.977901403388636
11.977901227425045 11.955284011180265 11.955284011180217 11.97790122742497
11.9779010514614 11.955283833336374 11.955283833336333 11.977901051461288
11.977900875497715 11.955283655492494 11.955283655492444 11.97790087549762
11.977900699534029 11.955283477648598 11.95528347764857 11.977900699533947
11.97790052357037 11.955283299804725 11.955283299804695 11.977900523570291
11.977900347606697 11.955283121960848 11.955283121960807 11.977900347606631
11.977900171643041 11.955282944116963 11.955282944116925 11.977900171642977
11.977899995679401 11.9552827662731 11.955282766273049 11.97789999567932
11.97789981971575 11.955282588429233 11.955282588429181 11.97789981971567
11.977899643752092 11.955282410585358 11.95528241058531 11.977899643752007
11.977899467788424 11.955282232741492 11.955282232741457 11.977899467788358
11.977899291824798 11.955282054897623 11.955282054897586 11.977899291824711
11.977899115861147 11.955281877053768 11.955281877053723 11.977899115861064
11.977898939897496 11.955281699209896 11.955281699209849 11.977898939897429
11.977898763933862 11.955281521366047 11.955281521366008 11.977898763933785
11.977898587970218 11.955281343522204 11.955281343522156 11.977898587970154
11.977898412006622 11.955281165678349 11.955281165678308 11.97789841200652
11.977898236042982 11.955280987834492 11.955280987834467 11.977898236042885
11.97789806007934 11.955280809990645 11.955280809990612 11.977898060079271
11.97789788411574 11.955280632146799 11.955280632146769 11.977897884115634
11.977897708152094 11.955280454302956 11.955280454302942 11.977897708152005
11.977897532188457 11.955280276459124 11.955280276459096 11.977897532188381
11.977897356224847 11.95528009861529 11.955280098615262 11.977897356224767
11.97789718026123 11.955279920771469 11.955279920771428 11.977897180261156
11.977897004297617 11.955279742927617 11.955279742927596 11.97789700429754
11.977896828334012 11.955279565083796 11.955279565083764 11.977896828333925
11.977896652370394 11.955279387239969 11.955279387239935 11.977896652370323
11.977896476406785 11.955279209396151 11.955279209396105 11.977896476406725
11.9778963004432 11.955279031552331 11.955279031552289 11.977896300443124
11.977896124479598 11.95527885370851 11.95527885370847 11.977896124479527
11.97789594851598 11.955278675864701 11.955278675864662 11.977895948515911
11.977895772552385 11.955278498020872 11.955278498020842 11.977895772552294
11.977895596588803 11.955278320177067 11.955278320177024 11.977895596588713
11.977895420625183 11.955278142333249 11.955278142333206 11.977895420625122
11.977895244661616 11.95527796448945 11.955277964489412 11.977895244661527
11.977895068698006 11.955277786645631 11.955277786645611 11.977895068697942
11.977894892734453 11.955277608801847 11.955277608801808 11.977894892734353
11.97789471677085 11.955277430958029 11.95527743095801 11.977894716770784
11.977894540807277 11.955277253114254 11.955277253114206 11.977894540807199
11.977894364843705 11.95527707527045 11.955277075270422 11.977894364843616
11.97789418888014 11.95527689742666 11.955276897426618 11.977894188880047
11.977894012916549 11.955276719582875 11.955276719582837 11.977894012916481
11.977893836952987 11.95527654173909 11.95527654173906 11.97789383695292
11.977893660989432 11.955276363895328 11.955276363895287 11.97789366098935
11.977893485025884 11.95527618605154 11.95527618605149 11.977893485025772
11.977893309062319 11.955276008207763 11.95527600820772 11.97789330906222
11.977893133098725 11.955275830363975 11.955275830363938 11.97789313309867
11.977892957135174 11.955275652520209 11.955275652520161 11.977892957135104
11.977892781171628 11.95527547467643 11.955275474676398 11.977892781171553
11.977892605208066 11.955275296832673 11.955275296832632 11.977892605207998
11.97789242924453 11.955275118988903 11.95527511898888 11.977892429244463
11.977892253280993 11.955274941145138 11.955274941145108 11.97789225328091
11.97789207731743 11.955274763301379 11.955274763301336 11.97789207731737
11.977891901353908 11.955274585457621 11.955274585457587 11.977891901353813
11.977891725390359 11.955274407613867 11.955274407613828 11.977891725390291
11.97789154942684 11.955274229770103 11.955274229770074 11.977891549426753
11.977891373463292 11.955274051926379 11.95527405192633 11.977891373463194
11.977891197499776 11.955273874082625 11.955273874082579 11.977891197499678
11.977891021536246 11.955273696238871 11.955273696238837 11.977891021536141
11.977890845572688 11.955273518395119 11.95527351839509 11.97789084557262
11.97789066960919 11.955273340551383 11.95527334055135 11.977890669609103
11.977890493645672 11.955273162707655 11.955273162707611 11.97789049364558
11.977890317682139 11.95527298486392 11.955272984863893 11.977890317682066
11.977890141718621 11.95527280702019 11.95527280702015 11.977890141718547
11.97788996575511 11.95527262917645 11.955272629176406 11.977889965755029
11.977889789791593 11.95527245133273 11.9552724513327 11.977889789791526
11.97788961382811 11.955272273489012 11.95527227348897 11.977889613828006
11.977889437864588 11.955272095645288 11.95527209564525 11.977889437864503
11.977889261901097 11.955271917801571 11.955271917801532 11.977889261901014
11.977889085937578 11.955271739957846 11.955271739957823 11.977889085937504
11.977888909974089 11.955271562114136 11.955271562114106 11.977888909974011
11.977888734010593 11.955271384270423 11.955271384270384 11.977888734010511
11.977888558047098 11.955271206426707 11.955271206426685 11.97788855804702
11.977888382083604 11.955271028582992 11.955271028582967 11.977888382083526
11.977888206120122 11.95527085073929 11.955270850739264 11.977888206120028
11.977888030156638 11.955270672895592 11.955270672895555 11.977888030156533
11.977887854193146 11.955270495051899 11.955270495051852 11.977887854193051
11.977887678229669 11.955270317208216 11.955270317208173 11.977887678229585
11.977887502266192 11.955270139364519 11.95527013936448 11.977887502266114
