0.6471818490495875 0.5349774306650332 0.5347983872456146 0.5349774306650292 0.6471818490495825
0.8387454534158869 0.6934104515793894 0.6907697958381113 0.6934104515793856 0.8387454534158805
1.0057056549906471 0.8381791330252913 0.8329479185451587 0.8381791330252857 1.00570565499064
1.1652153207567884 0.9819079572072925 0.9742130959944219 0.9819079572072855 1.1652153207567784
1.3243710331138858 1.129304233732168 1.1193575428877833 1.1293042337321586 1.3243710331138745
1.4872547808637178 1.2829315438983186 1.270983062421632 1.2829315438983069 1.4872547808637027
1.6566307279312438 1.4445476585869792 1.4308556272291948 1.4445476585869654 1.6566307279312273
1.8345662020187437 1.6155481375077774 1.6003570164877672 1.615548137507764 1.8345662020187268
2.022716139935119 1.7971414694191643 1.780668382254888 1.7971414694191457 2.0227161399351
2.222470197550973 1.9904245115084354 1.9728530466825625 1.9904245115084138 2.2224701975509524
2.4350328503346907 2.19641510138807 2.1778944150327058 2.196415101388046 2.4350328503346645
2.661466556369377 2.4160638492775273 2.3967110576603785 2.4160638492774984 2.66146655636935
2.902712748480783 2.6502545108193383 2.630158834575038 2.6502545108193085 2.902712748480749
3.1595986773274727 2.8997973213419304 2.8790249552023677 2.899797321341893 3.1595986773274385
3.432834830445392 3.1654175495150416 3.144016637339579 3.1654175495149985 3.432834830445349
3.723005935879653 3.4477406095917575 3.4257459833157116 3.4477406095917082 3.7230059358796073
4.030557642594062 3.7472746898855913 3.724712205009153 3.7472746898855345 4.030557642594015
4.355780487043907 4.064391728226117 4.04128212816023 4.064391728226051 4.355780487043848
4.698792515911325 4.399307563592454 4.375669856629417 4.399307563592382 4.69879251591126
5.059521830419746 4.752062151208788 4.727916506148648 4.752062151208707 5.0595218304196745
5.437690279650285 5.1225008071937586 5.097870979649167 5.122500807193665 5.437690279650204
5.832799511993854 5.510257520874948 5.485172820401798 5.510257520874841 5.832799511993759
6.244120560800782 5.914741415827183 5.889238219620876 5.914741415827062 6.24412056080068
6.670688066561527 6.335127435593386 6.30925025085795 6.335127435593245 6.670688066561411
7.111300105274401 6.770352261503321 6.744154337688944 6.770352261503171 7.111300105274275
7.564524390692986 7.219116327533231 7.192659822428559 7.219116327533063 7.564524390692849
8.028711345414724 7.679892576899525 7.653248287296518 7.679892576899324 8.028711345414575
8.502014200348102 8.150942311390711 8.124188989335101 8.1509423113905 8.502014200347947
8.982415901570414 8.630338130713213 8.603561419320997 8.630338130712985 8.982415901570224
9.467762203904954 9.115993567609644 9.089284604773628 9.115993567609387 9.467762203904751
9.955799943554666 9.60569862477153 9.579152377242918 9.605698624771245 9.955799943554446
10.444219142002767 10.097160045629929 10.0708734482991 10.097160045629618 10.444219142002526
10.930697332351599 10.58804483752412 10.56211482172329 10.58804483752379 10.930697332351366
11.412944343201842 11.076025343199245 11.050546842304772 11.076025343198884 11.412944343201572
11.888745739967007 11.558824047672108 11.533888067477843 11.558824047671699 11.88874573996668
12.35600321270965 12.034256323515825 12.009948158639467 12.034256323515404 12.356003212709336
12.812770403812237 12.500269456877525 12.476667123306077 12.500269456877058 12.812770403811909
13.257282967139169 12.954976544628002 12.932149483388901 12.954976544627517 13.257282967138812
13.687982013295644 13.396684184879877 13.374692274103804 13.396684184879389 13.68798201329525
14.103530489076544 13.823913266489823 13.80280616036854 13.823913266489253 14.10353048907611
14.502822428981892 14.235412563064658 14.215229357950427 14.235412563064076 14.502822428981471
14.884985372312212 14.630165219948301 14.610934431445045 14.630165219947669 14.884985372311773
15.249376537212774 15.007388560417201 14.989128381814627 15.007388560416567 15.24937653721229
15.595573568001166 15.36652790937416 15.349246711799763 15.366527909373488 15.595573568000649
15.923360817927044 15.70724532761393 15.690942356056569 15.70724532761325 15.923360817926511
16.2327121979723 16.029404264413937 16.01407048115742 16.029404264413166 16.232712197971768
16.523771621560048 16.333051175456582 16.318670203031377 16.333051175455857 16.523771621559497
16.7968320175714 16.61839512722128 16.604944246117864 16.61839512722049 16.796832017570864
17.0523137844946 16.88578633172983 16.873237493123966 16.885786331729026 17.052313784494068
17.290743431759857 17.135694442006994 17.124015261914405 17.135694442006166 17.290743431759225
17.512733014079732 17.368687303540103 17.357842011517466 17.36868730353925 17.51273301407912
17.7189608225094 17.58541071346961 17.57536103567128 17.585410713468725 17.71896082250883
17.91015366092834 17.786569597863892 17.77727556055203 17.786569597863014 17.910153660927694
18.087070914993085 17.9729108861493 17.964331531358894 17.9729108861484 18.087070914992406
18.25049051606407 18.145208245817855 18.13730225564229 18.14520824581693 18.250490516063422
18.401196816805168 18.304248742775894 18.29697497260051 18.304248742774973 18.401196816804514
18.539970328071625 18.450821414019668 18.44413933800559 18.45082141401869 18.539970328070936
18.66757921714143 18.585707679162603 18.57957775343759 18.58570767916162 18.66757921714073
18.784772433353947 18.709673474116332 18.704057424562354 18.70967347411537 18.78477243335327
18.892274306463293 18.823462961770986 18.818324004124484 18.823462961770026 18.89227430646264
18.990780453046053 18.927793658396666 18.923096658716297 18.927793658395675 18.99078045304538
19.080954824755413 19.023352808240162 19.01906439175722 19.02335280823915 19.080954824754656
19.16342773694604 19.11079484010925 19.10688345616223 19.11079484010824 19.16342773694523
19.238794725337858 19.190739746571325 19.187175696821786 19.1907397465703 19.238794725337154
19.307616090389377 19.263772236986487 19.260527673491893 19.263772236985407 19.307616090388695
19.370417002665608 19.330441528514022 19.327490427549147 19.330441528513017 19.370417002664922
19.42768805675323 19.391261653337175 19.388579770154422 19.391261653336148 19.427688056752547
19.4798861754703 19.446712174780995 19.444276983811204 19.446712174779943 19.479886175469463
19.52743577974443 19.497239219126598 19.495029843468608 19.497239219125515 19.52743577974361
19.570730152258108 19.543256743315403 19.541253876757978 19.543256743314345 19.570730152257386
19.61013293457226 19.585147971116 19.583333795388533 19.585147971114942 19.610132934571606
19.645979707859006 19.623266941539544 19.62162504100055 19.623266941538485 19.645979707858192
19.67857961656854 19.65794012327568 19.656455398820896 19.657940123274614 19.678579616567806
19.70821700236501 19.689468057683168 19.68812664128549 19.689468057682078 19.70821700236423
19.735153022544125 19.718127000456498 19.71691617143458 19.718127000455443 19.735153022543418
19.75962723300925 19.744170538584516 19.743078642429644 19.744170538583447 19.75962723300851
19.781859120794508 19.767831164708753 19.766847535078444 19.767831164707655 19.781859120793754
19.80204957522583 19.789321795589938 19.788436679891685 19.789321795588844 19.802049575225162
19.820382290174294 19.808837225196015 19.808041714035053 19.80883722519492 19.8203822901735
19.83702509259791 19.82655550604384 19.825841466689333 19.826555506042688 19.83702509259705
19.852131194772696 19.842639254950264 19.841999268876304 19.84263925494919 19.852131194771932
19.865840369356153 19.857236881364415 19.85666418584871 19.857236881363306 19.865840369355492
19.878280047788316 19.870483738038963 19.86997217174419 19.87048373803789 19.87828004778758
19.889566343577478 19.882503195030047 19.882047147449356 19.882503195028917 19.889566343576732
19.89980500279637 19.893407638942737 19.89300200355999 19.893407638941657 19.899805002795546
19.909092284669445 19.903299400027127 19.902939531020518 19.903299400026018 19.909092284668624
19.917515775523537 19.912271610212645 19.911953282517278 19.912271610211526 19.917515775522777
19.925155139612308 19.920408995494626 19.920128368030788 19.92040899549354 19.925155139611626
19.93208281045908 19.927788606279755 19.92754218815169 19.927788606278636 19.93208281045835
19.93836462640669 19.934480489389948 19.934265108860508 19.93448048938883 19.938364626405892
19.944060414037796 19.940548305437826 19.940361081488167 19.940548305436728 19.944060414037036
19.949224523055236 19.946049895238243 19.94588821152725 19.94604989523714 19.94922452305442
19.953906316096198 19.95103779882715 19.950899279873354 19.95103779882604 19.953906316095402
19.958150616817797 19.95555973053168 19.955442219948058 19.95555973053058 19.958150616817026
19.961998119428436 19.95965901338639 19.95956055400764 19.959659013385277 19.96199811942767
19.96548576267318 19.963374976023104 19.963293791774955 19.963374976022042 19.9654857626724
19.968647071102684 19.966743314989706 19.966677794357928 19.966743314988605 19.968647071101916
19.97151246627928 19.96979642527205 19.969745106240083 19.969796425270967 19.971512466278483
19.974109550396395 19.972563701617492 19.972525257948934 19.972563701616437 19.97410955039557
19.976463364616105 19.975071813079143 19.975045041831443 19.975071813078003 19.976463364615316
19.978596624263826 19.977344953030748 19.977328763194812 19.977344953029593 19.97859662426297
19.980529932851823 19.97940506673778 19.97939846890587 19.97940506673668 19.980529932851027
19.98228197677564 19.981272058410205 19.981274155382007 19.981272058409083 19.982281976774804
19.983869702342435 19.98296397951644 19.982973957761914 19.982963979515358 19.983869702341686
19.985308476699863 19.984497199988294 19.98451432189043 19.984497199987185 19.985308476699124
19.986612234077455 19.98588656384038 19.98591016064896 19.98588656383934 19.986612234076656
19.987793608648477 19.98714553055889 19.987174995991214 19.987145530557797 19.98779360864766
19.988864055206793 19.988286303545138 19.98832108797638 19.988286303544044 19.98886405520603
19.989833958751856 19.989319946767687 19.989359551956323 19.98931994676656 19.989833958751063
19.990712733981457 19.990256490681134 19.990300464982262 19.990256490680032 19.990712733980672
19.991508915606396 19.99110502838366 19.991152962404765 19.99110502838259 19.991508915605635
19.99223024031991 19.99187380289654 19.991925325555837 19.991873802895448 19.992230240319053
19.992883721181446 19.99257028637315 19.992625061323896 19.99257028637204 19.992883721180657
19.9934757151096 19.993201251974416 19.993258974360803 19.993201251973254 19.993475715108758
19.994011984112518 19.993772839080243 19.99383323259542 19.99377283907911 19.99401198411176
19.994497750833883 19.994290612449028 19.994353426666425 19.994290612447937 19.994497750833194
19.99493774893444 19.994759615880703 19.994824623834006 19.994759615879623 19.99493774893371
19.995336268786765 19.99518442088917 19.99525141687792 19.99518442088809 19.99533626878593
19.995697198915256 19.995569170845158 19.995637968445028 19.995569170844025 19.995697198914502
19.99602406357593 19.99591762100735 19.995988051266128 19.995917621006257 19.996024063575163
19.996320056830836 19.996233174822798 19.996305084624286 19.996233174821665 19.996320056830005
19.996588073444478 19.99651891684106 19.996592167422712 19.996518916839957 19.996588073443743
19.996830736897195 19.996777642558044 19.99685210816632 19.996777642556893 19.996830736896456
19.99705042478067 19.99701188547235 19.99708745214427 19.997011885471252 19.997050424779907
19.997249291822214 19.997223941615523 19.997300506073923 19.997223941614436 19.99724929182138
19.997429290756624 19.997415891789228 19.997493360441393 19.997415891788105 19.9974292907558
19.997592191246707 19.99758962172389 19.997667909754227 19.9975896217228 19.997592191245968
19.99773959703441 19.99774684035279 19.99782587089982 19.997746840351677 19.997739597033586
19.997872961486365 19.99788909637589 19.99796879978684 19.997889096374767 19.997872961485587
19.997993601686254 19.99801779327439 19.998098106429484 19.998017793273274 19.997993601685533
19.99810271120694 19.998134202920077 19.998215068619796 19.998134202918937 19.998102711206116
19.99820137168667 19.9982394779101 19.998320844320304 19.99823947790904 19.998201371685905
19.99829056332261 19.99833466274757 19.998416482896154 19.998334662746476 19.998290563321813
19.99837117437995 19.998420703974222 19.998502935295434 19.998420703973146 19.998371174379123
19.998444009811003 19.99849845935476 19.99858106327575 19.99849845935366 19.998444009810267
19.998509799067307 19.998568706200295 19.998651647766746 19.998568706199222 19.998509799066536
19.99856920317836 19.998632148911987 19.99871539644876 19.998632148910904 19.998569203177603
19.99862282116819 19.998689425818036 19.99877295062139 19.998689425816938 19.99862282116746
19.998671195870134 19.998741115369427 19.998824891428598 19.99874111536836 19.998671195869374
19.998714819196337 19.998787741755574 19.99887174550007 19.998787741754498 19.998714819195555
19.998754136913675 19.998829779993077 19.99891399006365 19.99882977999199 19.998754136912854
19.998789552971424 19.998867660537545 19.998952057578947 19.998867660536458 19.998789552970663
19.99882143342416 19.9989017734632 19.998986339935918 19.998901773462073 19.998821433423362
19.99885010998528 19.998932472250306 19.999017192260606 19.998932472249212 19.998850109984488
19.998875883248964 19.998960077217873 19.999044936363113 19.998960077216754 19.998875883248147
19.998899025608743 19.998984878634033 19.999069863862857 19.998984878632925 19.99889902560798
19.998919783903187 19.999007139535063 19.999092239020605 19.99900713953394 19.99891978390246
19.99893838181301 19.999027098279708 19.999112301304816 19.999027098278617 19.99893838181225
19.99895502203334 19.99904497086445 19.99913026771744 19.99904497086335 19.998955022032536
19.99896988824247 19.999060953020965 19.99914633490133 19.999060953019868 19.998969888241692
19.99898314688611 19.99907522211739 19.99916068105041 19.999075222116264 19.998983146885333
19.998994948793737 19.99908793888106 19.999173467640208 19.99908793887992 19.998994948793
19.99900543064382 19.999099248959517 19.999184840996353 19.999099248958437 19.999005430643013
19.999014716291136 19.99910928433555 19.99919493371593 19.99910928433445 19.99901471629036
19.999022917970166 19.999118164608785 19.99920386595543 19.99911816460766 19.99902291796949
19.999030137385443 19.9991259981576 19.999211746597787 19.999125998156487 19.99903013738469
19.99903646669861 19.999132883192114 19.999218674310217 19.999132883190985 19.999036466697916
19.99904198942493 19.999138908707714 19.9992247385025 19.999138908706602 19.999041989424114
19.99904678124336 19.999144155350084 19.999230020195736 19.99914415534899 19.99904678124258
19.99905091073253 19.999148696198212 19.999234592809096 19.99914869619711 19.99905091073183
19.9990544400369 19.999152597474463 19.999238522873164 19.999152597473365 19.99905444003613
19.999057425469736 19.99915591918788 19.999241870676446 19.99915591918679 19.999057425468987
19.999059918061054 19.99915871571707 19.99924469085066 19.999158715716 19.99905991806021
19.999061964052636 19.999161036338652 19.999247032901806 19.99916103633756 19.999061964051812
19.999063605347658 19.99916292570567 19.999248941690777 19.99916292570455 19.999063605346894
19.999064879917956 19.999164424281552 19.999250457869447 19.99916442428048 19.999064879917142
19.999065822172216 19.999165568733282 19.999251618275377 19.999165568732163 19.999065822171406
19.999066463290923 19.999166392287393 19.999252456289913 19.999166392286323 19.999066463290063
19.999066831528715 19.999166925053046 19.999253002162252 19.999166925051927 19.999066831527948
19.99906695248963 19.999167194314072 19.999253283303364 19.999167194312975 19.99906695248881
19.999066849374962 19.999167224794668 19.99925332455241 19.99916722479357 19.99906684937414
19.99906654320924 19.999167038898985 19.999253148417946 19.999167038897927 19.99906654320841
19.99906605304426 19.999166656929205 19.99925277529658 19.999166656928093 19.999066053043485
19.999065396144527 19.999166097282522 19.999252223671192 19.999166097281428 19.999065396143653
19.999064588154074 19.999165376630017 19.999251510290474 19.99916537662888 19.999064588153292
19.99906364324976 19.999164510078433 19.999250650331565 19.999164510077378 19.999063643248927
19.99906257427774 19.999163511317416 19.99924965754765 19.99916351131628 19.999062574276923
19.99906139287912 19.99916239275171 19.99924854440146 19.999162392750602 19.999061392878335
19.9990601096027 19.999161165622503 19.99924732218624 19.999161165621366 19.999060109601928
19.999058734007463 19.99915984011605 19.999246001135912 19.999159840114935 19.99905873400672
19.99905727475565 19.99915842546293 19.9992445905239 19.99915842546183 19.999057274754843
19.999055739696374 19.999156930027606 19.99924309875367 19.999156930026523 19.999055739695624
19.999054135942753 19.99915536138981 19.999241533440085 19.999155361388716 19.99905413594198
19.99905246994014 19.999153726417944 19.999239901483726 19.999153726416846 19.999052469939382
19.99905074752935 19.999152031336052 19.99923820913752 19.999152031334955 19.99905074752857
19.999048974002918 19.999150281784154 19.999236462067692 19.999150281783056 19.999048974002196
19.999047154157157 19.999148482873114 19.999234665408984 19.999148482872044 19.999047154156422
19.999045292338025 19.999146639234237 19.99923282381417 19.999146639233135 19.99904529233729
19.999043392483898 19.999144755064215 19.999230941499583 19.99914475506313 19.99904339248309
19.99904145816347 19.9991428341661 19.999229022285895 19.999142834165042 19.99904145816268
19.99903949261075 19.999140879986054 19.999227069635356 19.99914087998494 19.9990394926099
19.999037498756124 19.9991388956468 19.999225086685218 19.999138895645714 19.999037498755353
19.999035479255205 19.999136883978263 19.99922307627852 19.999136883977137 19.999035479254463
19.99903343651442 19.99913484754461 19.999221040991504 19.9991348475435 19.999033436513635
19.99903137271431 19.99913278866959 19.9992189831586 19.999132788668494 19.999031372713496
19.999029289830748 19.999130709458868 19.999216904895345 19.99913070945775 19.999029289829984
19.999027189654516 19.999128611820517 19.99921480811861 19.99912861181941 19.99902718965369
19.999025073808003 19.999126497483562 19.999212694565653 19.999126497482475 19.999025073807196
19.9990229437616 19.999124368014858 19.999210565810433 19.99912436801374 19.999022943760817
19.999020800847696 19.999122224834213 19.999208423279445 19.999122224833116 19.999020800846935
19.999018646273772 19.999120069228212 19.999206268265254 19.999120069227097 19.999018646272926
19.999016481133623 19.99911790236275 19.999204101939196 19.99911790236164 19.999016481132838
19.999014306418925 19.99911572529424 19.999201925362627 19.999115725293144 19.999014306418097
19.99901212302787 19.99911353898008 19.999199739497353 19.999113538979017 19.999012123027114
19.999009931774697 19.999111344287854 19.99919754521497 19.999111344286753 19.999009931773976
19.999007733397146 19.99910914200363 19.99919534330527 19.999109142002514 19.999007733396375
19.99900552856372 19.999106932839798 19.999193134483917 19.999106932838643 19.999005528562893
19.999003317879993 19.999104717441785 19.999190919399403 19.999104717440694 19.9990033178792
19.99900110189514 19.999102496394734 19.999188698639475 19.99910249639361 19.999001101894294
19.998998881106267 19.999100270228556 19.999186472736646 19.999100270227448 19.998998881105596
19.998996655964632 19.999098039423615 19.99918424217351 19.99909803942252 19.998996655963815
19.998994426878266 19.999095804415244 19.99918200738728 19.99909580441415 19.998994426877495
19.99899219421747 19.999093565597864 19.999179768774354 19.999093565596734 19.998992194216683
19.99898995831764 19.999091323328816 19.99917752669372 19.99909132332773 19.998989958316866
19.99898771948274 19.999089077932087 19.9991752814708 19.99908907793101 19.99898771948194
19.99898547798805 19.999086829701174 19.99917303340043 19.99908682970002 19.998985477987322
19.99898323408331 19.99908457890189 19.99917078274983 19.999084578900764 19.998983234082605
19.99898098799467 19.99908232577531 19.999168529761114 19.999082325774218 19.99898098799393
19.99897873992709 19.99908007053986 19.99916627465368 19.99908007053877 19.998978739926287
19.998976490066102 19.999077813393402 19.999164017626374 19.99907781339235 19.998976490065314
19.998974238580125 19.99907555451535 19.999161758859323 19.999075554514228 19.998974238579347
19.99897198562161 19.999073294068054 19.99915949851578 19.999073294066964 19.99897198562086
19.998969731328813 19.99907103219892 19.999157236743766 19.9990710321978 19.99896973132806
19.99896747582693 19.999068769041276 19.999154973677253 19.999068769040182 19.998967475826145
19.99896521922938 19.99906650471605 19.999152709437755 19.999066504714932 19.998965219228594
19.998962961639002 19.999064239332938 19.999150444135324 19.9990642393318 19.998962961638256
19.998960703149063 19.99906197299106 19.999148177869788 19.999061972989974 19.998960703148242
19.998958443843918 19.999059705780507 19.99914591073147 19.9990597057794 19.998958443843097
19.99895618380008 19.999057437782778 19.99914364280234 19.999057437781662 19.99895618379922
19.99895392308677 19.99905516907172 19.999141374156615 19.99905516907066 19.998953923085995
19.998951661767073 19.99905289971438 19.99913910486152 19.999052899713295 19.998951661766302
19.998949399897764 19.99905062977135 19.99913683497798 19.999050629770238 19.99894939989698
19.998947137530415 19.999048359297674 19.999134564561363 19.999048359296545 19.99894713752966
19.998944874711924 19.999046088343068 19.999132293661557 19.999046088341935 19.99894487471111
19.998942611484434 19.999043816952717 19.999130022324007 19.99904381695161 19.998942611483663
19.998940347886442 19.999041545167515 19.999127750589782 19.999041545166445 19.998940347885732
19.998938083952826 19.99903927302465 19.99912547849619 19.999039273023524 19.998938083952048
19.998935819714987 19.99903700055751 19.99912320607688 19.99903700055643 19.998935819714216
19.99893355520153 19.99903472779672 19.999120933362452 19.99903472779564 19.998933555200747
19.998931290438314 19.999032454769793 19.999118660380663 19.999032454768685 19.998931290437543
19.998929025448792 19.999030181501688 19.99911638715664 19.999030181500586 19.9989290254481
19.998926760254363 19.999027908015112 19.999114113713016 19.999027908014 19.99892676025358
19.99892449487401 19.999025634330586 19.999111840070583 19.999025634329453 19.99892449487334
19.99892222932557 19.99902336046658 19.99910956624791 19.99902336046552 19.99892222932477
19.99891996362449 19.999021086440166 19.999107292261996 19.99902108643908 19.998919963623695
19.998917697785213 19.999018812266517 19.99910501812812 19.999018812265387 19.99891769778448
19.998915431820848 19.999016537959417 19.99910274386024 19.9990165379583 19.998915431820098
19.99891316574308 19.99901426353148 19.999100469470907 19.999014263530363 19.998913165742284
19.99891089956242 19.99901198899402 19.99909819497158 19.999011988992887 19.998910899561732
19.998908633288877 19.9990097143574 19.99909592037261 19.99900971435628 19.99890863328813
19.998906366930964 19.999007439630866 19.99909364568329 19.99900743962976 19.998906366930168
19.998904100496627 19.999005164822915 19.99909137091224 19.999005164821813 19.998904100495867
19.998901833993095 19.999002889941227 19.999089096067042 19.99900288994012 19.998901833992328
19.99889956742691 19.999000614992756 19.999086821154776 19.999000614991637 19.998899567426143
19.998897300803918 19.998998339983746 19.99908454618172 19.998998339982652 19.99889730080318
19.998895034129585 19.998996064919982 19.999082271153576 19.998996064918845 19.998895034128815
19.998892767408623 19.99899378980652 19.99907999607555 19.99899378980538 19.998892767407817
19.998890500645444 19.99899151464808 19.999077720952318 19.998991514646967 19.998890500644677
19.998888233844205 19.99898923944896 19.99907544578822 19.998989239447837 19.99888823384336
19.99888596700827 19.99898696421292 19.99907317058708 19.998986964211817 19.998885967007453
19.99888370014095 19.998984688943512 19.999070895352368 19.998984688942425 19.99888370014023
19.998881433245398 19.998982413643933 19.999068620087318 19.998982413642803 19.998881433244627
19.998879166324155 19.998980138316924 19.999066344794727 19.99898013831581 19.998879166323356
19.998876899379642 19.998977862965123 19.99906406947725 19.998977862964026 19.998876899378864
19.998874632414065 19.99897558759086 19.999061794137226 19.998975587589786 19.99887463241332
19.99887236542946 19.9989733121963 19.999059518776825 19.99897331219524 19.9988723654287
19.998870098427723 19.998971036783413 19.99905724339795 19.998971036782343 19.998870098426906
19.998867831410244 19.998968761353883 19.999054968002365 19.9989687613528 19.99886783140952
19.99886556437878 19.998966485909353 19.999052692591658 19.99896648590824 19.998865564377994
19.998863297334555 19.998964210451195 19.999050417167307 19.998964210450083 19.998863297333752
19.99886103027875 19.998961934980723 19.999048141730544 19.998961934979604 19.998861030277972
19.998858763212517 19.99895965949913 19.999045866282685 19.99895965949802 19.998858763211757
19.998856496136906 19.998957384007433 19.9990435908247 19.99895738400636 19.998856496136092
19.998854229052732 19.99895510850666 19.999041315357527 19.998955108505594 19.998854229051947
19.998851961960845 19.998952832997723 19.999039039882124 19.998952832996608 19.99885196196012
19.998849694862127 19.998950557481333 19.999036764399282 19.99895055748024 19.99884969486131
19.998847427756964 19.99894828195823 19.99903448890966 19.998948281957137 19.998847427756253
19.998845160646287 19.998946006429133 19.99903221341401 19.998946006428017 19.99884516064553
19.998842893530448 19.998943730894506 19.999029937912844 19.998943730893405 19.998842893529705
19.99884062641009 19.99894145535497 19.999027662406778 19.99894145535388 19.998840626409258
19.99883835928545 19.998939179811053 19.99902538689624 19.998939179809945 19.99883835928468
19.998836092157088 19.99893690426309 19.99902311138163 19.998936904262 19.99883609215635
19.998833825025415 19.99893462871152 19.99902083586347 19.99893462871046 19.99883382502468
19.998831557890814 19.998932353156764 19.999018560342044 19.998932353155695 19.99883155788998
19.99882929075337 19.998930077599148 19.9990162848177 19.99893007759804 19.998829290752578
19.998827023613494 19.998927802038885 19.999014009290775 19.998927802037745 19.998827023612744
19.99882475647151 19.998925526476217 19.999011733761403 19.998925526475112 19.99882475647072
19.998822489327498 19.998923250911506 19.999009458229946 19.998923250910376 19.998822489326734
19.998820222181774 19.99892097534489 19.99900718269664 19.99892097534377 19.998820222181042
19.99881795503454 19.99891869977662 19.999004907161655 19.998918699775523 19.998817955033754
19.998815687885873 19.998916424206904 19.999002631625167 19.998916424205746 19.998815687885095
19.998813420736084 19.99891414863577 19.999000356087333 19.998914148634626 19.998813420735196
19.99881115358489 19.99891187306346 19.998998080548276 19.998911873062347 19.998811153584214
19.998808886433043 19.998909597490133 19.998995805008192 19.998909597489035 19.99880888643227
19.998806619280273 19.998907321915883 19.99899352946718 19.99890732191479 19.99880661927943
19.99880435212665 19.99890504634082 19.998991253925396 19.998905046339736 19.99880435212587
19.99880208497247 19.998902770765056 19.998988978382833 19.998902770763966 19.998802084971675
19.99879981781766 19.998900495188675 19.99898670283967 19.99890049518753 19.998799817816888
19.998797550662342 19.998898219611707 19.998984427295902 19.998898219610624 19.998797550661603
19.998795283506613 19.998895944034324 19.99898215175175 19.9988959440332 19.998795283505906
