0.6730069691868885 0.5609152197759317 0.5594151053029527 0.5594151053029525 0.5609152197759326 0.6730069691868892
0.8808641448422566 0.7368702484287628 0.7297696219487266 0.7297696219487281 0.7368702484287641 0.8808641448422576
1.0638370940385746 0.9003213636168416 0.8873851783416326 0.8873851783416349 0.9003213636168445 1.063837094038576
1.240090736148356 1.0645285699015736 1.0461690901323797 1.0461690901323824 1.064528569901578 1.2400907361483575
1.4175248458511343 1.2346448497788518 1.2114020927609248 1.2114020927609288 1.2346448497788574 1.4175248458511365
1.600860463793509 1.4136146288214475 1.3860015351979 1.386001535197906 1.413614628821457 1.6008604637935104
1.793336975713753 1.6035122460744922 1.5719716564331074 1.5719716564331143 1.6035122460745033 1.7933369757137563
1.9973453164711596 1.8059747272889617 1.770874549923276 1.7708745499232874 1.8059747272889757 1.9973453164711636
2.2147239691296225 2.02236425422557 1.9840060041627048 1.9840060041627146 2.0223642542255864 2.214723969129626
2.446910353831634 2.2538288730312006 2.212460604919387 2.2124606049193996 2.253828873031222 2.4469103538316372
2.695017317004608 2.5013180911913606 2.457148307439014 2.4571483074390317 2.5013180911913855 2.6950173170046114
2.959866669289645 2.7655759315866266 2.718787100206323 2.718787100206343 2.7655759315866555 2.959866669289648
3.2419971266569116 3.0471219844412762 2.997883082318743 2.997883082318764 3.0471219844413096 3.241997126656915
3.5416573529151165 3.3462263742385994 3.2947041643711796 3.2947041643712094 3.346226374238638 3.541657352915118
3.8587914398448944 3.662882722574691 3.6092515708683437 3.6092515708683743 3.6628827225747385 3.8587914398448926
4.193022346271503 3.9967824634800215 3.941232521083075 3.9412325210831147 3.9967824634800784 4.193022346271513
4.543637750265191 4.3472935622106785 4.290037137646662 4.290037137646705 4.347293562210741 4.543637750265192
4.909582023025803 4.713446474837728 4.654722424755974 4.654722424756018 4.7134464748377995 4.909582023025802
5.289457360543018 5.093929890675742 5.034005884652825 5.034005884652877 5.093929890675826 5.289457360543015
5.681536366267544 5.4870983285492985 5.426270899786626 5.4262708997866875 5.487098328549393 5.681536366267539
6.0837874971528745 5.890992972298626 5.82958535327213 5.829585353272203 5.890992972298735 6.08378749715287
6.493913762187521 6.303376240929225 6.241734095751787 6.241734095751864 6.303376240929346 6.493913762187524
6.909403946756678 6.72177955043772 6.660264842948957 6.660264842949038 6.721779550437862 6.909403946756683
7.327594519807048 7.143562632702931 7.082545995953299 7.082545995953397 7.143562632703084 7.327594519807041
7.74573938047672 7.565981752770276 7.505833834560369 7.505833834560475 7.565981752770443 7.745739380476712
8.16108383571467 7.986263336406473 7.927345670833308 7.9273456708334225 7.9862633364066475 8.161083835714654
8.570938768436424 8.401678995380513 8.34433497988007 8.344334979880196 8.401678995380713 8.570938768436413
8.972750913521779 8.809617791134757 8.75416432660639 8.754164326606523 8.809617791134977 8.97275091352178
9.36416550937076 9.20765182852467 9.154372108624836 9.154372108624976 9.207651828524902 9.364165509370753
9.743078283774185 9.593591883616426 9.542729707249542 9.542729707249695 9.593591883616668 9.74307828377418
10.107674667464112 9.965530657078594 9.917286499947926 9.917286499948096 9.965530657078856 10.10767466746406
10.456455183145327 10.321872288525899 10.276401222476869 10.276401222477027 10.32187228852618 10.456455183145325
10.788247003810024 10.661347837274503 10.618759246865555 10.618759246865737 10.661347837274802 10.788247003810001
11.102202599594827 10.983017412138471 10.943376340239906 10.943376340240095 10.98301741213878 11.102202599594781
11.397787116437465 11.286260425808662 11.249590293193632 11.249590293193842 11.28626042580899 11.39778711643742
11.674756609665197 11.570756004062737 11.537042395754861 11.537042395755064 11.570756004063085 11.674756609665161
11.933129486217176 11.836455881311432 11.805651073845207 11.805651073845421 11.836455881311805 11.933129486217114
12.173153515816448 12.083552179738492 12.055580093701522 12.05558009370174 12.083552179738877 12.173153515816393
12.395270599659824 12.312442340965115 12.28720363521356 12.287203635213793 12.312442340965507 12.395270599659789
12.600081189969119 12.523693210559754 12.50107028055196 12.501070280552202 12.523693210560165 12.600081189969037
12.78830988975947 12.718005922860144 12.697867618288626 12.697867618288864 12.71800592286056 12.788309889759411
12.960773377179647 12.896182847101812 12.87838877729125 12.8783887772915 12.896182847102224 12.960773377179613
13.118351429762821 13.059097476305787 13.04350182116662 13.043501821166883 13.05909747630622 13.11835142976276
13.261961496001256 13.207667796411286 13.194122583230458 13.194122583230708 13.207667796411716 13.261961496001147
13.39253698882474 13.342833381820913 13.331191222439509 13.331191222439784 13.342833381821373 13.39253698882463
13.511009262695742 13.465536232095824 13.455652540826003 13.455652540826295 13.465536232096298 13.511009262695662
13.618293081295434 13.576705192769152 13.568439923311978 13.56843992331225 13.576705192769612 13.618293081295326
13.715275280010996 13.677243685920017 13.670462636610694 13.67046263661096 13.677243685920494 13.715275280010903
13.802806268213525 13.768020405215493 13.762596147420298 13.762596147420599 13.76802040521596 13.802806268213427
13.8816939914878 13.849862596434484 13.845675082151878 13.84567508215216 13.849862596434969 13.881693991487749
13.952699974762359 13.92355153899024 13.920488441868084 13.920488441868377 13.92355153899076 13.952699974762313
14.01653708588794 13.989819858486907 13.987776698593263 13.987776698593548 13.989819858487422 14.016537085887826
14.073868689155237 14.049350327963925 14.048230425572447 14.04823042557276 14.049350327964417 14.073868689155157
14.125308894401378 14.102775850660464 14.102490148678779 14.102490148679074 14.102775850660938 14.125308894401304
14.1714236459041 14.150680355664749 14.151147144608117 14.151147144608407 14.150680355665244 14.171423645904012
14.212732433494326 14.19360037667243 14.19474495058812 14.194744950588417 14.193600376672972 14.212732433494253
14.249710444431441 14.232027121221847 14.233781387896578 14.233781387896892 14.232027121222343 14.249710444431402
14.282791007508195 14.266408871933491 14.268710936180518 14.268710936180828 14.266408871934019 14.282791007508145
14.31236821004335 14.297153591783747 14.299947326647192 14.299947326647493 14.297153591784264 14.312368210043278
14.338799593720223 14.324631632028128 14.32786624936255 14.327866249362854 14.324631632028652 14.338799593720172
14.362408856732683 14.349178464106643 14.352808093152854 14.352808093153149 14.34917846410714 14.362408856732566
14.383488507666758 14.371097375923473 14.3750806561643 14.375080656164613 14.371097375924005 14.383488507666712
14.40230243132418 14.390662088637551 14.394961781318715 14.394961781319035 14.390662088638075 14.402302431324111
14.419088338658765 14.408119262901293 14.41270188408705 14.412701884087358 14.408119262901803 14.419088338658675
14.434060082551294 14.423690873743931 14.428526350585429 14.428526350585742 14.42369087374449 14.434060082551207
14.447409828647736 14.437576441386682 14.442637792360642 14.442637792360937 14.437576441387208 14.447409828647647
14.459310076279863 14.44995511155513 14.455218150735135 14.455218150735455 14.44995511155567 14.459310076279793
14.469915528876037 14.460987583637046 14.466430648544787 14.466430648545092 14.460987583637564 14.469915528875909
14.47936481651322 14.470817888591485 14.47642159080821 14.476421590808528 14.470817888592007 14.479364816513176
14.487782075591527 14.47957502109389 14.48532201856064 14.485322018560963 14.4795750210944 14.487782075591495
14.495278392210514 14.48737443219541 14.493249221969409 14.493249221969709 14.487374432195944 14.495278392210414
14.501953116859932 14.494319389955804 14.500308120099083 14.500308120099396 14.494319389956335 14.501953116859855
14.507895058629892 14.500502216211657 14.506592515451365 14.506592515451686 14.500502216212194 14.507895058629778
14.513183567399949 14.506005407984722 14.512186231784364 14.512186231784659 14.506005407985244 14.513183567399832
14.517889512479906 14.510902652100112 14.517164143812716 14.51716414381305 14.510902652100647 14.517889512479794
14.522076165998653 14.51525974145546 14.521593107279164 14.521593107279482 14.515259741456033 14.522076165998602
14.52579999903915 14.519135401105519 14.525532797625702 14.525532797626013 14.519135401106054 14.52579999903906
14.529111398129272 14.522582031956832 14.529036465132105 14.529036465132409 14.52258203195737 14.529111398129173
14.532055309258865 14.525646379433526 14.532151613957717 14.532151613958032 14.525646379434042 14.532055309258755
14.534671816120992 14.528370134004605 14.534920612056434 14.534920612056759 14.52837013400512 14.53467181612093
14.53699665879505 14.53079046997943 14.537381238448136 14.53738123844845 14.530790469979957 14.536996658794996
14.53906169860852 14.532940528491004 14.53956717384146 14.539567173841778 14.532940528491553 14.539061698608448
14.540895334448136 14.534849850110977 14.541508440124547 14.541508440124865 14.534849850111518 14.54089533444806
14.542522875341216 14.53654476208135 14.543231793776405 14.543231793776693 14.536544762081919 14.542522875341117
14.543966873702486 14.53804872471189 14.544761077811792 14.544761077812108 14.538048724712423 14.543966873702379
14.545247423242074 14.539382641080188 14.546117536457118 14.546117536457434 14.539382641080692 14.545247423242005
14.546382425157647 14.54056513378913 14.54732009636569 14.547320096366015 14.540565133789682 14.546382425157583
14.547387825887693 14.541612792179846 14.54838561782193 14.548385617822252 14.54161279218038 14.547387825887608
14.548277829386226 14.54254039306889 14.54932911905012 14.549329119050444 14.542540393069409 14.548277829386139
14.549065086586724 14.543361097779872 14.550163976438759 14.55016397643907 14.543361097780398 14.54906508658666
14.54976086445688 14.544086627960978 14.550902103211856 14.550902103212175 14.544086627961509 14.549760864456788
14.550375196803078 14.544727422430972 14.551554108823865 14.551554108824194 14.5447274224315 14.550375196803007
14.550917018764059 14.54529277706709 14.552129441123459 14.552129441123773 14.545292777067633 14.550917018763993
14.551394286732545 14.545790969541923 14.55263651312166 14.55263651312197 14.545790969542448 14.551394286732467
14.551814085264065 14.54622937052869 14.553082816009713 14.553082816010027 14.546229370529234 14.551814085264017
14.552182722369595 14.54661454282682 14.553475019901018 14.55347501990135 14.546614542827358 14.552182722369539
14.552505814440961 14.546952329705547 14.553819063616782 14.553819063617118 14.546952329706093 14.552505814440858
14.5527883619276 14.547247933628837 14.554120234695896 14.554120234696216 14.547247933629377 14.552788361927506
14.55303481676399 14.547505986399425 14.554383240684922 14.554383240685246 14.547505986399962 14.55303481676392
14.553249142440128 14.547730611651385 14.554612272651623 14.55461227265191 14.547730611651913 14.553249142439991
14.553434867512943 14.547925480519794 14.554811061764534 14.554811061764845 14.547925480520332 14.55343486751286
14.553595133271797 14.548093861228814 14.554982929691748 14.554982929692061 14.548093861229354 14.553595133271667
14.553732736191435 14.54823866325869 14.555130833489928 14.555130833490233 14.548238663259216 14.553732736191355
14.553850165742515 14.54836247668175 14.555257405583763 14.555257405584085 14.548362476682298 14.55385016574243
14.553949638062889 14.548467607194002 14.555364989370332 14.555364989370656 14.548467607194539 14.553949638062825
14.554033125943144 14.548556107310935 14.555455670925348 14.555455670925674 14.548556107311482 14.554033125943088
14.55410238552711 14.548629804146941 14.555531307236828 14.555531307237148 14.548629804147469 14.554102385527045
14.554158980087124 14.548690324150748 14.555593551345291 14.555593551345604 14.548690324151313 14.554158980087076
14.554204301193312 14.548739115130228 14.555643874728641 14.555643874728949 14.548739115130758 14.554204301193344
14.55423958756233 14.548777465861882 14.555683587232839 14.55568358723315 14.54877746586243 14.55423958756224
14.554265941837809 14.548806523550862 14.555713854817087 14.555713854817405 14.548806523551407 14.554265941837771
14.554284345532366 14.548827309375058 14.55573571535252 14.555735715352844 14.548827309375584 14.554284345532245
14.554295672327923 14.54884073232426 14.555750092687695 14.555750092687997 14.548840732324802 14.554295672327864
14.554300699918786 14.548847601520857 14.555757809170634 14.555757809170963 14.548847601521373 14.554300699918624
14.554300120552806 14.548848637187957 14.555759596796749 14.555759596797072 14.548848637188497 14.554300120552707
14.554294550417653 14.548844480414177 14.55575610713286 14.555756107133165 14.548844480414708 14.55429455041761
14.554284537995084 14.548835701845874 14.55574792015198 14.555747920152301 14.548835701846423 14.554284537995084
14.554270571498682 14.54882280942564 14.555735552098183 14.555735552098488 14.548822809426175 14.55427057149857
14.55425308549431 14.548806255280534 14.555719462487538 14.555719462487863 14.54880625528105 14.554253085494215
14.554232466794858 14.548786441854192 14.555700060340657 14.555700060340966 14.54878644185472 14.554232466794785
14.554209059706078 14.548763727365605 14.555677709730375 14.555677709730666 14.54876372736614 14.554209059706016
14.5541831706971 14.54873843066803 14.555652734720393 14.555652734720702 14.548738430668546 14.55418317069705
14.55415507255791 14.548710835574298 14.555625423761365 14.555625423761658 14.548710835574823 14.55415507255778
14.554125008099563 14.548681194707255 14.555596033603964 14.555596033604282 14.548681194707775 14.554125008099454
14.554093193448878 14.548649732926712 14.555564792782343 14.555564792782658 14.548649732927275 14.554093193448814
14.554059820980504 14.548616650380678 14.555531904714623 14.555531904714933 14.54861665038119 14.554059820980385
14.554025061926648 14.548582125220285 14.555497550462922 14.555497550463244 14.548582125220786 14.554025061926522
14.55398906870079 14.548546316017571 14.555461891190102 14.555461891190422 14.548546316018093 14.55398906870073
14.553951976965848 14.548509363916857 14.555425070346548 14.555425070346866 14.548509363917397 14.553951976965752
14.553913907474392 14.54847139455008 14.555387215616713 14.555387215617028 14.548471394550607 14.553913907474369
14.553874967708037 14.548432519741368 14.555348440651747 14.55534844065205 14.548432519741924 14.553874967707953
14.55383525333511 14.548392839024748 14.555308846611695 14.555308846611991 14.548392839025277 14.55383525333501
14.553794849509474 14.54835244099464 14.555268523538412 14.555268523538734 14.548352440995165 14.553794849509385
14.55375383202588 14.548311404508196 14.5552275515773 14.555227551577614 14.548311404508716 14.55375383202577
14.553712268348509 14.548269799755484 14.555186002065124 14.555186002065435 14.548269799756024 14.553712268348436
14.553670218526744 14.548227689212057 14.555143938498 14.555143938498317 14.548227689212556 14.553670218526692
14.553627736009881 14.548185128486665 14.555101417393164 14.555101417393464 14.54818512848719 14.553627736009803
14.553584868372514 14.548142167076172 14.555058489055984 14.555058489056304 14.548142167076715 14.553584868372424
14.55354165796032 14.548098849037176 14.55501519826272 14.555015198263032 14.548098849037705 14.553541657960235
14.553498142464694 14.548055213583867 14.55497158486823 14.554971584868554 14.548055213584396 14.553498142464663
14.553454355434438 14.548011295620391 14.55492768434678 14.554927684347085 14.54801129562092 14.553454355434367
14.553410326730692 14.547967126214491 14.554883528273585 14.554883528273903 14.547967126215031 14.553410326730612
14.553366082932678 14.54792273301916 14.554839144753375 14.554839144753693 14.547922733019695 14.553366082932587
14.553321647698114 14.547878140648027 14.554794558801767 14.55479455880209 14.547878140648518 14.553321647698006
14.553277042084458 14.547833371009217 14.554749792684818 14.554749792685158 14.547833371009729 14.553277042084396
14.553232284834731 14.547788443602947 14.5547048662213 14.554704866221636 14.547788443603514 14.553232284834637
14.55318739263173 14.54774337578622 14.554659797051578 14.554659797051904 14.547743375786743 14.553187392631662
14.553142380324669 14.547698183008004 14.554614600877084 14.554614600877416 14.54769818300852 14.553142380324623
14.553097261130636 14.547652879019369 14.5545692916735 14.5545692916738 14.547652879019907 14.553097261130581
14.553052046813898 14.547607476059946 14.554523881880291 14.554523881880609 14.54760747606048 14.553052046813812
14.553006747845618 14.547561985023965 14.554478382569712 14.554478382570023 14.54756198502451 14.553006747845592
14.552961373546225 14.547516415608333 14.554432803596976 14.55443280359729 14.547516415608829 14.552961373546207
14.552915932211539 14.547470776443983 14.554387153734071 14.554387153734389 14.547470776444495 14.552915932211492
14.552870431225585 14.547425075213285 14.55434144078884 14.55434144078916 14.547425075213821 14.552870431225482
14.552824877160585 14.547379318754228 14.554295671710877 14.554295671711195 14.54737931875475 14.552824877160592
14.552779275866898 14.547333513153088 14.554249852685937 14.554249852686256 14.547333513153607 14.552779275866826
14.552733632551217 14.547287663827218 14.554203989219868 14.554203989220174 14.547287663827744 14.55273363255117
14.552687951848368 14.547241775598575 14.554158086213302 14.55415808621362 14.547241775599092 14.552687951848279
14.552642237883495 14.547195852759037 14.554112148028281 14.55411214802861 14.547195852759563 14.552642237883427
14.55259649432846 14.547149899128728 14.55406617854734 14.554066178547659 14.547149899129248 14.552596494328371
14.552550724451455 14.547103918107947 14.554020181226253 14.554020181226573 14.547103918108467 14.552550724451383
14.552504931161451 14.547057912723186 14.553974159140996 14.553974159141331 14.547057912723716 14.552504931161446
14.552459117047878 14.547011885668311 14.553928115029422 14.553928115029745 14.547011885668853 14.552459117047821
14.552413284415188 14.546965839341105 14.553882051328445 14.553882051328737 14.546965839341636 14.552413284415133
14.552367435314792 14.546919775875752 14.55383597020709 14.553835970207416 14.546919775876265 14.55236743531473
14.552321571572532 14.546873697171847 14.553789873596076 14.553789873596399 14.546873697172378 14.552321571572447
14.552275694813547 14.546827604920269 14.553743763213799 14.553743763214108 14.546827604920773 14.5522756948135
14.552229806484489 14.546781500625913 14.553697640589807 14.553697640590109 14.546781500626457 14.55222980648441
14.552183907872784 14.546735385628434 14.553651507085544 14.553651507085872 14.546735385628953 14.552183907872681
14.552138000124435 14.546689261120054 14.553605363912812 14.553605363913112 14.54668926112059 14.552138000124373
14.552092084259561 14.546643128162128 14.55355921215018 14.553559212150489 14.54664312816263 14.55209208425949
14.55204616118607 14.546596987699106 14.553513052757694 14.553513052758007 14.546596987699663 14.552046161185997
14.552000231712102 14.546550840571951 14.553466886589847 14.553466886590176 14.54655084057248 14.552000231712016
14.551954296556914 14.546504687528945 14.553420714407281 14.5534207144076 14.546504687529467 14.551954296556838
14.551908356360821 14.546458529236165 14.553374536886915 14.55337453688723 14.546458529236705 14.551908356360725
14.551862411693612 14.54641236628657 14.55332835463136 14.553328354631686 14.546412366287086 14.551862411693543
14.55181646306266 14.54636619920782 14.553282168176967 14.55328216817728 14.546366199208371 14.551816463062513
14.55177051091919 14.546320028469703 14.553235978001107 14.553235978001442 14.546320028470209 14.551770510919125
14.551724555665329 14.546273854490211 14.553189784528719 14.553189784529016 14.546273854490746 14.551724555665226
14.551678597658634 14.546227677641566 14.55314358813796 14.553143588138287 14.546227677642088 14.551678597658496
14.551632637217443 14.546181498254978 14.55309738916552 14.553097389165838 14.546181498255473 14.551632637217349
14.551586674625167 14.546135316625223 14.553051187911043 14.553051187911354 14.546135316625744 14.551586674625076
14.551540710134072 14.546089133014716 14.553004984641186 14.553004984641502 14.54608913301526 14.551540710133956
14.551494743968554 14.546042947657124 14.55295877959337 14.552958779593673 14.54604294765766 14.551494743968478
14.55144877632853 14.545996760760232 14.552912572978865 14.552912572979185 14.5459967607608 14.551448776328476
14.551402807391911 14.545950572509206 14.552866364985745 14.552866364986064 14.545950572509721 14.551402807391813
14.551356837316858 14.545904383068617 14.552820155781427 14.552820155781742 14.545904383069157 14.55135683731676
14.551310866244362 14.545858192585175 14.552773945514886 14.552773945515218 14.545858192585694 14.551310866244277
14.551264894299882 14.545812001189303 14.55272773431875 14.552727734319074 14.54581200118983 14.551264894299761
14.551218921594973 14.5457658089972 14.552681522311069 14.552681522311394 14.545765808997702 14.551218921594879
14.551172948229027 14.545719616112168 14.55263530959691 14.552635309597242 14.545719616112688 14.55117294822896
14.551126974290565 14.545673422626326 14.552589096269784 14.552589096270099 14.545673422626823 14.551126974290456
14.551080999858149 14.545627228621454 14.552542882412922 14.552542882413237 14.545627228622012 14.551080999858089
14.551035025001994 14.545581034170578 14.552496668100435 14.552496668100755 14.545581034171107 14.551035025001935
14.550989049784418 14.54553483933851 14.552450453398238 14.552450453398567 14.545534839339034 14.55098904978437
14.550943074260966 14.545488644182997 14.552404238365067 14.55240423836539 14.545488644183543 14.55094307426087
14.550897098480919 14.545442448755507 14.55235802305315 14.552358023053468 14.545442448756038 14.550897098480872
14.55085112248843 14.54539625310172 14.552311807508985 14.552311807509307 14.545396253102268 14.550851122488353
14.550805146322505 14.545350057262437 14.552265591773976 14.552265591774315 14.545350057262963 14.550805146322473
14.550759170018079 14.545303861273853 14.55221937588495 14.552219375885262 14.54530386127437 14.550759170018031
14.550713193606137 14.545257665168252 14.552173159874702 14.552173159875021 14.545257665168794 14.550713193606075
14.550667217114299 14.545211468974335 14.552126943772445 14.552126943772759 14.545211468974877 14.55066721711418
14.55062124056704 14.545165272717709 14.55208072760411 14.552080727604446 14.545165272718245 14.550621240566958
14.550575263986337 14.545119076421066 14.552034511392877 14.552034511393181 14.545119076421622 14.550575263986259
14.550529287391614 14.545072880104726 14.551988295159278 14.551988295159607 14.545072880105256 14.550529287391534
14.550483310800166 14.54502668378666 14.551942078921678 14.551942078921996 14.54502668378721 14.550483310800104
14.550437334227432 14.54498048748293 14.551895862696353 14.551895862696664 14.54498048748346 14.550437334227418
14.550391357687207 14.544934291207834 14.551849646497818 14.551849646498129 14.544934291208357 14.550391357687179
14.550345381191738 14.544888094974054 14.551803430339008 14.551803430339314 14.544888094974576 14.550345381191615
14.550299404751703 14.544841898792889 14.551757214231396 14.551757214231698 14.544841898793413 14.550299404751621
14.550253428376926 14.544795702674463 14.551710998185209 14.551710998185525 14.54479570267498 14.550253428376823
14.550207452075954 14.54474950662769 14.551664782209624 14.551664782209944 14.544749506628218 14.550207452075878
14.550161475856507 14.544703310660566 14.551618566312674 14.551618566312975 14.544703310661097 14.550161475856436
14.55011549972536 14.544657114780193 14.551572350501594 14.551572350501903 14.544657114780728 14.550115499725315
14.550069523688688 14.544610918992902 14.551526134782835 14.551526134783149 14.544610918993428 14.550069523688608
14.550023547751792 14.544564723304303 14.551479919162094 14.551479919162409 14.544564723304847 14.55002354775172
14.54997757191958 14.544518527719443 14.551433703644467 14.551433703644786 14.544518527719967 14.549977571919475
14.549931596196169 14.544472332242728 14.551387488234496 14.551387488234802 14.544472332243227 14.549931596196128
14.549885620585648 14.544426136878116 14.551341272936183 14.551341272936495 14.544426136878634 14.549885620585513
14.549839645091119 14.544379941629181 14.551295057753121 14.551295057753439 14.544379941629709 14.54983964509102
14.549793669715687 14.544333746499037 14.551248842688539 14.551248842688855 14.544333746499568 14.549793669715646
14.54974769446217 14.544287551490509 14.551202627745226 14.55120262774555 14.544287551491022 14.549747694462111
14.549701719332878 14.544241356606019 14.551156412925744 14.55115641292608 14.544241356606564 14.549701719332784
14.549655744329897 14.544195161847894 14.551110198232358 14.551110198232683 14.544195161848434 14.54965574432984
14.549609769455143 14.544148967218028 14.551063983667046 14.551063983667344 14.544148967218554 14.549609769455111
14.549563794710394 14.544102772718183 14.55101776923162 14.551017769231938 14.544102772718745 14.549563794710345
14.549517820097108 14.544056578349963 14.550971554927633 14.550971554927942 14.544056578350506 14.549517820097002
14.549471845616514 14.544010384114722 14.550925340756505 14.550925340756834 14.544010384115241 14.549471845616415
14.549425871269845 14.543964190013687 14.55087912671952 14.550879126719856 14.543964190014213 14.549425871269804
14.549379897058255 14.543917996047988 14.550832912817782 14.550832912818105 14.54391799604851 14.54937989705821
14.549333922982665 14.543871802218574 14.550786699052278 14.550786699052606 14.543871802219087 14.549333922982559
14.549287949043755 14.543825608526321 14.55074048542391 14.550740485424233 14.543825608526877 14.54928794904373
14.549241975242534 14.543779414972065 14.55069427193347 14.550694271933802 14.543779414972613 14.549241975242454
14.549196001579482 14.543733221556483 14.550648058581661 14.550648058581976 14.543733221556979 14.549196001579384
14.54915002805519 14.543687028280116 14.550601845369094 14.550601845369412 14.543687028280639 14.549150028055124
14.549104054670256 14.543640835143549 14.55055563229632 14.550555632296641 14.543640835144085 14.54910405467018
14.549058081425082 14.543594642147283 14.550509419363847 14.550509419364166 14.54359464214784 14.54905808142505
14.5490121083202 14.543548449291766 14.550463206572124 14.550463206572443 14.5435484492923 14.549012108320124
14.548966135355885 14.543502256577352 14.550416993921536 14.550416993921845 14.5435022565779 14.548966135355776
14.548920162532365 14.54345606400441 14.550370781412418 14.550370781412736 14.543456064004967 14.548920162532385
14.548874189850254 14.54340987157322 14.550324569045099 14.550324569045431 14.543409871573786 14.548874189850176
14.548828217309534 14.543363679284106 14.550278356819868 14.550278356820181 14.54336367928464 14.548828217309442
14.548782244910479 14.54331748713721 14.55023214473692 14.550232144737253 14.543317487137774 14.548782244910399
14.548736272653391 14.54327129513284 14.550185932796545 14.550185932796854 14.543271295133401 14.548736272653294
14.548690300538336 14.543225103271158 14.550139720998878 14.550139720999175 14.543225103271713 14.548690300538272
14.54864432856559 14.54317891155234 14.550093509344109 14.550093509344418 14.543178911552895 14.548644328565503
14.548598356735242 14.543132719976521 14.550047297832387 14.55004729783271 14.54313271997707 14.548598356735145
14.54855238504742 14.543086528543869 14.550001086463883 14.550001086464206 14.5430865285444 14.548552385047335
14.548506413502256 14.543040337254446 14.549954875238699 14.549954875238999 14.54304033725499 14.54850641350217
14.5484604420998 14.542994146108422 14.549908664156904 14.549908664157226 14.542994146108924 14.548460442099733
14.548414470840237 14.542947955105843 14.549862453218656 14.549862453218964 14.542947955106369 14.54841447084017
14.548368499723559 14.542901764246794 14.549816242424003 14.549816242424326 14.542901764247343 14.5483684997235
14.548322528749953 14.542855573531423 14.54977003177306 14.549770031773365 14.542855573531948 14.54832252874987
14.548276557919323 14.542809382959689 14.549723821265857 14.549723821266172 14.542809382960247 14.548276557919278
14.54823058723192 14.542763192531778 14.549677610902453 14.549677610902782 14.5427631925323 14.548230587231819
14.548184616687632 14.542717002247633 14.549631400682934 14.549631400683248 14.542717002248148 14.54818461668753
14.548138646286512 14.542670812107332 14.549585190607308 14.54958519060762 14.542670812107872 14.548138646286455
14.54809267602867 14.542624622110944 14.549538980675658 14.54953898067599 14.542624622111473 14.548092676028629
14.548046705914173 14.542578432258468 14.549492770888017 14.549492770888317 14.542578432259008 14.548046705914102
14.548000735942924 14.542532242549962 14.549446561244377 14.549446561244697 14.542532242550502 14.548000735942912
14.547954766115172 14.542486052985469 14.549400351744804 14.549400351745128 14.542486052986007 14.54795476611505
14.547908796430697 14.542439863565 14.549354142389321 14.549354142389632 14.542439863565516 14.547908796430573
14.547862826889643 14.542393674288563 14.549307933177937 14.549307933178262 14.542393674289071 14.547862826889512
14.547816857491934 14.542347485156142 14.54926172411071 14.549261724111007 14.542347485156686 14.547816857491856
14.547770888237704 14.542301296167889 14.54921551518759 14.549215515187905 14.542301296168395 14.54777088823763
14.547724919126997 14.542255107323637 14.549169306408658 14.54916930640896 14.542255107324191 14.547724919126868
14.547678950159671 14.542208918623576 14.549123097773897 14.549123097774215 14.542208918624102 14.547678950159572
14.547632981335862 14.542162730067608 14.549076889283324 14.549076889283647 14.542162730068148 14.54763298133576
14.5475870126555 14.542116541655792 14.549030680936959 14.549030680937282 14.54211654165632 14.547587012655422
14.547541044118615 14.542070353388112 14.548984472734823 14.548984472735137 14.54207035338864 14.547541044118585
14.54749507572531 14.54202416526458 14.548938264676902 14.548938264677211 14.542024165265124 14.547495075725275
14.547449107475558 14.54197797728527 14.548892056763206 14.548892056763515 14.541977977285772 14.547449107475476
14.547403139369289 14.541931789450057 14.54884584899375 14.548845848994063 14.541931789450585 14.547403139369203
14.547357171406542 14.541885601759027 14.548799641368529 14.548799641368849 14.54188560175957 14.547357171406434
14.547311203587283 14.541839414212216 14.548753433887557 14.548753433887885 14.541839414212742 14.547311203587213
14.547265235911544 14.541793226809588 14.548707226550874 14.548707226551182 14.541793226810116 14.547265235911528
14.547219268379488 14.541747039551112 14.548661019358416 14.54866101935874 14.541747039551662 14.547219268379365
14.547173300990845 14.541700852436856 14.548614812310213 14.548614812310536 14.541700852437392 14.547173300990764
14.547127333745763 14.541654665466787 14.548568605406277 14.54856860540661 14.541654665467345 14.547127333745715
14.54708136664428 14.541608478640951 14.548522398646632 14.548522398646941 14.541608478641482 14.547081366644196
14.547035399686298 14.541562291959304 14.548476192031258 14.548476192031575 14.541562291959826 14.547035399686248
14.54698943287192 14.541516105421811 14.548429985560135 14.548429985560455 14.541516105422357 14.546989432871852
14.5469434662011 14.541469919028604 14.548383779233303 14.548383779233612 14.54146991902912 14.546943466201018
14.546897499673804 14.541423732779556 14.548337573050743 14.548337573051056 14.541423732780087 14.546897499673719
14.546851533290031 14.54137754667474 14.548291367012443 14.548291367012766 14.541377546675257 14.546851533289994
14.546805567049853 14.541331360714123 14.548245161118423 14.54824516111875 14.541331360714642 14.54680556704982
14.546759600953356 14.541285174897745 14.54819895536871 14.548198955369024 14.541285174898228 14.54675960095323
14.546713635000213 14.541238989225526 14.548152749763272 14.548152749763592 14.541238989226049 14.5467136350002
14.546667669190802 14.541192803697543 14.548106544302101 14.548106544302438 14.541192803698069 14.546667669190708
14.546621703524906 14.541146618313766 14.548060338985227 14.548060338985545 14.54114661831432 14.546621703524814
14.546575738002504 14.541100433074227 14.54801413381263 14.548014133812956 14.541100433074758 14.54657573800246
14.54652977262372 14.541054247978929 14.547967928784317 14.547967928784638 14.541054247979416 14.546529772623678
14.54648380738854 14.541008063027773 14.547921723900298 14.547921723900593 14.541008063028318 14.546483807388446
14.546437842296903 14.540961878220873 14.547875519160563 14.547875519160874 14.54096187822142 14.54643784229678
14.546391877348738 14.54091569355818 14.547829314565087 14.547829314565414 14.540915693558741 14.54639187734871
14.54634591254421 14.540869509039728 14.547783110113912 14.547783110114242 14.54086950904027 14.54634591254419
14.546299947883307 14.540823324665471 14.547736905807014 14.547736905807332 14.540823324666015 14.546299947883224
14.54625398336591 14.540777140435438 14.547690701644413 14.547690701644724 14.540777140435965 14.546253983365835
14.546208018992127 14.54073095634962 14.547644497626083 14.547644497626385 14.540730956350139 14.546208018991997
14.546162054761794 14.540684772408015 14.547598293752047 14.547598293752348 14.540684772408532 14.546162054761734
