0.6530843601001534 0.5612759815483932 0.5612966486535088 0.5612966486535144 0.5612759815483914 0.6530843601001463
0.8400315007969588 0.7149838414386359 0.7075265924356507 0.7075265924356563 0.7149838414386341 0.8400315007969492
1.0001808466512248 0.8508722893049303 0.8352352487334269 0.8352352487334316 0.8508722893049285 1.0001808466512145
1.1497044652504085 0.9821037065172409 0.9587852191864425 0.9587852191864462 0.9821037065172395 1.1497044652503958
1.2951599459222212 1.1136226538950833 1.083502851194825 1.0835028511948284 1.1136226538950815 1.2951599459222074
1.4403994425519357 1.2481096617013414 1.212129448153039 1.2121294481530414 1.24810966170134 1.4403994425519222
1.5881308733774455 1.3873589168580212 1.3463899368154932 1.3463899368154966 1.3873589168580183 1.5881308733774302
1.7404437387220137 1.5327455717193725 1.4875433701772782 1.4875433701772816 1.5327455717193683 1.7404437387219975
1.8990396946793668 1.6854210204690236 1.6366154558936847 1.6366154558936856 1.6854210204690188 1.899039694679348
2.0653561153634237 1.8464061323019472 1.7945080817519912 1.7945080817519923 1.8464061323019425 2.065356115363405
2.240641763568947 2.0166397719182148 1.9620542863304347 1.9620542863304364 2.016639771918207 2.240641763568928
2.426006442096239 2.197005208391523 2.140046478466531 2.1400464784665325 2.197005208391516 2.4260064420962184
2.6224542048752935 2.388344384890884 2.3292503893730037 2.329250389373002 2.388344384890877 2.6224542048752726
2.8309051230308957 2.5914648478504945 2.5304107890851593 2.5304107890851557 2.5914648478504847 2.8309051230308717
3.0522086268575817 2.807141814573036 2.744252052019989 2.744252052019988 2.8071418145730225 3.0522086268575555
3.2871504440840242 3.0361167441754553 2.9714752269249876 2.971475226924986 3.036116744175441 3.287150444083997
3.536454569920912 3.279093214535005 3.212752543182215 3.212752543182213 3.2790932145349885 3.5364545699208816
3.800781330831517 3.5367306167236965 3.4687199116700174 3.46871991167001 3.5367306167236805 3.800781330831485
4.080722357744779 3.8096360296023764 3.7399677876647237 3.7399677876647184 3.8096360296023515 4.0807223577447385
4.376793124572335 4.098354568261026 4.027030673741777 4.027030673741772 4.098354568261001 4.376793124572294
4.689423610187723 4.403358478681068 4.3303755100612715 4.330375510061265 4.403358478681037 4.6894236101876805
5.018947589743274 4.72503525960627 4.650389204711185 4.650389204711179 4.725035259606235 5.018947589743232
5.365591041495875 5.063675120334396 4.987365584310541 4.987365584310528 5.063675120334354 5.365591041495825
5.729460157603512 5.419458122439825 5.341492085840902 5.341492085840888 5.419458122439782 5.729460157603462
6.110529462447621 5.792441398186576 5.7128365578323415 5.712836557832325 5.79244139818652 6.11052946244756
6.508630561622787 6.1825468829615815 6.1013345866208315 6.101334586620815 6.1825468829615176 6.508630561622721
6.923442061144825 6.589550037906944 6.506777805749335 6.50677780574931 6.58955003790687 6.923442061144753
7.354481202590403 7.0130700665212915 6.928803678128415 6.928803678128381 7.013070066521213 7.3544812025903115
7.801097749477947 7.452562139956385 7.366887255902906 7.366887255902876 7.4525621399563 7.8010977494778455
8.262470627960674 7.907312135153138 7.820335417131894 7.820335417131864 7.907312135153051 8.26247062796057
8.737607767007466 8.376434353850485 8.288284047278209 8.28828404727817 8.376434353850366 8.73760776700737
9.225349497763888 8.858872626274465 8.769698574355637 8.769698574355587 8.85887262627435 9.225349497763762
9.724375759048703 9.353405110276341 9.263378178448885 9.263378178448832 9.353405110276201 9.724375759048588
10.233217218845287 9.858652976421311 9.767963880487354 9.7679638804873 9.858652976421148 10.233217218845114
10.750270265667709 10.37309302613124 10.281950575382764 10.281950575382702 10.373093026131079 10.75027026566753
11.273815656718904 10.895074130041138 10.80370291720032 10.80370291720024 10.89507413004094 11.273815656718742
11.802040441594997 11.422837206039242 11.331474797447797 11.331474797447724 11.42283720603904 11.80204044159479
12.333062621864727 11.954538291419903 11.863431992052599 11.863431992052519 11.954538291419663 12.333062621864547
12.864957869245849 12.488274112348593 12.397677399262882 12.397677399262784 12.488274112348352 12.864957869245645
13.39578751845887 13.022109427314087 12.932278160538104 12.93227816053799 13.022109427313824 13.395787518458667
13.923626983330415 13.554105328952511 13.465293859265323 13.465293859265199 13.554105328952243 13.923626983330168
14.446593721605424 14.08234763775179 13.994804935396402 13.994804935396267 14.082347637751445 14.446593721605106
14.96287389702655 14.604974515698101 14.518940442348113 14.518940442347972 14.60497451569775 14.96287389702627
15.470746954662513 15.120202468343631 15.03590430668382 15.035904306683669 15.120202468343209 15.470746954662237
15.968607431867625 15.626349986823255 15.54399932848694 15.543999328486786 15.626349986822865 15.968607431867289
16.45498346440228 16.121858200525264 16.04164827487197 16.041648274871783 16.12185820052486 16.454983464401934
16.92855160490258 16.605308057327456 16.52741156199269 16.527411561992484 16.60530805732702 16.92855160490228
17.388147737887746 17.075433710858768 17.000001181689633 17.00000118168943 17.07543371085831 17.388147737887266
17.83277404080729 17.53113196189728 17.458290696365083 17.458290696364866 17.531131961896815 17.832774040806918
18.26160209434004 17.971467763071136 17.901321288970117 17.90132128896986 17.97146776307061 18.261602094339615
18.6739723791929 18.395675943202416 18.328304004617948 18.328304004617713 18.39567594320191 18.673972379192534
19.06939050533825 18.803159432721557 18.73861844878629 18.738618448786042 18.803159432720985 19.06939050533769
19.447520599734062 19.193484369811006 19.131808309222397 19.131808309222123 19.193484369810452 19.44752059973367
19.808176329378718 19.566372536065515 19.50757414191667 19.50757414191641 19.56637253606491 19.808176329378256
20.15131005934512 19.921691610533387 19.86576390561832 19.865763905618063 19.921691610532797 20.15131005934459
20.477000643268887 20.259443744063017 20.206361746090497 20.206361746090195 20.259443744062356 20.477000643268426
20.785440320685165 20.579752945370153 20.529475523932767 20.529475523932486 20.57975294536944 20.78544032068474
21.076921156370865 20.882851740573088 20.83532355261905 20.83532355261874 20.882851740572434 21.07692115637027
21.351821406269472 21.169067523905692 21.124220971172843 21.12422097117252 21.169067523905 21.351821406268936
21.61059213724694 21.438808963697998 21.396566123434734 21.39656612343437 21.438808963697255 21.61059213724635
21.853744367898912 21.692552768926518 21.652827257636886 21.652827257636584 21.692552768925808 21.853744367898287
22.081836938295908 21.930831061489304 21.893529799903277 21.89352979990297 21.93083106148855 22.08183693829536
22.29546526048959 22.154219540952862 22.11924439652537 22.119244396525044 22.1542195409521 22.295465260488946
22.495251050688257 22.363326574166557 22.33057586486293 22.330575864862602 22.363326574165765 22.495251050687614
22.681833099392502 22.558783293432178 22.528153143164978 22.52815314316461 22.558783293431286 22.681833099391913
22.855859098016918 22.741234744776644 22.712620286516035 22.712620286515683 22.7412347447758 22.8558590980164
23.01797850970834 22.911332092676563 22.884628519930626 22.884628519930278 22.911332092675675 23.017978509707778
23.16883644790833 23.069725859254387 23.04482933033128 23.044829330330874 23.069725859253566 23.16883644790762
23.30906850816902 23.21706015412747 23.193868556412422 23.193868556412045 23.217060154126596 23.3090685081683
23.43929648612191 23.353967835123573 23.332381418626312 23.332381418625946 23.35396783512269 23.43929648612114
23.560124906544342 23.481066529274425 23.460988420020943 23.460988420020552 23.48106652927351 23.56012490654374
23.67213828439585 23.598955437049394 23.580292041635413 23.580292041635047 23.59895543704851 23.672138284395068
23.775899037725665 23.708212839949066 23.690874152828854 23.690874152828503 23.708212839948185 23.775899037725143
23.871945973826573 23.80939423157529 23.79329405654881 23.7932940565484 23.80939423157436 23.871945973825834
23.960793273249838 23.903030994488912 23.88808709144842 23.888087091448057 23.90303099448794 23.960793273249234
24.04292990085423 23.989629548947494 23.975763716344478 23.97576371634408 23.98962954894665 24.042929900853437
24.11881937839147 24.069670904502736 24.05680900725263 24.056809007252216 24.069670904501816 24.11881937839081
24.18889985897503 24.14361055100039 24.13168250272438 24.131682502723955 24.14361055099949 24.188899858974285
24.25358444975588 24.211878631449377 24.200818339086805 24.200818339086478 24.211878631448428 24.253584449755166
24.313261735101918 24.2748803452286 24.26462562319443 24.26462562319402 24.27488034522768 24.31326173510129
24.36829645832383 24.33299653601011 24.32348899622503 24.323488996224608 24.332996536009187 24.368296458323215
24.419030325436307 24.386584424427685 24.37776934775048 24.37776934775004 24.386584424426694 24.41903032543548
24.465782899500045 24.4359784508376 24.42780464467605 24.42780464467561 24.435978450836604 24.46578289949938
24.508852558720797 24.481491198421885 24.473910844609748 24.47391084460931 24.48149119842093 24.508852558720033
24.548517495655332 24.523414371357493 24.516382867758 24.51638286775759 24.523414371356445 24.54851749565473
24.585036738627487 24.56201980679623 24.55549560553146 24.555495605531053 24.56201980679528 24.585036738626727
24.618651179747243 24.59756050298575 24.5915049476875 24.59150494768711 24.597560502984816 24.618651179746493
24.649584596838245 24.630271649013128 24.62464881305719 24.62464881305674 24.630271649012265 24.64958459683743
24.678044659085604 24.660371644419268 24.655148171716196 24.655148171715815 24.660371644418298 24.67804465908482
24.704223908392162 24.688063099313755 24.683208048902472 24.683208048902078 24.688063099312796 24.704223908391448
24.728300710280333 24.713533807678992 24.709018503081477 24.709018503081047 24.713533807678026 24.728300710279644
24.750440169749766 24.73695768829561 24.732755572352634 24.732755572352183 24.73695768829462 24.750440169749083
24.770795008820887 24.758495689203148 24.754582184905765 24.75458218490534 24.758495689202114 24.77079500882006
24.789506403593574 24.778296652845462 24.774649030506822 24.774649030506435 24.778296652844457 24.789506403592807
24.806704779560445 24.796498140081578 24.793095391052326 24.79309539105191 24.79649814008052 24.80670477955957
24.822510564650727 24.813227212083195 24.81004992910041 24.81004992909992 24.813227212082243 24.822510564649946
24.83703490008671 24.828601169836162 24.82563143399719 24.825631433996765 24.82860116983519 24.83703490008591
24.850380309601743 24.84272825150476 24.839949525789912 24.839949525789475 24.84272825150372 24.85038030960077
24.862641327947973 24.855708288365385 24.853105317567074 24.853105317566634 24.85570828836442 24.862641327947333
24.873905089906945 24.867633320347956 24.865192037223554 24.86519203722316 24.867633320346968 24.873905089906156
24.88425188121652 24.87858817248278 24.87629560991385 24.876295609913395 24.878588172481752 24.884251881215743
24.89375565299844 24.888650993740313 24.886495202654697 24.88649520265422 24.88865099373931 24.893755652997893
24.90248450135171 24.89789375988123 24.895863732680212 24.895863732679786 24.897893759880198 24.90248450135081
24.910501113844166 24.906382742018945 24.904468341240435 24.90446834124 24.906382742017975 24.91050111384333
24.917863184668988 24.91417894264445 24.9123708345884 24.91237083458799 24.914178942643378 24.91786318466816
24.92462380021415 24.921338500876928 24.919628093920117 24.91962809391962 24.9213385008759 24.92462380021343
24.930831796788965 24.92791306869939 24.926292456026424 24.926292456025983 24.927913068698413 24.93083179678843
24.93653209220414 24.933950159904175 24.93241206639098 24.93241206639053 24.93395015990317 24.936532092203272
24.94176599285091 24.939493473435782 24.938031206426047 24.938031206425606 24.939493473434826 24.941765992850197
24.94657147787789 24.94458319276271 24.943190596487902 24.943190596487415 24.94458319276166 24.946571477876983
24.950983461974925 24.949256262845672 24.947927676249954 24.947927676249524 24.949256262844653 24.950983461974108
24.95503403823117 24.953546646206618 24.95227686394682 24.952276863946377 24.953546646205563 24.95503403823047
24.958752702436936 24.95748555952479 24.956269795929202 24.956269795928762 24.95748555952385 24.95875270243623
24.962166560142165 24.961101692120515 24.95993554789873 24.959935547898315 24.961101692119485 24.962166560141366
24.96530051769817 24.964421407604615 24.963300839115888 24.963300839115462 24.96442140760355 24.965300517697543
24.968177458454765 24.967468929907984 24.9663902208024 24.966390220801998 24.96746892990692 24.96817745845403
24.970818405182456 24.970266514818118 24.96922624987949 24.96922624987902 24.970266514817197 24.97081840518159
24.973242669756115 24.972834608105586 24.971829649133912 24.971829649133493 24.972834608104595 24.97324266975545
24.975467991046685 24.975191991215443 24.974219454798742 24.974219454798252 24.975191991214427 24.9754679910459
24.977510661906607 24.97735591547361 24.976413152506133 24.9764131525057 24.977355915472625 24.977510661905857
24.979385646086104 24.979342225669015 24.97842680248575 24.97842680248523 24.979342225668006 24.979385646085255
24.981106685843372 24.981165473822667 24.980275154825932 24.980275154825513 24.98116547382163 24.981106685842587
24.98268640097078 24.98283902389608 24.981971755561723 24.981971755561297 24.982839023895025 24.982686400970017
24.984136379898715 24.98437514813857 24.9835290442944 24.983529044293928 24.984375148137506 24.98413637989801
24.985467263495867 24.985785115722265 24.984958444000753 24.98495844400032 24.985785115721264 24.985467263495146
24.98668882213662 24.987079274266208 24.98627044364034 24.986270443639928 24.987079274265195 24.986688822135704
24.987810026563746 24.988267124806192 24.987474674124368 24.987474674123895 24.98826712480523 24.9878100265629
24.988839113038626 24.98935739072723 24.988579978167472 24.988579978167028 24.989357390726244 24.988839113037866
24.989783643227515 24.990358081133923 24.989594474506735 24.989594474506298 24.990358081132836 24.989783643226755
24.990650559243797 24.991276549099823 24.99052561693224 24.990525616931766 24.99127654909879 24.99065055924301
24.991446234232257 24.992119545204464 24.991380248542157 24.991380248541674 24.992119545203494 24.991446234231475
24.99217651885069 24.992893266731137 24.992164651603524 24.9921646516031 24.99289326673016 24.99217651885014
24.992846783978205 24.993603402873262 24.992884593367762 24.99288459336739 24.993603402872214 24.99284678397744
24.993461959949656 24.994255176269938 24.99354536816705 24.99354536816663 24.994255176268947 24.99346195994902
24.994026572602234 24.994853381164997 24.99415183608857 24.99415183608807 24.994853381164003 24.994026572601545
24.994544776382842 24.995402418459445 24.99470845850213 24.994708458501695 24.995402418458525 24.994544776382213
24.995020384760103 24.99590632791037 24.995219330695353 24.995219330694916 24.995906327909307 24.995020384759478
24.99545689815479 24.996368817704457 24.99568821184869 24.995688211848265 24.99636881770348 24.995456898154018
24.99585752959088 24.996793291620175 24.996118552566195 24.99611855256571 24.996793291619092 24.99585752959004
24.996225228252644 24.997182873971816 24.996513520159052 24.99651352015858 24.997182873970832 24.99622522825187
24.99656270111678 24.997540432517486 24.99687602186531 24.99687602186485 24.99754043251651 24.996562701116023
24.996872432814914 24.997868599494037 24.997208726171507 24.997208726171095 24.99786859949296 24.996872432814268
24.99715670387348 24.99816979093239 24.997514082391806 24.99751408239135 24.99816979093142 24.997156703872726
24.997417607458452 24.99844622439422 24.997794338645416 24.997794338644958 24.99844622439323 24.997417607457688
24.99765706475245 24.998699935254816 24.99805155836352 24.99805155836305 24.99869993525381 24.997657064751728
24.99787683906998 24.998932791655093 24.99828763544457 24.998287635444196 24.998932791654013 24.99787683906932
24.998078548817798 24.99914650822747 24.99850430816852 24.99850430816806 24.99914650822646 24.998078548817073
24.998263679392217 24.999342658698854 24.99870317197136 24.998703171970867 24.999342658697774 24.998263679391492
24.998433594102142 24.99952268745862 24.998885691172973 24.998885691172504 24.99952268745771 24.998433594101368
24.99858954419591 24.99968792018103 24.99905320974343 24.999053209743007 24.99968792018006 24.998589544195045
24.998732678065444 24.99983957357379 24.999206961186974 24.999206961186545 24.999839573572753 24.998732678064663
24.998864049696422 24.99997876432947 24.999348077614606 24.99934807761415 24.9999787643285 24.99886404969568
24.99898462642435 25.00010651734123 24.999477598073618 24.999477598073167 25.000106517340193 24.99898462642356
24.999095296053607 25.00022377324455 24.999596476192586 24.999596476192117 25.000223773243498 24.999095296052776
24.99919687339353 25.000331395340623 24.999705587199664 24.99970558719924 25.000331395339657 24.999196873392815
24.999290106257085 25.00043017595117 24.999805734364813 24.99980573436437 25.00043017595016 24.999290106256208
24.99937568096627 25.000520842251092 24.99989765491281 24.99989765491238 25.00052084224999 24.999375680965386
24.99945422740705 25.000604061622532 24.999982025451256 24.999982025450755 25.000604061621516 24.999454227406193
24.999526323668047 25.000680446570108 25.00005946695208 25.00005946695162 25.00068044656907 24.99952632366731
24.99959250029862 25.00075055923059 25.000130549325224 25.000130549324776 25.00075055922955 24.999592500297858
24.999653244216212 25.000814915514095 25.00019579561529 25.000195795614847 25.000814915513118 24.999653244215438
24.999709002294423 25.000873988903994 25.000255685854242 25.000255685853762 25.0008739889029 24.99970900229366
24.999760184654324 25.00092821394427 25.000310660597492 25.000310660597005 25.00092821394326 24.99976018465366
24.999807167687546 25.00097798944193 25.000361124169242 25.000361124168794 25.00097798944088 24.999807167686786
24.99985029682793 25.001023681404355 25.000407447641425 25.000407447640885 25.001023681403346 24.99985029682703
24.99988988909814 25.00106562573677 25.000449971567352 25.000449971566916 25.001065625735734 24.99988988909724
24.999926235445926 25.001104130717042 25.00048900849163 25.00048900849122 25.001104130716 24.999926235445123
24.999959602888254 25.00113947926757 25.0005248452528 25.000524845252368 25.00113947926654 24.999959602887664
24.999990236479192 25.001171931040304 25.000557745097225 25.000557745096767 25.001171931039277 24.999990236478503
25.000018361115785 25.00120172433036 25.000587949618982 25.000587949618602 25.00120172432933 25.000018361114947
25.00004418319588 25.00122907783231 25.000615680540935 25.00061568054047 25.001229077831294 25.000044183195058
25.000067892139956 25.00125419225217 25.000641141348083 25.000641141347657 25.00125419225115 25.000067892139278
25.0000896617875 25.00127725178654 25.000664518788287 25.000664518787836 25.001277251785574 25.000089661786713
25.00010965167747 25.001298425480964 25.000685984248047 25.000685984247575 25.001298425479973 25.000109651676674
25.000128008225534 25.00131786847534 25.000705695016265 25.000705695015768 25.001317868474345 25.0001280082247
25.000144865803044 25.001335723147953 25.00072379544362 25.000723795443214 25.001335723146966 25.000144865802245
25.00016034772766 25.001352120165294 25.000740418006725 25.0007404180063 25.00135212016432 25.000160347726847
25.000174567172508 25.001367179444912 25.000755684284588 25.000755684284165 25.001367179443864 25.000174567171786
25.000187628001036 25.00138101103968 25.00076970585515 25.000769705854655 25.00138101103868 25.000187628000404
25.000199625532286 25.001393715949433 25.000782585117513 25.000782585117076 25.001393715948435 25.000199625531554
25.00021064724354 25.001405386865486 25.0007944160477 25.000794416047246 25.00140538686441 25.000210647242863
25.000220773416387 25.001416108853704 25.00080528489055 25.000805284890074 25.00141610885266 25.000220773415613
25.00023007772734 25.001425959982296 25.000815270796203 25.000815270795723 25.001425959981333 25.000230077726577
25.000238627792072 25.0014350118972 25.000824446403616 25.000824446403172 25.001435011896184 25.00023862779139
25.000246485663876 25.00144333035019 25.00083287837605 25.000832878375594 25.001443330349154 25.000246485663123
25.000253708290774 25.001450975683856 25.0008406278927 25.000840627892288 25.001450975682783 25.000253708289858
25.000260347935495 25.0014580032766 25.00084775109976 25.000847751099325 25.0014580032756 25.00026034793477
25.00026645256198 25.001464463951173 25.000854299524455 25.000854299523947 25.00146446395016 25.000266452561156
25.000272066187406 25.00147040434906 25.00086032045489 25.00086032045445 25.001470404347987 25.000272066186625
25.000277229208155 25.001475867274483 25.000865857289128 25.0008658572887 25.001475867273502 25.000277229207434
25.000281978697178 25.001480892010548 25.000870949854743 25.000870949854328 25.001480892009507 25.00028197869641
25.00028634867718 25.001485514608323 25.00087563470284 25.000875634702357 25.001485514607293 25.000286348676244
25.000290370371488 25.001489768152926 25.000879945377328 25.000879945376923 25.001489768151977 25.000290370370838
25.00029407243567 25.00149368300789 25.000883912662776 25.000883912662342 25.001493683006814 25.00029407243496
25.0002974811668 25.0014972870382 25.00088756481083 25.00088756481044 25.001497287037157 25.000297481166097
25.00030062069886 25.001500605816823 25.000890927749044 25.000890927748625 25.001500605815774 25.000300620698166
25.00030351318032 25.001503662812382 25.000894025271776 25.000894025271318 25.00150366281145 25.00030351317939
25.00030617893688 25.001506479563297 25.00089687921574 25.000896879215265 25.00150647956226 25.000306178936025
25.000308636622602 25.00150907583536 25.000899509621288 25.00089950962087 25.001509075834303 25.000308636621803
25.000310903356723 25.00151146976846 25.000901934879863 25.00090193487948 25.00151146976739 25.000310903355885
25.00031299484972 25.001513678009996 25.00090417187006 25.00090417186956 25.001513678009044 25.000312994848954
25.00031492551997 25.001515715838043 25.000906236081413 25.000906236080986 25.001515715837005 25.00031492551923
25.00031670859908 25.00151759727316 25.000908141729397 25.000908141728964 25.00151759727216 25.000316708598408
25.00031835623042 25.001519335182838 25.000909901859888 25.000909901859437 25.00151933518177 25.00031835622974
25.00031987955817 25.001520941375645 25.000911528445318 25.000911528444885 25.001520941374636 25.00031987955749
25.000321288809612 25.001522426688737 25.00091303247338 25.000913032472905 25.001522426687767 25.000321288808795
25.00032259337046 25.00152380106781 25.00091442402739 25.00091442402692 25.001523801066746 25.000322593369578
25.00032380185394 25.001525073639797 25.00091571236128 25.000915712360886 25.00152507363883 25.000323801853316
25.000324922165785 25.00152625278121 25.00091690596773 25.0009169059673 25.001526252780206 25.000324922165134
25.00032596156001 25.001527346179145 25.0009180126405 25.000918012640014 25.001527346178204 25.000325961559312
25.000326926694278 25.001528360888447 25.00091903953214 25.00091903953166 25.001528360887413 25.000326926693692
25.000327823678848 25.001529303383137 25.000919993206804 25.000919993206363 25.00152930338209 25.00032782367815
25.0003286581205 25.00153017960483 25.000920879688543 25.000920879688113 25.001530179603833 25.00032865811985
25.000329435165444 25.001530995006554 25.00092170450578 25.000921704505345 25.001530995005453 25.00032943516463
25.00033015953583 25.001531754591998 25.000922472732093 25.000922472731645 25.00153175459101 25.000330159534986
25.000330835565737 25.001532462953914 25.00092318902367 25.000923189023233 25.001532462952916 25.000330835564963
25.000331467232535 25.001533124306754 25.000923857653436 25.000923857652978 25.001533124305734 25.000331467231785
25.000332058186316 25.001533742518234 25.00092448254301 25.000924482542516 25.00153374251721 25.000332058185595
25.00033261177689 25.001534321137957 25.000925067291153 25.000925067290666 25.001534321136972 25.00033261177617
25.00033313107834 25.00153486342352 25.000925615200575 25.00092561520014 25.001534863422542 25.00033313107765
25.000333618912215 25.001535372364298 25.000926129302314 25.00092612930189 25.00153537236329 25.000333618911352
25.00033407786713 25.001535850704 25.000926612378063 25.000926612377576 25.001535850702933 25.00033407786641
25.000334510319558 25.001536300960332 25.000927066980445 25.000927066980015 25.001536300959266 25.000334510318833
25.000334918449965 25.001536725443874 25.0009274954523 25.000927495451897 25.001536725442808 25.000334918449337
25.000335304259686 25.001537126275192 25.000927899943566 25.000927899943104 25.001537126274176 25.000335304258915
25.000335669584906 25.001537505400403 25.0009282824273 25.000928282426838 25.001537505399373 25.000335669584214
25.0003360161114 25.001537864605446 25.0009286447143 25.00092864471381 25.001537864604458 25.000336016110676
25.000336345385577 25.001538205529346 25.0009289884662 25.000928988465734 25.00153820552834 25.000336345384945
25.00033665882742 25.00153852967617 25.00092931520812 25.000929315207703 25.00153852967522 25.000336658826647
25.000336957739112 25.00153883842646 25.00092962633969 25.00092962633927 25.00153883842544 25.000336957738384
25.000337243316356 25.00153913304694 25.000929923145186 25.00092992314476 25.00153913304586 25.000337243315688
25.000337516656383 25.001539414700037 25.00093020680338 25.00093020680292 25.001539414699078 25.000337516655666
25.00033777876598 25.001539684452965 25.000930478396054 25.00093047839557 25.001539684451938 25.000337778765264
25.000338030569328 25.001539943284723 25.000930738915862 25.000930738915393 25.00153994328366 25.000338030568475
25.000338272914107 25.00154019209375 25.000930989273975 25.00093098927347 25.00154019209273 25.000338272913265
25.000338506578853 25.00154043170497 25.0009312303063 25.000931230305923 25.001540431703962 25.00033850657793
25.00033873227754 25.00154066287503 25.000931462780347 25.000931462779967 25.001540662874074 25.000338732276596
25.000338950665522 25.001540886298653 25.00093168740022 25.000931687399813 25.001540886297523 25.00033895066475
25.000339162344776 25.001541102612748 25.000931904812244 25.000931904811797 25.001541102611796 25.00033916234393
25.000339367866907 25.00154131240277 25.000932115609245 25.00093211560884 25.001541312401777 25.00033936786612
25.000339567738532 25.00154151620526 25.000932320335785 25.000932320335313 25.00154151620434 25.00033956773786
25.000339762424886 25.001541714513067 25.000932519491073 25.000932519490604 25.001541714512015 25.00033976242407
25.00033995235222 25.001541907778027 25.000932713533622 25.000932713533196 25.001541907777042 25.000339952351467
25.00034013791239 25.001542096415257 25.00093290288417 25.00093290288372 25.001542096414248 25.000340137911593
25.000340319464577 25.001542280805516 25.000933087928736 25.000933087928225 25.001542280804376 25.00034031946378
25.000340497338588 25.001542461298083 25.000933269021424 25.000933269021022 25.001542461297028 25.0003404973378
25.000340671836955 25.00154263821377 25.00093344648772 25.000933446487288 25.001542638212776 25.000340671836305
25.000340843237755 25.001542811846914 25.000933620625855 25.000933620625407 25.001542811845948 25.000340843236987
25.000341011795445 25.001542982467583 25.000933791709535 25.0009337917091 25.001542982466546 25.000341011794806
25.000341177744513 25.001543150323574 25.000933959990245 25.000933959989794 25.001543150322583 25.00034117774357
25.000341341298885 25.001543315642444 25.00093412569862 25.000934125698127 25.001543315641484 25.000341341298117
25.000341502656024 25.00154347863299 25.0009342890462 25.000934289045766 25.001543478631962 25.000341502655257
25.000341661996643 25.001543639486663 25.000934450227362 25.00093445022688 25.00154363948562 25.00034166199588
25.00034181948673 25.00154379837936 25.000934609420185 25.000934609419794 25.001543798378314 25.000341819485993
25.000341975278488 25.001543955472354 25.000934766788482 25.000934766788045 25.001543955471387 25.000341975277667
25.000342129511466 25.00154411091377 25.00093492248223 25.00093492248178 25.001544110912832 25.000342129510795
25.000342282314257 25.001544264839616 25.00093507663921 25.00093507663875 25.0015442648386 25.000342282313536
25.00034243380448 25.001544417374408 25.000935229385924 25.000935229385465 25.001544417373424 25.000342433803656
25.000342584089854 25.0015445686327 25.00093538083833 25.000935380837948 25.001544568631658 25.000342584089122
25.000342733269733 25.001544718719554 25.000935531103064 25.00093553110266 25.0015447187185 25.000342733269004
25.000342881435074 25.001544867731283 25.000935680277717 25.000935680277312 25.00154486773023 25.000342881434307
25.00034302866944 25.001545015756278 25.00093582845208 25.000935828451663 25.001545015755262 25.000343028668556
25.00034317504918 25.00154516287591 25.00093597570839 25.000935975708003 25.00154516287487 25.00034317504834
25.00034332064462 25.001545309164552 25.000936122122248 25.000936122121793 25.00154530916354 25.000343320643907
25.000343465520668 25.0015454546906 25.0009362677628 25.000936267762352 25.001545454689587 25.000343465519855
25.00034360973603 25.001545599516906 25.00093641269384 25.000936412693434 25.00154559951588 25.000343609735303
25.000343753345525 25.00154574370071 25.000936556973784 25.00093655697332 25.001545743699786 25.000343753344684
25.000343896398665 25.001545887295357 25.000936700656055 25.00093670065563 25.001545887294395 25.00034389639782
25.000344038941254 25.00154603034895 25.00093684378991 25.000936843789493 25.00154603034804 25.000344038940575
25.000344181015585 25.001546172906266 25.0009369864205 25.00093698642008 25.001546172905275 25.000344181014793
25.000344322659856 25.001546315007992 25.000937128589204 25.000937128588717 25.001546315006973 25.000344322659146
25.00034446390974 25.001546456691518 25.00093727033398 25.00093727033353 25.001546456690583 25.000344463908945
25.00034460479737 25.001546597991492 25.000937411689748 25.000937411689286 25.001546597990533 25.000344604796634
25.000344745352738 25.00154673893938 25.00093755268858 25.00093755268815 25.00154673893837 25.000344745352052
25.00034488560315 25.00154687956407 25.00093769335976 25.00093769335928 25.001546879563012 25.00034488560251
25.000345025574138 25.001547019892122 25.00093783373018 25.000937833729743 25.001547019891124 25.00034502557314
25.00034516528767 25.001547159948178 25.000937973824772 25.0009379738243 25.001547159947126 25.00034516528688
25.00034530476565 25.001547299754442 25.000938113666063 25.00093811366568 25.001547299753373 25.000345304765005
25.000345444027506 25.001547439331485 25.000938253275056 25.00093825327457 25.00154743933042 25.00034544402679
25.000345583090823 25.00154757869813 25.0009383926707 25.000938392670275 25.00154757869707 25.000345583090084
25.000345721972067 25.001547717871738 25.00093853187067 25.00093853187025 25.001547717870704 25.000345721971176
25.000345860685893 25.001547856868296 25.000938670891024 25.00093867089056 25.001547856867194 25.000345860685094
25.000345999246473 25.00154799570208 25.000938809746554 25.000938809746106 25.001547995701078 25.000345999245635
25.00034613766603 25.001548134386816 25.000938948450766 25.000938948450305 25.001548134385793 25.000346137665304
25.00034627595653 25.001548272934585 25.00093908701619 25.0009390870157 25.001548272933547 25.000346275955813
25.000346414128447 25.00154841135672 25.000939225454164 25.000939225453656 25.001548411355646 25.000346414127698
25.000346552191623 25.00154854966348 25.000939363775238 25.000939363774805 25.001548549662502 25.000346552190816
25.00034669015486 25.001548687864485 25.000939501989038 25.000939501988604 25.00154868786348 25.000346690154004
25.000346828026444 25.00154882596841 25.000939640104292 25.00093964010386 25.001548825967326 25.00034682802556
25.00034696581369 25.001548963983 25.000939778129244 25.000939778128842 25.001548963982017 25.000346965813
25.00034710352391 25.0015491019159 25.00093991607127 25.000939916070813 25.001549101914893 25.00034710352323
25.00034724116346 25.001549239773798 25.00094005393716 25.00094005393672 25.001549239772736 25.00034724116262
25.000347378737768 25.001549377562757 25.00094019173319 25.00094019173275 25.00154937756166 25.000347378737
25.000347516252482 25.00154951528846 25.000940329465095 25.000940329464665 25.00154951528743 25.00034751625174
25.000347653712332 25.001549652956164 25.000940467138197 25.000940467137735 25.001549652955106 25.000347653711678
25.000347791122206 25.001549790570593 25.000940604757343 25.000940604756885 25.001549790569573 25.000347791121392
25.000347928485755 25.001549928136274 25.00094074232689 25.000940742326467 25.00154992813518 25.00034792848497
25.00034806580698 25.001550065656883 25.000940879850972 25.000940879850553 25.001550065655906 25.000348065806207
25.0003482030895 25.001550203136457 25.00094101733339 25.00094101733297 25.001550203135494 25.000348203088695
25.000348340336267 25.001550340578326 25.00094115477749 25.00094115477701 25.00155034057734 25.00034834033553
