0.7706595640130061 0.6355329977435056 0.6351001535918768 0.6355329977434961 0.7706595640129983
1.046922342421592 0.8758133758761864 0.8726910723582423 0.8758133758761736 1.046922342421582
1.3109147839839776 1.1200100640691086 1.1152331933855604 1.1200100640690918 1.310914783983966
1.5880781233985504 1.3843182736433355 1.3786571756688557 1.384318273643314 1.5880781233985362
1.89061088139792 1.6765838644152316 1.6707446382464703 1.6765838644152053 1.8906108813979035
2.2263455077546106 2.0025552888120837 1.9971693613063406 2.00255528881205 2.22634550775459
2.6010500542126436 2.3670513767992114 2.3626546267855746 2.36705137679917 2.601050054212619
3.0191473295063602 2.7741438172636657 2.771180346001356 2.7741438172636146 3.019147329506332
3.4838505945494314 3.227038407285188 3.2258767539458093 3.2270384072851286 3.4838505945493936
3.9970427072306216 3.7278310439187656 3.728781506580596 3.7278310439186932 3.997042707230578
4.5590450672252345 4.277210985823374 4.280538864283154 4.2772109858232845 4.559045067225179
5.168366041098276 4.874164522475612 4.880097923316268 4.8741645224755015 5.1683660410982135
5.821500280403001 5.515732453907397 5.524465087589135 5.515732453907267 5.821500280402923
6.512841382694804 6.196876117080421 6.208566267807382 6.1968761170802615 6.512841382694715
7.2347578550840606 6.910501008956857 6.92526814908562 6.910501008956657 7.23475785508396
7.977860771929706 7.647670454049868 7.665591036933965 7.647670454049629 7.977860771929593
8.731460830842277 8.39801427243225 8.419118129907147 8.398014272431977 8.731460830842126
9.484177604111718 9.150303414437335 9.174571914440456 9.150303414437031 9.48417760411155
10.224632938085838 9.893129025652675 9.9204957323851 9.893129025652307 10.224632938085623
10.942142325058168 10.615602466214217 10.645956549201133 10.615602466213796 10.942142325057933
11.62731814928232 11.307988118189275 11.341180268260606 11.307988118188822 11.627318149282106
12.272516904155866 11.962194845282497 11.998045068738595 11.962194845281996 12.272516904155594
12.872093123314071 12.572080320123936 12.610386762520779 12.572080320123373 12.872093123313773
13.422456994634153 13.133556712779695 13.174104628421771 13.133556712779106 13.422456994633837
13.921961813453002 13.644517420825677 13.68708752373966 13.64451742082501 13.921961813452668
14.370666008506825 14.104626090188955 14.14900173794138 14.104626090188262 14.370666008506499
14.770020975461112 14.515018635832286 14.560991543613026 14.515018635831561 14.770020975460767
15.122532338287737 14.877967565038762 14.925341971136204 14.877967565038018 15.122532338287355
15.431432288920561 15.196549122563123 15.245144496596621 15.196549122562335 15.431432288920167
15.70038825401886 15.474341637123224 15.52399412946796 15.474341637122414 15.700388254018387
15.933261323149296 15.715171263923315 15.765734144388512 15.715171263922484 15.933261323148887
16.133918385557315 15.922911151780761 15.974254491498753 15.92291115177991 16.133918385556886
16.306095358432458 16.1013327660432 16.153342594253917 16.10133276604235 16.306095358431996
16.453305066663248 16.25400364154479 16.306580772122793 16.254003641543903 16.453305066662825
16.578781679281743 16.384223713556295 16.43728239478429 16.384223713555397 16.57878167928128
16.68545344732334 16.494991908152382 16.54845840978914 16.49499190815147 16.685453447322857
16.775936218071838 16.588995234762585 16.642806452268026 16.588995234761697 16.775936218071394
16.852541359887812 16.66861371301025 16.72271584112877 16.668613713009325 16.85254135988734
16.917293008255 16.735935735757472 16.790283042467685 16.735935735756545 16.91729300825456
16.971950751912193 16.792779707052976 16.84733342341429 16.792779707052034 16.971950751911752
17.018034925260405 16.840718885169043 16.895446215816648 16.840718885168076 17.01803492525996
17.056852527857618 16.881107263105797 16.935980515025364 16.881107263104845 17.056852527857117
17.08952245765508 16.915105029027814 16.97010085184815 16.915105029026854 17.089522457654567
17.116999243687076 16.94370268599062 16.998801414596326 16.943702685989646 17.116999243686614
17.140094824949355 16.96774330193439 17.022928391114693 16.967743301933453 17.140094824948875
17.159498174244586 16.98794263668025 17.043200177337958 16.987942636679296 17.15949817424411
17.1757927348685 17.004907079535347 17.06022538635017 17.00490707953437 17.175792734868015
17.189471745925225 17.019149451959738 17.074518713094736 17.01914945195879 17.18947174592476
17.200951596129674 17.031102802958923 17.086514783261144 17.031102802957946 17.200951596129194
17.210583379491567 17.041132364681335 17.096580154747752 17.04113236468035 17.21058337949104
17.218662839222795 17.049545852814536 17.10502365720609 17.04954585281358 17.21866283922223
17.225438885794564 17.056602298608194 17.11210525735861 17.05660229860723 17.225438885794063
17.23112086643968 17.062519592303296 17.118043630662577 17.06251959230234 17.23112086643921
17.235884750113822 17.067480905320746 17.123022607385252 17.06748090531977 17.23588475011333
17.23987837641774 17.071640143410008 17.12719664592319 17.071640143409056 17.239878376417238
17.243225900817595 17.075126566848493 17.130695470007264 17.075126566847533 17.24322590081715
17.24603155268501 17.078048697818808 17.133627990400225 17.07804869781788 17.24603155268451
17.248382807796 17.080497619959683 17.13608561649344 17.08049761995874 17.248382807795576
17.25035306330117 17.082549761145078 17.138145049211158 17.082549761144094 17.250353063300697
17.252003890926105 17.084269237972624 17.139870634003834 17.084269237971654 17.252003890925653
17.25338693331489 17.085709829267124 17.141316341491272 17.085709829266147 17.253386933314406
17.254545498914684 17.0869166360906 17.142527433464387 17.08691663608967 17.254545498914172
17.25551590253891 17.08792747720597 17.143541863374747 17.087927477205007 17.25551590253845
17.2563285916099 17.088774061554 17.14439145302707 17.088774061553032 17.25632859160941
17.257009091955574 17.089482972955 17.145102880814974 17.089482972954034 17.257009091955084
17.257578801798488 17.090076496811292 17.145698511386122 17.090076496810315 17.257578801797965
17.25805565810986 17.090573313953566 17.146197091972454 17.090573313952625 17.258055658109395
17.258454695711595 17.090989082835883 17.146614336666183 17.090989082834902 17.2584546957111
17.258788516292096 17.091336927941665 17.146963416570586 17.091336927940677 17.258788516291546
17.259067681785055 17.091627849438215 17.14725537091595 17.09162784943726 17.2590676817846
17.25930104426199 17.091871066725798 17.14749945183372 17.09187106672487 17.259301044261488
17.25949602254883 17.092074306513137 17.14770341345832 17.09207430651219 17.25949602254833
17.25965883414985 17.092244044350924 17.147873754320834 17.09224404434997 17.259658834149366
17.259794689681208 17.09238570712557 17.148015920563225 17.0923857071246 17.259794689680678
17.259907955863213 17.09250384281017 17.14813447629319 17.0925038428092 17.259907955862776
17.260002292148414 17.092602262758444 17.148233246383924 17.092602262757488 17.26000229214798
17.260080765242172 17.092684160976745 17.148315436170044 17.09268416097578 17.260080765241696
17.260145945090624 17.0927522140939 17.14838373177281 17.092752214092933 17.26014594509014
17.260199985331422 17.092808665150454 17.148440384186603 17.092808665149477 17.260199985330907
17.2602446907201 17.09285539382302 17.14848727975296 17.09285539382206 17.26024469071961
17.260281573639617 17.092893975279132 17.148525999224024 17.09289397527814 17.26028157363915
17.260311901459076 17.092925729501324 17.148557867262216 17.09292572950039 17.26031190145861
17.260336736223 17.092951762624384 17.14858399392345 17.092951762623414 17.26033673622251
17.260356967912724 17.092973001576823 17.148605309422184 17.092973001575825 17.260356967912283
17.260373342320722 17.09299022311228 17.14862259326549 17.09299022311131 17.26037334232019
17.260386484409022 17.093004078138375 17.148636498668086 17.093004078137398 17.260386484408542
17.26039691788542 17.093015112104386 17.148647573012614 17.093015112103387 17.260396917884943
17.26040508160705 17.09302378208661 17.14865627499549 17.09302378208567 17.260405081606606
17.260411343327615 17.093030471106065 17.14866298899513 17.093030471105095 17.260411343327096
17.26041601121672 17.09303550012619 17.148668037112614 17.093035500125232 17.26041601121622
17.26041934351407 17.09303913810743 17.14867168926157 17.093039138106455 17.260419343513597
17.260421556618645 17.093041610432532 17.148674171623515 17.093041610431577 17.260421556618144
17.260422831867682 17.09304310596707 17.148675673733354 17.093043105966093 17.260422831867164
17.26042332121757 17.093043782975887 17.148676354416818 17.093043782974906 17.26042332121706
17.260423152004122 17.093043774081092 17.148676346766074 17.093043774080126 17.26042315200363
17.260422430931534 17.093043190416832 17.148675762308972 17.093043190415855 17.260422430931087
17.260421247415465 17.09304212511062 17.148674694503203 17.09304212510963 17.26042124741499
17.260419676383794 17.093040656201133 17.14867322166388 17.093040656200163 17.26041967638326
17.260417780624202 17.093038849082703 17.148671409417148 17.09303884908174 17.260417780623673
17.26041561275123 17.093036758554174 17.14866931275598 17.093036758553218 17.26041561275075
17.26041321685453 17.093034430535475 17.148666977763074 17.0930344305345 17.260413216854037
17.260410629880035 17.0930319035064 17.148664443054617 17.093031903505455 17.260410629879576
17.260407882787547 17.093029209711993 17.148661740989837 17.093029209711066 17.260407882787078
17.26040500152049 17.093026376172787 17.148658898685024 17.093026376171828 17.26040500152001
17.260402007818755 17.09302342553121 17.148655938862923 17.093023425530248 17.260402007818307
17.26039891989996 17.093020376761064 17.14865288056453 17.09302037676012 17.260398919899473
17.260395753029837 17.09301724576195 17.14864973974577 17.09301724576097 17.260395753029357
17.260392520000686 17.09301404585722 17.148646529777206 17.09301404585624 17.26039252000022
17.260389231532244 17.09301078821151 17.148643261863086 17.093010788210552 17.260389231531725
17.260385896607108 17.093007482180568 17.14863994539224 17.09300748217958 17.260385896606632
17.260382522752735 17.093004135604122 17.148636588232268 17.09300413560317 17.26038252275226
17.260379116276784 17.093000755051836 17.14863319697602 17.093000755050866 17.26037911627629
17.260375682464986 17.092997346028753 17.14862977714812 17.0929973460278 17.260375682464467
17.2603722257465 17.09299391314809 17.148626333378033 17.09299391314711 17.260372225745986
17.26036874983292 17.092990460275498 17.148622869545182 17.092990460274496 17.260368749832466
17.260365257834625 17.092986990650207 17.148619388900375 17.092986990649262 17.26036525783416
17.260361752357866 17.092983506986894 17.14861589416771 17.092983506985934 17.260361752357355
17.260358235586466 17.09298001156011 17.1486123876299 17.09298001155916 17.260358235586
17.26035470935078 17.09297650627599 17.148608871199894 17.092976506275058 17.260354709350263
17.260351175184205 17.092972992731834 17.14860534648046 17.09297299273087 17.260351175183736
17.260347634372017 17.09296947226605 17.148601814814945 17.092969472265104 17.260347634371556
17.260344087991115 17.0929659460003 17.148598277328862 17.09296594599934 17.260344087990596
17.2603405369438 17.0929624148744 17.148594734965474 17.092962414873448 17.260340536943275
17.260336981986335 17.09295887967602 17.148591188515095 17.09295887967505 17.26033698198578
17.26033342375225 17.09295534106504 17.148587638640095 17.09295534106407 17.26033342375178
17.2603298627728 17.092951799594577 17.14858408589543 17.09295179959358 17.260329862772313
17.260326299492803 17.092948255727997 17.148580530746212 17.092948255727034 17.2603262994923
17.260322734285143 17.09294470985372 17.14857697358213 17.09294470985274 17.26032273428459
17.26031916746218 17.092941162297134 17.148573414729793 17.092941162296135 17.260319167461677
17.260315599285875 17.09293761333089 17.148569854462828 17.092937613329937 17.260315599285388
17.260312029975584 17.092934063183602 17.148566293010624 17.092934063182625 17.260312029975093
17.26030845971513 17.092930512046685 17.148562730565274 17.092930512045704 17.2603084597147
17.260304888658762 17.09292696008062 17.148559167287857 17.092926960079666 17.26030488865819
17.260301316935198 17.092923407419885 17.148555603313255 17.092923407418905 17.260301316934765
17.260297744652995 17.09291985417711 17.148552038754616 17.09291985417614 17.260297744652526
17.26029417190267 17.092916300446777 17.148548473706622 17.092916300445825 17.26029417190218
17.260290598760175 17.09291274630796 17.148544908248745 17.092912746306986 17.260290598759674
17.260287025289152 17.09290919182699 17.14854134244749 17.09290919182599 17.26028702528869
17.26028345154304 17.092905637059392 17.14853777635861 17.092905637058404 17.260283451542552
17.260279877566376 17.092902082051733 17.148534210028785 17.09290208205074 17.260279877565942
17.260276303396864 17.09289852684304 17.14853064349723 17.09289852684207 17.26027630339634
17.260272729065626 17.092894971466002 17.148527076796693 17.09289497146501 17.26027272906515
17.26026915459916 17.092891415947996 17.148523509954792 17.092891415947047 17.26026915459867
17.26026558001947 17.092887860312057 17.14851994299443 17.092887860311055 17.260265580018906
17.260262005344792 17.09288430457726 17.148516375934943 17.092884304576316 17.260262005344355
17.26025843059096 17.092880748759935 17.14851280879254 17.092880748758933 17.26025843059048
17.260254855770732 17.09287719287339 17.148509241580772 17.09287719287242 17.260254855770274
17.2602512808951 17.09287363692904 17.148505674310975 17.092873636928093 17.260251280894614
17.260247705973054 17.09287008093642 17.14850210699265 17.092870080935437 17.260247705972564
17.260244131012293 17.092866524903364 17.14849853963382 17.092866524902423 17.260244131011785
17.260240556019117 17.092862968836606 17.148494972241195 17.092862968835668 17.260240556018662
17.260236980999057 17.09285941274173 17.14849140482029 17.092859412740765 17.260236980998567
17.26023340595651 17.092855856623405 17.14848783737588 17.092855856622435 17.26023340595596
17.26022983089511 17.0928523004855 17.14848426991183 17.092852300484555 17.260229830894648
17.26022625581823 17.092848744331366 17.148480702431442 17.092848744330407 17.26022625581774
17.260222680728436 17.092845188163746 17.148477134937515 17.092845188162748 17.260222680727907
17.260219105627904 17.092841631984875 17.148473567432422 17.09284163198391 17.26021910562735
17.260215530518476 17.092838075796788 17.14846999991797 17.09283807579582 17.260215530517968
17.26021195540177 17.092834519601034 17.148466432395832 17.092834519600068 17.26021195540125
17.260208380279074 17.092830963398985 17.14846286486741 17.092830963398015 17.260208380278524
17.26020480515138 17.092827407191795 17.14845929733379 17.09282740719081 17.260204805150874
17.260201230019753 17.092823850980405 17.148455729795987 17.09282385097942 17.260201230019252
17.260197654884873 17.092820294765644 17.148452162254767 17.092820294764646 17.260197654884387
17.260194079747436 17.092816738548105 17.14844859471081 17.092816738547135 17.260194079746963
17.26019050460792 17.0928131823284 17.14844502716466 17.092813182327433 17.260190504607447
17.26018692946686 17.092809626107023 17.148441459616837 17.092809626106042 17.260186929466343
17.260183354324546 17.092806069884325 17.148437892067662 17.092806069883363 17.260183354324045
17.260179779181264 17.09280251366065 17.14843432451752 17.092802513659652 17.260179779180813
17.26017620403746 17.092798957436276 17.148430756966683 17.09279895743531 17.26017620403693
17.260172628893148 17.092795401211422 17.14842718941536 17.092795401210466 17.260172628892654
17.260169053748648 17.092791844986312 17.14842362186378 17.092791844985356 17.260169053748154
17.26016547860404 17.092788288761053 17.148420054312076 17.09278828876013 17.26016547860356
17.260161903459515 17.092784732535904 17.148416486760425 17.092784732534934 17.260161903459046
17.260158328315168 17.092781176310787 17.148412919208884 17.09278117630987 17.260158328314674
17.260154753171108 17.09277762008602 17.14840935165758 17.092777620085027 17.260154753170593
17.260151178027296 17.092774063861516 17.148405784106593 17.092774063860535 17.260151178026806
17.260147602883897 17.092770507637375 17.148402216555997 17.092770507636406 17.260147602883453
17.260144027741042 17.092766951413683 17.148398649005834 17.09276695141271 17.26014402774054
17.260140452598616 17.092763395190474 17.148395081456176 17.092763395189483 17.260140452598126
17.260136877456812 17.092759838967744 17.148391513907036 17.09275983896682 17.260136877456258
17.260133302315424 17.092756282745654 17.148387946358444 17.09275628274469 17.260133302314962
17.260129727174757 17.092752726524115 17.14838437881045 17.092752726523162 17.260129727174252
17.26012615203467 17.0927491703032 17.148380811263053 17.09274917030226 17.260126152034154
17.26012257689522 17.092745614082908 17.148377243716315 17.092745614081952 17.26012257689469
17.26011900175637 17.092742057863244 17.148373676170177 17.0927420578623 17.260119001755896
17.260115426618214 17.09273850164427 17.148370108624754 17.092738501643307 17.260115426617777
17.26011185148081 17.092734945425946 17.148366541079984 17.092734945424997 17.26011185148031
17.26010827634402 17.092731389208286 17.148362973535907 17.092731389207348 17.260108276343537
17.26010470120793 17.092727832991347 17.1483594059925 17.092727832990384 17.26010470120746
17.260101126072588 17.092724276775105 17.148355838449792 17.092724276774117 17.260101126072087
17.260097550937896 17.092720720559534 17.1483522709078 17.092720720558564 17.260097550937402
17.260093975803937 17.092717164344702 17.148348703366498 17.092717164343718 17.260093975803443
17.260090400670723 17.092713608130524 17.148345135825924 17.09271360812957 17.260090400670197
17.26008682553819 17.092710051917102 17.148341568286043 17.092710051916132 17.260086825537655
17.260083250406332 17.09270649570436 17.148338000746865 17.09270649570343 17.260083250405845
17.260079675275232 17.092702939492384 17.148334433208476 17.09270293949141 17.260079675274774
17.26007610014488 17.092699383281115 17.148330865670747 17.092699383280134 17.260076100144406
17.260072525015225 17.092695827070557 17.148327298133786 17.0926958270696 17.260072525014774
17.26006894988637 17.0926922708607 17.148323730597546 17.092692270859775 17.26006894988585
17.26006537475816 17.092688714651647 17.14832016306199 17.09268871465066 17.260065374757662
17.260061799630744 17.092685158443242 17.148316595527206 17.09268515844228 17.26006179963024
17.26005822450401 17.092681602235583 17.148313027993126 17.092681602234617 17.26005822450348
17.260054649378013 17.092678046028656 17.14830946045976 17.092678046027697 17.260054649377523
17.260051074252704 17.092674489822468 17.14830589292716 17.0926744898215 17.26005107425227
17.26004749912817 17.09267093361698 17.148302325395264 17.092670933616034 17.260047499127722
17.26004392400442 17.09266737741225 17.14829875786409 17.092667377411264 17.260043924003938
17.260040348881382 17.092663821208177 17.148295190333688 17.09266382120724 17.26004034888088
17.260036773759044 17.0926602650049 17.14829162280397 17.092660265003943 17.260036773758525
17.260033198637423 17.092656708802338 17.148288055275025 17.09265670880137 17.26003319863693
17.26002962351656 17.092653152600512 17.148284487746754 17.09265315259952 17.260029623516054
17.260026048396416 17.092649596399447 17.14828092021926 17.092649596398417 17.260026048395922
17.260022473277004 17.092646040199025 17.148277352692496 17.092646040198048 17.260022473276514
17.260018898158307 17.092642483999356 17.148273785166438 17.092642483998407 17.260018898157874
17.260015323040435 17.09263892780046 17.14827021764115 17.09263892779947 17.260015323039923
17.26001174792318 17.09263537160225 17.14826665011658 17.092635371601304 17.260011747922714
17.260008172806753 17.092631815404825 17.148263082592752 17.092631815403834 17.26000817280626
17.260004597691065 17.092628259208052 17.148259515069604 17.0926282592071 17.260004597690518
17.260001022575995 17.09262470301206 17.14825594754723 17.092624703011108 17.260001022575516
17.259997447461753 17.09262114681679 17.14825238002559 17.09262114681584 17.25999744746126
17.259993872348193 17.09261759062224 17.148248812504665 17.092617590621284 17.259993872347696
17.25999029723536 17.092614034428465 17.148245244984484 17.09261403442748 17.259990297234918
17.259986722123365 17.092610478235358 17.14824167746503 17.092610478234395 17.259986722122846
17.259983147011965 17.092606922043004 17.148238109946295 17.09260692204203 17.259983147011525
17.25997957190144 17.092603365851367 17.148234542428312 17.09260336585041 17.25997957190094
17.25997599679154 17.092599809660477 17.148230974911076 17.09259980965954 17.25997599679109
17.259972421682455 17.092596253470315 17.148227407394543 17.09259625346937 17.259972421681958
17.25996884657402 17.092592697280903 17.148223839878746 17.09259269727993 17.259968846573553
17.259965271466367 17.092589141092215 17.148220272363687 17.092589141091235 17.259965271465898
17.259961696359454 17.092585584904203 17.14821670484937 17.09258558490326 17.259961696358953
17.25995812125326 17.092582028716997 17.14821313733577 17.092582028716016 17.25995812125279
17.259954546147828 17.092578472530466 17.148209569822903 17.09257847252952 17.25995454614733
17.25995097104309 17.09257491634471 17.148206002310804 17.092574916343743 17.259950971042603
17.25994739593905 17.09257136015965 17.148202434799416 17.09257136015869 17.259947395938614
17.259943820835826 17.09256780397534 17.148198867288738 17.092567803974365 17.259943820835367
17.25994024573329 17.092564247791742 17.148195299778806 17.092564247790776 17.25994024573283
17.259936670631486 17.092560691608863 17.148191732269623 17.092560691607908 17.25993667063105
17.259933095530503 17.092557135426713 17.148188164761123 17.09255713542578 17.25993309552999
17.25992952043015 17.092553579245305 17.148184597253387 17.092553579244388 17.259929520429655
17.25992594533055 17.09255002306467 17.148181029746397 17.092550023063698 17.259925945330064
17.25992237023169 17.092546466884734 17.148177462240106 17.09254646688375 17.25992237023121
17.259918795133583 17.092542910705472 17.14817389473454 17.09254291070452 17.25991879513308
17.25991522003622 17.09253935452701 17.14817032722975 17.092539354526032 17.2599152200357
17.259911644939553 17.092535798349232 17.148166759725704 17.09253579834828 17.259911644939027
17.259908069843625 17.092532242172236 17.14816319222231 17.092532242171238 17.259908069843128
17.25990449474846 17.092528685995934 17.148159624719707 17.09252868599497 17.25990449474792
17.25990091965402 17.092525129820327 17.148156057217854 17.092525129819403 17.259900919653493
17.25989734456025 17.09252157364551 17.148152489716686 17.09252157364455 17.25989734455976
17.259893769467233 17.092518017471434 17.148148922216258 17.09251801747043 17.259893769466768
17.259890194375032 17.09251446129801 17.148145354716593 17.092514461297068 17.259890194374517
17.259886619283467 17.092510905125362 17.148141787217607 17.092510905124406 17.259886619282987
17.259883044192758 17.092507348953454 17.148138219719403 17.09250734895249 17.259883044192215
17.259879469102717 17.09250379278228 17.148134652221934 17.09250379278133 17.259879469102202
17.259875894013405 17.09250023661186 17.14813108472519 17.09250023661084 17.259875894012882
17.259872318924742 17.09249668044213 17.14812751722917 17.09249668044115 17.259872318924316
17.25986874383696 17.09249312427308 17.148123949733886 17.092493124272142 17.259868743836467
17.259865168749798 17.09248956810485 17.148120382239316 17.0924895681039 17.259865168749364
17.259861593663476 17.092486011937325 17.148116814745492 17.092486011936366 17.25986159366298
17.259858018577773 17.092482455770526 17.148113247252418 17.092482455769552 17.259858018577322
17.259854443492923 17.09247889960441 17.148109679760033 17.092478899603453 17.259854443492408
17.259850868408748 17.09247534343909 17.14810611226844 17.09247534343812 17.259850868408257
17.259847293325258 17.09247178727447 17.148102544777522 17.092471787273514 17.259847293324793
17.259843718242628 17.092468231110633 17.14809897728739 17.09246823110963 17.259843718242088
17.25984014316062 17.092464674947426 17.148095409797936 17.092464674946473 17.259840143160126
17.259836568079415 17.092461118784996 17.148091842309253 17.09246111878403 17.259836568078896
17.259832992998838 17.09245756262333 17.148088274821298 17.09245756262235 17.259832992998398
17.259829417919153 17.092454006462372 17.148084707334068 17.092454006461388 17.25982941791863
17.2598258428401 17.092450450302128 17.14808113984756 17.092450450301158 17.259825842839586
17.259822267761745 17.092446894142622 17.148077572361768 17.09244689414165 17.2598222677613
17.259818692684195 17.092443337983823 17.148074004876737 17.092443337982875 17.259818692683716
17.25981511760735 17.09243978182575 17.148070437392438 17.092439781824833 17.259815117606884
17.25981154253128 17.092436225668475 17.14806686990885 17.0924362256675 17.259811542530766
17.25980796745589 17.092432669511883 17.148063302426028 17.092432669510913 17.2598079674554
17.259804392381266 17.092429113355998 17.14805973494391 17.09242911335504 17.259804392380765
17.259800817307404 17.092425557200894 17.14805616746256 17.092425557199917 17.259800817306893
17.259797242234157 17.092422001046504 17.14805259998188 17.092422001045524 17.259797242233702
17.259793667161734 17.09241844489282 17.148049032501973 17.09241844489185 17.259793667161276
17.259790092090114 17.09241488873988 17.1480454650228 17.092414888738915 17.259790092089588
17.25978651701903 17.092411332587655 17.148041897544317 17.092411332586696 17.259786517018615
17.259782941948874 17.0924077764362 17.148038330066644 17.092407776435234 17.25978294194837
17.259779366879293 17.092404220285452 17.148034762589646 17.092404220284475 17.259779366878885
17.259775791810608 17.092400664135443 17.148031195113404 17.092400664134452 17.259775791810142
17.259772216742615 17.092397107986148 17.14802762763789 17.09239710798518 17.2597722167421
17.259768641675272 17.09239355183759 17.148024060163106 17.092393551836615 17.25976864167479
17.259765066608654 17.092389995689754 17.14802049268905 17.092389995688784 17.259765066608235
17.259761491542857 17.092386439542686 17.14801692521572 17.092386439541702 17.259761491542424
17.259757916477774 17.092382883396294 17.14801335774314 17.092382883395334 17.259757916477305
17.259754341413473 17.092379327250633 17.148009790271256 17.092379327249684 17.259754341412943
17.259750766349804 17.092375771105754 17.14800622280019 17.09237577110478 17.25975076634937
17.25974719128693 17.09237221496158 17.148002655329805 17.092372214960616 17.259747191286444
17.259743616224743 17.092368658818124 17.147999087860118 17.09236865881713 17.259743616224306
17.25974004116337 17.092365102675355 17.14799552039119 17.092365102674417 17.259740041162882
17.25973646610269 17.09236154653339 17.147991952922997 17.092361546532437 17.259736466102193
17.259732891042752 17.092357990392145 17.14798838545555 17.092357990391182 17.25973289104225
17.25972931598346 17.092354434251625 17.147984817988803 17.09235443425064 17.259729315983016
17.25972574092505 17.09235087811183 17.14798125052279 17.092350878110853 17.259725740924498
17.259722165867284 17.092347321972742 17.147977683057533 17.09234732197177 17.259722165866766
17.259718590810255 17.092343765834375 17.147974115593 17.092343765833437 17.25971859080976
17.259715015754015 17.092340209696772 17.147970548129177 17.092340209695816 17.259715015753443
17.259711440698325 17.09233665355989 17.147966980666123 17.092336653558935 17.259711440697913
17.259707865643595 17.09233309742377 17.147963413203787 17.09233309742278 17.259707865643072
