0.7396208770692272 0.6092942400056846 0.6087193800669989 0.6087193800669995 0.6092942400056856 0.7396208770692289
0.9911950549639096 0.8211449648112716 0.8122128233768194 0.8122128233768218 0.8211449648112735 0.9911950549639107
1.218726320091784 1.0253399515087018 1.0081604719145474 1.0081604719145496 1.0253399515087052 1.2187263200917857
1.4436320973141927 1.2366956534931262 1.2122917410854601 1.2122917410854637 1.236695653493133 1.443632097314194
1.676319824832428 1.4616006665422379 1.4310134119370586 1.431013411937064 1.4616006665422467 1.6763198248324305
1.9234999279540272 1.704192365563038 1.6682818326925462 1.6682818326925553 1.7041923655630509 1.9234999279540306
2.190010849560497 1.9677136759810998 1.9271423895652344 1.9271423895652442 1.9677136759811187 2.190010849560502
2.4795592199030447 2.2549218194288745 2.2101859592371875 2.2101859592372017 2.254921819428894 2.4795592199030496
2.7950739054329286 2.568211933757335 2.51968162908217 2.519681629082188 2.56821193375736 2.795073905432932
3.1388677948013743 2.909628515997204 2.8575864866014298 2.8575864866014515 2.9096285159972353 3.138867794801378
3.5126893982957452 3.2808228707087332 3.2254989283302975 3.225498928330324 3.280822870708775 3.5126893982957488
3.917709059607439 3.6829813250627415 3.624582545246033 3.624582545246065 3.6829813250627934 3.9177090596074424
4.354468218382793 4.116738354530249 4.055475146659816 4.055475146659857 4.11673835453031 4.354468218382798
4.822812220863853 4.582085676406907 4.51819382324505 4.5181938232451 4.582085676406979 4.822812220863856
5.321823248861613 5.0782879068784235 5.01204635886313 5.012046358863182 5.078287906878503 5.3218232488616115
5.84976778298186 5.603815577414459 5.535559544816967 5.535559544817036 5.603815577414559 5.849767782981864
6.404071247888236 6.156306159604817 6.086434929601124 6.086434929601197 6.156306159604938 6.404071247888232
6.981330214285483 6.732562641238776 6.661541600065087 6.66154160006518 6.732562641238914 6.981330214285469
7.577369262506684 7.328596792310096 7.256953368262105 7.256953368262212 7.328596792310261 7.577369262506678
8.187345245213356 7.939720512613686 7.86803415435477 7.86803415435489 7.939720512613875 8.187345245213333
8.805896507608507 8.560683846072907 8.48957065822535 8.48957065822549 8.560683846073115 8.80589650760848
9.427329250905471 9.185852979122254 9.115946169148375 9.115946169148515 9.185852979122492 9.427329250905451
10.04582847826441 9.809416629129784 9.741344376318375 9.741344376318532 9.80941662913005 10.045828478264388
10.655677666372846 10.425605537731881 10.359968183308922 10.359968183309107 10.425605537732178 10.655677666372842
11.251470072755161 11.02890801114094 10.966256524293092 10.966256524293293 11.028908011141278 11.251470072755113
11.828295648359683 11.614264941758421 11.555082422348796 11.555082422349008 11.614264941758762 11.828295648359639
12.381890655929675 12.177230401871068 12.121917970585537 12.121917970585768 12.177230401871455 12.381890655929633
12.908741683840821 12.714088199424145 12.662956075377956 12.66295607537821 12.714088199424557 12.908741683840745
13.406140949763687 13.221919926697804 13.175183897965164 13.175183897965445 13.221919926698268 13.406140949763595
13.872194745990276 13.69862513849234 13.656408086931483 13.656408086931783 13.698625138492813 13.872194745990218
14.305790894302667 14.142898614950257 14.105236334852286 14.1052363348526 14.14289861495079 14.30579089430256
14.706533743217445 14.554172705946023 14.521022994505065 14.521022994505392 14.55417270594655 14.70653374321735
15.074656454639529 14.932534341234085 14.903788241162603 14.903788241162918 14.932534341234632 15.074656454639475
15.41092024894342 15.27862652284195 15.254120639945201 15.254120639945553 15.278626522842524 15.410920248943349
15.716509228391487 15.593543282711929 15.573072244397393 15.57307224439775 15.593543282712526 15.716509228391367
15.992927759134416 15.878725563874939 15.8620538845998 15.862053884600181 15.878725563875573 15.992927759134373
16.241905518014292 16.135863636728885 16.122736474020336 16.12273647402072 16.135863636729507 16.24190551801422
16.465313482345422 16.3668097968508 16.356962287075582 16.356962287075984 16.3668097968515 16.46531348234538
16.665092543749644 16.573503417701023 16.566668455600247 16.56666845560062 16.573503417701726 16.665092543749587
16.843195155355257 16.757909067427804 16.75382352900968 16.753823529010088 16.75790906742848 16.843195155355154
17.001539497741124 16.92196738296254 16.920376886772583 16.920376886772992 16.921967382963235 17.001539497740975
17.141975046875054 17.067557711147117 17.068220072301663 17.068220072302083 17.06755771114785 17.141975046874936
17.26625809423942 17.19647112811659 17.199158689420194 17.19915868942063 17.196471128117313 17.2662580942393
17.376035642977385 17.31039227331833 17.31489330564084 17.31489330564127 17.31039227331911 17.37603564297729
17.472836123657647 17.410888421435242 17.41700777819694 17.417007778197394 17.410888421436017 17.472836123657434
17.55806548677402 17.499404309102488 17.506963503023172 17.506963503023623 17.49940430910321 17.558065486773828
17.633007394867118 17.57726138913083 17.586098237851665 17.586098237852127 17.57726138913161 17.63300739486699
17.698826424601553 17.645660369551383 17.65562833359459 17.655628333595054 17.645660369552157 17.69882642460144
17.756573377425127 17.70568608489281 17.716653398847548 17.716653398847974 17.7056860848936 17.756573377424935
17.80719197353953 17.758313927778328 17.770162604892114 17.770162604892555 17.758313927779135 17.807191973539414
17.851526360721504 17.804417231664726 17.817042003851522 17.817042003851988 17.80441723166548 17.85152636072141
17.890329004081256 17.844775136439406 17.858082376308403 17.85808237630884 17.844775136440234 17.89032900408112
17.92426863492061 17.880080586808806 17.893987245618316 17.893987245618774 17.88008058680958 17.924268634920466
17.953938027873583 17.910948210033197 17.925380795263962 17.925380795264427 17.910948210033965 17.953938027873484
17.979861447788423 17.937921896738654 17.952815504947303 17.952815504947758 17.93792189673944 17.97986144778827
18.002501663990905 17.96148196885217 17.97677938329188 17.97677938329236 17.96148196885298 18.002501663990724
18.022266472321135 17.98205186487039 17.997702722721204 17.997702722721673 17.98205186487117 18.022266472321004
18.03951469713398 18.00000430722105 18.01596433786759 18.01596433786806 18.000004307221854 18.039514697133786
18.054561668505283 18.01566694170381 18.031897275075128 18.031897275075607 18.015666941704584 18.054561668505055
18.067684186078207 18.029327456870973 18.045793999201003 18.045793999201475 18.029327456871744 18.067684186078008
18.079124991875307 18.041238203394713 18.057911076686132 18.05791107668659 18.04123820339556 18.079124991875226
18.08909678128983 18.051620341312905 18.068473382153666 18.06847338215413 18.051620341313676 18.089096781289705
18.097785785366025 18.060667547650958 18.077677860721465 18.077677860721934 18.060667547651782 18.097785785365815
18.10535495920603 18.068549319149398 18.085696880675663 18.085696880676117 18.06854931915019 18.105354959205908
18.111946811511345 18.07541390534714 18.092681211840226 18.09268121184071 18.075413905347922 18.111946811511192
18.117685909377265 18.08139090661813 18.098762664428587 18.098762664429074 18.081390906618967 18.117685909377112
18.122681090866244 18.08659357030689 18.104056421781777 18.10405642178224 18.086593570307674 18.122681090866035
18.127027415855373 18.09112081616199 18.108663098492226 18.108663098492688 18.09112081616282 18.12702741585521
18.130807883394702 18.095059020042765 18.112670553201827 18.11267055320231 18.095059020043564 18.130807883394546
18.134094941453608 18.098483582515083 18.116155483012257 18.116155483012733 18.098483582515872 18.1340949414535
18.136951812588336 18.101460306589143 18.119184824068693 18.11918482406916 18.101460306589928 18.136951812588187
18.13943365678293 18.104046606535398 18.12181698055346 18.121816980553927 18.104046606536198 18.139433656782792
18.141588590561664 18.106292567516796 18.124102902104624 18.12410290210507 18.106292567517546 18.1415885905615
18.14345857944988 18.108241873706696 18.12608702758841 18.12608702758887 18.108241873707467 18.14345857944974
18.145080219003383 18.10993262065388 18.127808111222947 18.127808111223448 18.1099326206547 18.1450802190032
18.146485417921557 18.1113980259027 18.129299945277126 18.129299945277594 18.111398025903497 18.146485417921486
18.147701995220405 18.112667050286245 18.130591991956624 18.130591991957065 18.112667050287076 18.14770199522022
18.148754202045353 18.11376494087497 18.131709935634003 18.131709935634465 18.113764940875804 18.148754202045218
18.149663177463296 18.114713705270834 18.132676165269636 18.13267616527011 18.114713705271647 18.149663177463196
18.150447346450687 18.115532525785632 18.133510195700296 18.13351019570073 18.11553252578648 18.150447346450534
18.151122767309122 18.116238121014145 18.134229035429975 18.134229035430423 18.11623812101493 18.151122767308873
18.151703434857776 18.1168450613998 18.13484750763086 18.134847507631342 18.116845061400593 18.151703434857584
18.1522015449731 18.117366044585335 18.135378530241283 18.13537853024175 18.117366044586113 18.15220154497294
18.15262772535818 18.117812135623208 18.13583336032325 18.135833360323705 18.117812135624032 18.152627725358
18.152991236819357 18.118192976495674 18.136221807202325 18.13622180720278 18.118192976496474 18.152991236819187
18.153300148793377 18.11851696883572 18.13655241834861 18.136552418349094 18.11851696883658 18.153300148793218
18.153561492399106 18.11879143325715 18.136832641463513 18.136832641463997 18.118791433257957 18.153561492398914
18.153781393876034 18.119022748270055 18.137068965800974 18.137068965801447 18.119022748270837 18.153781393875914
18.1539651909133 18.119216471386675 18.13726704537079 18.137267045371253 18.11921647138747 18.153965190913134
18.154117534051004 18.11937744468991 18.13743180633701 18.137431806337478 18.119377444690716 18.15411753405085
18.154242475066148 18.119509886851564 18.137567540631405 18.13756754063186 18.11950988685237 18.154242475065935
18.15434354400542 18.119617473333285 18.13767798754543 18.137677987545892 18.119617473334074 18.15434354400538
18.154423816322446 18.11970340628437 18.137766404840484 18.137766404840953 18.119703406285172 18.154423816322353
18.154485971383473 18.119770475455887 18.137835630719053 18.137835630719508 18.119770475456672 18.15448597138335
18.154532343453308 18.119821111283972 18.137888137829155 18.137888137829627 18.119821111284725 18.154532343453237
18.154564966123445 18.11985743114654 18.13792608032419 18.137926080324632 18.119857431147334 18.154564966123317
18.15458561102457 18.119881279670473 18.137951334869385 18.137951334869864 18.11988127967125 18.154585611024444
18.15459582155951 18.119894263852313 18.13796553637303 18.13796553637348 18.119894263853123 18.15459582155936
18.15459694229408 18.119897783660495 18.137970109119177 18.137970109119642 18.119897783661287 18.154596942294013
18.154590144566196 18.119893058698008 18.137966293894113 18.13796629389461 18.119893058698857 18.15459014456605
18.15457644879694 18.119881151433944 18.137955171620746 18.137955171621226 18.11988115143476 18.154576448796817
18.15455674393103 18.119862987443188 18.137937683950206 18.137937683950703 18.119862987444016 18.154556743930957
18.15453180437284 18.119839373041003 18.137914651202507 18.13791465120298 18.119839373041806 18.154531804372738
18.154502304742035 18.119811010646263 18.13788678799669 18.13788678799718 18.119811010647066 18.15450230474186
18.154468832728714 18.119778512166757 18.137854716868482 18.13785471686894 18.11977851216753 18.15446883272856
18.15443190029347 18.11974241065972 18.137818980133687 18.137818980134153 18.119742410660557 18.15443190029345
18.15439195342458 18.1197031704916 18.137780050223938 18.13778005022441 18.11970317049243 18.1543919534245
18.154349380637473 18.11966119618803 18.137738338690806 18.137738338691285 18.119661196188826 18.15434938063736
18.154304520380723 18.119616840144484 18.137694204050295 18.137694204050767 18.119616840145298 18.154304520380606
18.154257667487396 18.11957040934341 18.13764795861656 18.137647958617062 18.119570409344252 18.154257667487173
18.154209078794576 18.11952217120614 18.13759987445536 18.137599874455855 18.11952217120693 18.15420907879439
18.15415897804026 18.119472358690345 18.137550188570383 18.137550188570856 18.119472358691098 18.154158978040122
18.15410756012828 18.119421174731354 18.13749910742154 18.137499107422 18.119421174732114 18.154107560128026
18.154054994843623 18.119368796110958 18.137446810860876 18.137446810861373 18.11936879611179 18.15405499484341
18.154001430090045 18.11931537682792 18.13739345556155 18.137393455562023 18.1193153768287 18.15400143008992
18.15394699470977 18.119261051033536 18.13733917800485 18.13733917800529 18.119261051034332 18.15394699470965
18.15389180093953 18.119205935589765 18.1372840970822 18.13728409708266 18.119205935590593 18.153891800939462
18.15383594655112 18.11915013229735 18.137228316362314 18.137228316362798 18.119150132298163 18.15383594655099
18.153779516715108 18.11909372983665 18.13717192606566 18.137171926066138 18.119093729837463 18.153779516714977
18.153722585625093 18.119036805458627 18.13711500478486 18.13711500478533 18.11903680545944 18.153722585624973
18.153665217912277 18.118979426457816 18.137057620983065 18.137057620983562 18.11897942645868 18.15366521791218
18.153607469878192 18.1189216514558 18.136999834299814 18.136999834300287 18.118921651456578 18.153607469877983
18.153549390567267 18.118863531518187 18.13694169668773 18.1369416966882 18.118863531518976 18.153549390567154
18.153491022703545 18.11880511112928 18.136883253403635 18.136883253404086 18.11880511113013 18.153491022703438
18.15343240350411 18.118746429040012 18.1368245438712 18.136824543871665 18.11874642904083 18.153432403503924
18.153373565389163 18.118687519006567 18.13676560243305 18.136765602433503 18.118687519007388 18.153373565389035
18.153314536600615 18.11862841043459 18.1367064590053 18.13670645900575 18.118628410435363 18.153314536600472
18.15325534174009 18.118569128939477 18.136647139648296 18.136647139648773 18.118569128940255 18.153255341739985
18.15319600223861 18.11850969683519 18.13658766706361 18.13658766706405 18.118509696836025 18.153196002238417
18.15313653676458 18.11845013355977 18.136528061026553 18.136528061027 18.11845013356058 18.153136536764364
18.15307696158047 18.118390456045702 18.136468338763827 18.136468338764313 18.118390456046484 18.153076961580364
18.153017290852855 18.118330679043137 18.13640851528173 18.136408515282195 18.11833067904392 18.15301729085268
18.15295753692194 18.118270815400983 18.136348603652365 18.13634860365284 18.11827081540184 18.152957536921853
18.152897710537886 18.118210876312304 18.136288615262956 18.136288615263428 18.118210876313086 18.152897710537754
18.15283782106485 18.11815087152712 18.136228560033036 18.136228560033487 18.11815087152792 18.152837821064683
18.152777876660192 18.118090809539005 18.136168446603538 18.136168446604017 18.11809080953978 18.15277787666004
18.152717884429826 18.118030697746644 18.13610828250176 18.136108282502224 18.118030697747464 18.152717884429702
18.15265785056386 18.117970542595213 18.136048074284666 18.136048074285174 18.11797054259604 18.152657850563735
18.152597780454474 18.11791034969908 18.135987827664202 18.13598782766468 18.117910349699894 18.15259778045433
18.152537678798716 18.11785012394891 18.135927547615992 18.135927547616472 18.117850123949765 18.152537678798648
18.152477549688577 18.11778986960523 18.135867238474315 18.135867238474795 18.117789869606007 18.152477549688435
18.152417396688147 18.117729590379 18.135806904014938 18.13580690401541 18.11772959037983 18.152417396687987
18.152357222902477 18.11766928950334 18.135746547526814 18.135746547527265 18.117669289504104 18.152357222902356
18.15229703103628 18.117608969794226 18.13568617187502 18.135686171875474 18.117608969795032 18.152297031036124
18.152236823445545 18.117548633704985 18.13562577955535 18.135625779555813 18.117548633705784 18.152236823445456
18.152176602182863 18.11748828337253 18.135565372741898 18.13556537274234 18.117488283373316 18.15217660218278
18.15211636903607 18.11742792065842 18.13550495332853 18.135504953328994 18.11742792065924 18.152116369035976
18.152056125562666 18.1173675471843 18.13544452296503 18.135444522965496 18.117367547185108 18.15205612556242
18.151995873118945 18.117307164362696 18.135384083088493 18.135384083088944 18.117307164363528 18.15199587311886
18.15193561288716 18.117246773424238 18.135323634950804 18.135323634951263 18.117246773424988 18.151935612886984
18.15187534589652 18.117186375440625 18.13526317964248 18.13526317964294 18.117186375441417 18.151875345896393
18.151815073044062 18.117125971345757 18.13520271811345 18.135202718113923 18.11712597134653 18.151815073043867
18.151754795110683 18.117065561952927 18.135142251191283 18.135142251191755 18.117065561953765 18.151754795110538
18.151694512777073 18.117005147970765 18.13508177959679 18.13508177959726 18.1170051479716 18.151694512776956
18.151634226636062 18.116944730016503 18.13502130395795 18.13502130395839 18.116944730017277 18.151634226635938
18.15157393720394 18.116884308627682 18.13496082482167 18.13496082482214 18.116884308628507 18.15157393720381
18.151513644930628 18.116823884272794 18.134900342664523 18.134900342665 18.116823884273614 18.15151364493043
18.151453350207767 18.116763457359788 18.134839857901557 18.134839857902037 18.116763457360577 18.151453350207625
18.151393053376868 18.116703028243958 18.134779370894353 18.13477937089484 18.116703028244782 18.151393053376747
18.15133275473522 18.116642597235113 18.134718881957877 18.13471888195835 18.116642597235884 18.15133275473511
18.151272454541914 18.116582164602725 18.134658391366504 18.13465839136696 18.116582164603532 18.151272454541793
18.151212153022477 18.116521730581844 18.134597899359225 18.134597899359715 18.116521730582633 18.15121215302236
18.151151850373573 18.11646129537709 18.134537406144272 18.134537406144755 18.116461295377892 18.15115185037335
18.1510915467662 18.116400859166678 18.134476911902972 18.134476911903448 18.11640085916751 18.151091546766065
18.15103124234967 18.116340422106 18.134416416793346 18.134416416793783 18.11634042210679 18.151031242349525
18.150970937253813 18.116279984330205 18.134355920952935 18.134355920953386 18.116279984331047 18.150970937253717
18.15091063159192 18.116219545957314 18.134295424501698 18.134295424502188 18.11621954595809 18.150910631591838
18.150850325462503 18.116159107089732 18.134234927544046 18.134234927544536 18.11615910709055 18.150850325462432
18.150790018951525 18.1160986678171 18.13417443017096 18.134174430171445 18.116098667817873 18.15079001895137
18.150729712133653 18.11603822821715 18.134113932461705 18.134113932462174 18.11603822821795 18.150729712133504
18.150669405074236 18.11597778835785 18.134053434485242 18.134053434485732 18.11597778835861 18.150669405073984
18.150609097829804 18.115917348298165 18.133992936301755 18.133992936302224 18.11591734829899 18.15060909782954
18.150548790449736 18.115856908089746 18.13393243796361 18.133932437964077 18.115856908090507 18.15054879044965
18.15048848297754 18.115796467777304 18.13387193951644 18.13387193951689 18.115796467778097 18.15048848297742
18.150428175450482 18.115736027399972 18.133811440999935 18.13381144100042 18.115736027400803 18.150428175450294
18.15036786790118 18.115675586991806 18.133750942448835 18.13375094244928 18.11567558699262 18.150367867901032
18.150307560358293 18.11561514658242 18.13369044389321 18.133690443893684 18.115615146583224 18.150307560358055
18.15024725284635 18.115554706197624 18.133629945359363 18.13362994535985 18.115554706198456 18.150247252846228
18.150186945387212 18.115494265859958 18.133569446870183 18.133569446870673 18.115494265860786 18.150186945387098
18.15012663799973 18.115433825589 18.133508948445623 18.133508948446075 18.115433825589797 18.150126637999545
18.150066330699993 18.115373385401796 18.133448450103018 18.13344845010346 18.115373385402606 18.150066330699865
18.150006023502623 18.115312945313278 18.133387951857497 18.133387951857944 18.115312945314066 18.150006023502446
18.149945716419797 18.115252505336322 18.13332745372226 18.13332745372273 18.11525250533713 18.149945716419687
18.149885409462456 18.11519206548222 18.133266955708773 18.133266955709228 18.11519206548302 18.149885409462385
18.149825102640197 18.115131625760867 18.13320645782703 18.1332064578275 18.115131625761673 18.149825102640058
18.149764795961012 18.11507118618082 18.13314596008577 18.13314596008626 18.11507118618159 18.14976479596088
18.149704489432192 18.115010746749434 18.13308546249256 18.13308546249303 18.115010746750247 18.149704489432025
18.149644183059845 18.114950307473325 18.133024965054023 18.133024965054517 18.114950307474132 18.14964418305971
18.149583876849505 18.1148898683581 18.1329644677759 18.132964467776386 18.11488986835889 18.149583876849416
18.14952357080584 18.114829429408662 18.13290397066321 18.13290397066371 18.114829429409465 18.14952357080583
18.149463264933242 18.11476899062934 18.132843473720364 18.132843473720815 18.114768990630164 18.14946326493314
18.149402959234965 18.114708552023867 18.132782976951074 18.132782976951546 18.1147085520247 18.149402959234862
18.149342653714317 18.114648113595514 18.132722480358716 18.132722480359185 18.11464811359634 18.149342653714182
18.149282348373912 18.11458767534712 18.1326619839462 18.132661983946637 18.114587675347938 18.149282348373788
18.149222043216216 18.11452723728117 18.132601487715995 18.13260148771645 18.114527237281973 18.149222043216085
18.149161738243254 18.11446679939982 18.13254099167027 18.132540991670766 18.114466799400564 18.149161738243116
18.14910143345682 18.114406361704802 18.132480495811034 18.132480495811507 18.114406361705623 18.149101433456728
18.14904112885864 18.11434592419799 18.132420000139863 18.132420000140336 18.11434592419874 18.149041128858425
18.148980824449772 18.114285486880586 18.132359504658243 18.132359504658737 18.114285486881425 18.148980824449627
18.148920520231663 18.114225049754012 18.132299009367397 18.132299009367873 18.114225049754808 18.14892052023148
18.148860216205218 18.114164612819177 18.132238514268497 18.132238514268945 18.114164612820012 18.14886021620506
18.148799912371388 18.11410417607719 18.132178019362385 18.13217801936287 18.11410417607801 18.148799912371235
18.148739608730907 18.114043739528725 18.132117524649978 18.13211752465048 18.114043739529556 18.148739608730843
18.148679305284563 18.113983303174592 18.13205703013203 18.13205703013249 18.113983303175416 18.148679305284528
18.148619002033012 18.11392286701542 18.131996535809115 18.131996535809574 18.113922867016235 18.1486190020329
18.14855869897667 18.113862431051707 18.131936041681808 18.131936041682263 18.113862431052492 18.148558698976473
18.148498396115855 18.113801995283957 18.131875547750568 18.131875547751036 18.113801995284735 18.14849839611572
18.148438093451176 18.113741559712473 18.131815054015796 18.13181505401628 18.11374155971326 18.148438093451023
18.148377790982806 18.113681124337695 18.13175456047792 18.131754560478388 18.113681124338502 18.148377790982682
18.148317488711193 18.11362068915999 18.131694067137207 18.131694067137666 18.113620689160783 18.148317488711072
18.148257186636513 18.113560254179532 18.13163357399393 18.131633573994407 18.113560254180324 18.14825718663639
18.148196884759074 18.113499819396587 18.131573081048344 18.13157308104883 18.113499819397415 18.14819688475889
18.148136583078934 18.113439384811446 18.131512588300712 18.131512588301177 18.113439384812214 18.14813658307879
18.148076281596367 18.113378950424117 18.13145209575114 18.1314520957516 18.113378950424938 18.14807628159625
18.14801598031149 18.11331851623491 18.13139160339979 18.131391603400253 18.113318516235726 18.148015980311378
18.14795567922443 18.113258082243853 18.131331111246812 18.131331111247302 18.11325808224469 18.147955679224378
18.14789537833545 18.113197648451166 18.131270619292362 18.13127061929283 18.113197648451973 18.14789537833529
18.147835077644448 18.11313721485689 18.131210127536505 18.131210127537006 18.113137214857705 18.14783507764423
18.147774777151497 18.113076781461096 18.131149635979327 18.13114963597982 18.113076781461942 18.147774777151344
18.14771447685686 18.11301634826394 18.131089144620955 18.13108914462146 18.113016348264733 18.14771447685665
18.147654176760327 18.112955915265378 18.131028653461453 18.131028653461904 18.112955915266205 18.147654176760216
18.14759387686225 18.112895482465575 18.130968162500814 18.130968162501283 18.112895482466403 18.147593876862118
18.147533577162516 18.112835049864536 18.130907671739152 18.130907671739603 18.112835049865357 18.147533577162413
18.147473277661206 18.112774617462314 18.13084718117648 18.13084718117697 18.112774617463135 18.147473277661103
18.14741297835843 18.112714185258945 18.13078669081285 18.130786690813338 18.112714185259748 18.147412978358247
18.147352679254002 18.112653753254406 18.13072620064832 18.130726200648777 18.11265375325524 18.147352679253874
18.14729238034817 18.1125933214488 18.13066571068283 18.130665710683335 18.11259332144962 18.147292380348027
18.14723208164088 18.11253288984215 18.13060522091653 18.13060522091701 18.112532889842978 18.147232081640713
18.147171783132094 18.112472458434492 18.13054473134936 18.13054473134986 18.112472458435274 18.14717178313195
18.14711148482194 18.112412027225773 18.130484241981385 18.13048424198186 18.112412027226537 18.147111484821796
18.147051186710296 18.112351596215976 18.130423752812586 18.130423752813066 18.112351596216804 18.147051186710218
18.146990888797365 18.112291165405253 18.130363263842995 18.13036326384346 18.1122911654061 18.146990888797248
18.146930591082963 18.112230734793595 18.130302775072597 18.130302775073062 18.112230734794394 18.146930591082874
18.14687029356729 18.112170304380918 18.130242286501467 18.130242286501925 18.112170304381728 18.14687029356716
18.146809996250195 18.11210987416727 18.13018179812952 18.130181798130025 18.112109874168112 18.146809996250084
18.146749699131878 18.112049444152763 18.13012130995684 18.13012130995734 18.112049444153524 18.146749699131654
18.146689402211987 18.111989014337173 18.13006082198346 18.13006082198393 18.111989014338 18.14668940221187
18.146629105490902 18.11192858472076 18.130000334209324 18.13000033420978 18.11192858472154 18.146629105490756
18.146568808968457 18.111868155303405 18.1299398466344 18.12993984663488 18.111868155304137 18.14656880896828
18.146508512644683 18.111807726085065 18.129879359258783 18.129879359259284 18.11180772608583 18.14650851264449
18.14644821651951 18.111747297065815 18.129818872082442 18.12981887208289 18.111747297066586 18.146448216519378
18.14638792059312 18.111686868245584 18.129758385105358 18.129758385105834 18.111686868246416 18.146387920592954
18.14632762486527 18.11162643962455 18.129697898327564 18.129697898328047 18.11162643962534 18.146327624865183
18.146267329336286 18.111566011202548 18.12963741174905 18.129637411749517 18.111566011203344 18.146267329336116
18.146207034005858 18.111505582979635 18.129576925369815 18.129576925370294 18.11150558298043 18.146207034005712
18.14614673887405 18.111445154955796 18.12951643918985 18.12951643919034 18.111445154956613 18.146146738873977
18.146086443941066 18.111384727131078 18.129455953209206 18.129455953209682 18.111384727131863 18.146086443940952
18.146026149206705 18.11132429950541 18.129395467427834 18.129395467428285 18.111324299506222 18.14602614920659
18.145965854671125 18.11126387207882 18.12933498184573 18.129334981846185 18.111263872079657 18.14596585467094
18.14590556033415 18.11120344485139 18.12927449646293 18.129274496463413 18.111203444852187 18.14590556033399
18.145845266195856 18.111143017823053 18.129214011279405 18.12921401127987 18.111143017823803 18.145845266195682
18.14578497225628 18.111082590993693 18.129153526295166 18.129153526295635 18.111082590994513 18.145784972256077
18.14572467851537 18.111022164363504 18.129093041510224 18.129093041510696 18.11102216436434 18.145724678515162
18.145664384973085 18.110961737932396 18.129032556924574 18.12903255692504 18.110961737933202 18.145664384972925
18.145604091629533 18.110901311700406 18.12897207253823 18.128972072538694 18.110901311701205 18.1456040916294
18.145543798484688 18.11084088566749 18.12891158835116 18.12891158835161 18.110840885668267 18.14554379848454
18.14548350553855 18.110780459833645 18.128851104363346 18.12885110436383 18.110780459834412 18.145483505538362
18.145423212791012 18.110720034198906 18.128790620574843 18.128790620575316 18.110720034199687 18.145423212790895
18.145362920242285 18.11065960876321 18.12873013698564 18.128730136986107 18.11065960876403 18.14536292024209
18.145302627892125 18.110599183526666 18.1286696535957 18.128669653596177 18.110599183527466 18.145302627891994
18.14524233574069 18.11053875848917 18.128609170405074 18.12860917040553 18.11053875848999 18.14524233574056
18.145182043787962 18.110478333650832 18.128548687413705 18.128548687414195 18.110478333651603 18.14518204378781
18.145121752033877 18.1104179090115 18.128488204621664 18.12848820462214 18.110417909012327 18.14512175203374
18.1450614604785 18.11035748457133 18.128427722028867 18.12842772202934 18.1103574845721 18.145061460478388
18.145001169121823 18.11029706033018 18.128367239635377 18.12836723963585 18.11029706033098 18.14500116912168
18.144940877963858 18.110236636288125 18.128306757441155 18.12830675744162 18.110236636288956 18.144940877963684
18.144880587004458 18.110176212445126 18.128246275446237 18.12824627544669 18.110176212445996 18.144880587004355
18.144820296243896 18.11011578880135 18.128185793650584 18.128185793651053 18.110115788802133 18.144820296243715
18.14476000568192 18.11005536535659 18.12812531205421 18.128125312054678 18.110055365357344 18.144760005681736
18.144699715318623 18.109994942110863 18.128064830657124 18.128064830657614 18.10999494211166 18.144699715318456
18.14463942515396 18.109934519064275 18.12800434945934 18.12800434945981 18.10993451906507 18.14463942515384
18.14457913518809 18.109874096216732 18.12794386846084 18.127943868461283 18.109874096217546 18.144579135187946
18.144518845420848 18.1098136735683 18.127883387661587 18.127883387662077 18.109813673569104 18.144518845420688
18.144458555852218 18.109753251118928 18.127822907061642 18.127822907062118 18.109753251119745 18.14445855585214
18.14439826648243 18.10969282886867 18.127762426660976 18.12776242666141 18.10969282886947 18.144398266482263
18.14433797731117 18.10963240681741 18.12770194645955 18.12770194646002 18.109632406818257 18.144337977311046
18.1442776883386 18.10957198496535 18.127641466457433 18.127641466457913 18.109571984966152 18.14427768833851
18.14421739956477 18.109511563312328 18.127580986654603 18.12758098665505 18.10951156331313 18.144217399564628
18.144157110989564 18.109451141858376 18.127520507051045 18.12752050705151 18.10945114185917 18.14415711098945
18.1440968226131 18.109390720603468 18.127460027646734 18.127460027647217 18.109390720604296 18.14409682261295
18.144036534435255 18.10933029954772 18.127399548441737 18.12739954844219 18.109330299548517 18.144036534435116
18.14397624645608 18.10926987869096 18.12733906943599 18.127339069436452 18.109269878691762 18.143976246455953
18.14391595867563 18.109209458033313 18.127278590629512 18.12727859062996 18.109209458034144 18.14391595867545
18.143855671093785 18.10914903757476 18.127218112022334 18.12721811202278 18.10914903757557 18.143855671093625
18.14379538371069 18.109088617315265 18.127157633614384 18.127157633614857 18.109088617316065 18.143795383710493
18.143735096526143 18.10902819725486 18.127097155405735 18.12709715540621 18.109028197255643 18.14373509652601
18.14367480954032 18.108967777393495 18.12703667739637 18.127036677396827 18.108967777394312 18.143674809540205
18.143614522753257 18.108907357731248 18.126976199586235 18.12697619958673 18.108907357732026 18.14361452275308
18.1435542361648 18.108846938268005 18.12691572197543 18.126915721975877 18.108846938268854 18.143554236164594
18.143493949774864 18.108786519003925 18.126855244563817 18.126855244564325 18.108786519004717 18.1434939497748
18.143433663583796 18.108726099938874 18.126794767351548 18.126794767352052 18.10872609993966 18.143433663583657
18.14337337759129 18.108665681072836 18.126734290338526 18.126734290338984 18.10866568107369 18.143373377591196
18.143313091797523 18.108605262405966 18.12667381352478 18.126673813525215 18.10860526240678 18.1433130917974
18.143252806202295 18.10854484393815 18.12661333691026 18.126613336910737 18.10854484393893 18.143252806202266
18.14319252080586 18.10848442566935 18.126552860495053 18.12655286049552 18.10848442567014 18.14319252080579
18.143132235608153 18.108424007599666 18.126492384279093 18.12649238427958 18.108424007600462 18.14313223560799
18.14307195060895 18.108363589729024 18.126431908262383 18.12643190826284 18.108363589729823 18.14307195060883
18.143011665808494 18.108303172057443 18.12637143244496 18.126371432445428 18.108303172058267 18.143011665808373
18.142951381206647 18.108242754584943 18.1263109568268 18.12631095682724 18.10824275458576 18.14295138120655
18.14289109680353 18.10818233731151 18.12625048140788 18.126250481408345 18.108182337312297 18.142891096803396
