0.7580118531099377 0.6776885539045898 0.6776885539045916 0.7580118531099406
1.0204540539035103 0.9302758845131694 0.9302758845131699 1.0204540539035145
1.2770631912329182 1.1834314656285299 1.1834314656285292 1.2770631912329216
1.5501346774635665 1.4543832621116295 1.454383262111627 1.5501346774635698
1.849217242476733 1.7512458487173892 1.7512458487173843 1.8492172424767364
2.1798755484205685 2.0792240952570427 2.0792240952570356 2.1798755484205716
2.545584720485429 2.4418285775222768 2.4418285775222666 2.5455847204854316
2.948161652963472 2.8410825077144533 2.8410825077144395 2.9481616529634747
3.3877580345641807 3.277428467468197 3.277428467468176 3.387758034564182
3.8627328410092243 3.749557990158005 3.7495579901579785 3.862732841009225
4.369550155179446 4.2542773268798015 4.254277326879768 4.369550155179441
4.902790537263989 4.786486877443324 4.786486877443281 4.902790537263983
5.455329606752777 5.339326739600156 5.339326739600099 5.455329606752769
6.018701877544242 5.904510041896542 5.904510041896474 6.01870187754423
6.58362812306657 6.472827944158618 6.472827944158534 6.583628123066555
7.140647063291071 7.034772198786924 7.0347721987868335 7.140647063291061
7.680766815848021 7.5811932463884855 7.581193246388373 7.680766815848002
8.196046097989534 8.103902717128687 8.103902717128557 8.196046097989504
8.68003111857151 8.596141800258119 8.59614180025798 8.68003111857148
9.128005758451254 9.052866702616106 9.052866702615948 9.128005758451211
9.537049663238568 9.47083948531849 9.47083948531832 9.537049663238518
9.905930752794982 9.848546107824388 9.848546107824191 9.905930752794927
10.234878539100219 10.185985829143636 10.185985829143425 10.234878539100187
10.525290843043063 10.484384630383898 10.484384630383685 10.525290843043003
10.77942155275526 10.74588198691753 10.745881986917293 10.779421552755197
11.000085574694408 10.973229563281494 10.973229563281269 11.000085574694358
11.190403659585558 11.169526939071265 11.169526939071012 11.190403659585495
11.353597614697563 11.338006860060428 11.33800686006018 11.353597614697485
11.492837209379445 11.481872690925583 11.481872690925318 11.492837209379365
11.611134195416932 11.604184272498642 11.604184272498385 11.61113419541688
11.711275853098302 11.70778491254931 11.707784912549055 11.711275853098238
11.795789567659586 11.795261020417048 11.795261020416763 11.795789567659515
11.866930358610992 11.868926135113284 11.868926135112988 11.8669303586109
11.926684392830731 11.930822126337649 11.930822126337377 11.926684392830666
11.976782868560099 11.982731690473235 11.982731690472946 11.976782868560003
12.018721991493457 12.026197620429857 12.026197620429578 12.018721991493365
12.053785936538253 12.062545539600398 12.06254553960011 12.053785936538176
12.083070646790139 12.092907790925862 12.092907790925585 12.083070646790055
12.107507063159183 12.118246953643713 12.118246953643412 12.107507063159098
12.127882928008166 12.139378043816853 12.139378043816563 12.127882928008072
12.144862698047007 12.156988873376985 12.156988873376685 12.144862698046914
12.15900537021451 12.171658331255445 12.171658331255164 12.159005370214432
12.170780200278102 12.183872541095404 12.183872541095116 12.170780200278035
12.18058040291553 12.194038969646716 12.19403896964642 12.180580402915455
12.188734984097486 12.20249862925678 12.202498629256487 12.188734984097405
12.195518886738178 12.209536552818518 12.20953655281823 12.195518886738105
12.20116163982778 12.215390731824117 12.215390731823833 12.201161639827715
12.205854697436298 12.220259706156327 12.220259706156035 12.205854697436237
12.20975764250194 12.224308983744578 12.224308983744292 12.20975764250186
12.213003414849082 12.227676453163319 12.227676453163028 12.213003414848993
12.215702705814332 12.230476935250518 12.23047693525021 12.21570270581425
12.217947644700391 12.232806002520576 12.232806002520292 12.217947644700313
12.219814885926318 12.234743178530934 12.234743178530616 12.219814885926242
12.221368190688656 12.23635461398591 12.236354613985615 12.22136819068857
12.222660583412697 12.237695322490962 12.237695322490664 12.222660583412631
12.223736151313634 12.238811046577563 12.238811046577265 12.223736151313568
12.224631544949993 12.239739813875053 12.239739813874731 12.224631544949924
12.225377228638001 12.240513234007222 12.240513234006926 12.225377228637939
12.225998521862024 12.241157578810244 12.241157578809942 12.22599852186195
12.226516466229185 12.241694681658087 12.241694681657778 12.226516466229107
12.226948546925753 12.24214268590191 12.242142685901618 12.226948546925687
12.227309292909679 12.24251666754111 12.242516667540825 12.22730929290961
12.227610776094602 12.24282915312407 12.242829153123765 12.227610776094526
12.227863026436957 12.243090550413537 12.24309055041324 12.22786302643686
12.228074377033385 12.243309506445803 12.243309506445504 12.228074377033307
12.228251750988274 12.243493205179714 12.243493205179407 12.228251750988196
12.228400899847758 12.243647614896863 12.243647614896545 12.228400899847667
12.22852660175793 12.243777693814723 12.243777693814437 12.228526601757835
12.228632826136906 12.24388756095612 12.243887560955832 12.228632826136824
12.228722870509923 12.243980638135625 12.243980638135339 12.228722870509825
12.228799474206504 12.244059767938273 12.244059767937973 12.228799474206427
12.22886491282828 12.244127311745125 12.244127311744824 12.228864912828184
12.228921076735674 12.244185231177138 12.244185231176836 12.228921076735592
12.228969536255825 12.24423515575925 12.244235155758949 12.228969536255718
12.229011595855889 12.24427843913556 12.244278439135257 12.229011595855813
12.229048339148923 12.244316205770813 12.244316205770518 12.229048339148836
12.229080666282147 12.24434938974804 12.244349389747732 12.229080666282073
12.229109324997228 12.244378766999262 12.244378766998983 12.229109324997154
12.229134936432471 12.244404982080543 12.244404982080244 12.229134936432416
12.229158016557683 12.24442857041447 12.244428570414168 12.229158016557589
12.229178993979813 12.244449976767383 12.244449976767084 12.229178993979716
12.22919822473464 12.24446957059835 12.244469570598053 12.229198224734546
12.229216004574077 12.244487658809811 12.24448765880952 12.22921600457399
12.229232579173079 12.244504496339317 12.244504496339024 12.229232579173
12.22924815260859 12.244520294958036 12.244520294957749 12.229248152608495
12.229262894402812 12.244535230579656 12.244535230579359 12.229262894402703
12.22927694537399 12.244549449331705 12.244549449331418 12.22927694537391
12.229290422496666 12.244563072599007 12.244563072598716 12.22929042249659
12.229303422938848 12.244576201213087 12.244576201212785 12.229303422938775
12.229316027415733 12.24458891893233 12.244588918932019 12.229316027415635
12.229328302975434 12.24460129533281 12.244601295332513 12.229328302975356
12.229340305313292 12.244613388209766 12.244613388209459 12.229340305313196
12.229352080694008 12.244625245572248 12.244625245571944 12.229352080693937
12.229363667548641 12.244636907300242 12.244636907299943 12.229363667548562
12.229375097800837 12.244648406521028 12.244648406520751 12.22937509780077
12.229386397968836 12.244659770752731 12.244659770752428 12.229386397968762
12.229397590080666 12.24467102285384 12.244671022853538 12.22939759008059
12.229408692434498 12.244682181812447 12.244682181812138 12.229408692434403
12.229419720230108 12.244693263401466 12.244693263401158 12.229419720230037
12.229430686093668 12.244704280723013 12.244704280722718 12.229430686093577
12.229441600513328 12.244715244660783 12.244715244660489 12.229441600513235
12.229452472201402 12.244726164255496 12.244726164255205 12.22945247220132
12.229463308394932 12.244737047017132 12.244737047016844 12.229463308394864
12.229474115105669 12.244747899183993 12.24474789918369 12.229474115105573
12.229484897327234 12.244758725938084 12.244758725937817 12.229484897327165
12.229495659207894 12.244769531584046 12.244769531583755 12.229495659207815
12.229506404193394 12.244780319697519 12.244780319697226 12.229506404193316
12.229517135146057 12.24479109324874 12.244791093248455 12.229517135145997
12.229527854443557 12.244801854705093 12.244801854704797 12.229527854443484
12.229538564060979 12.244812606116017 12.244812606115733 12.229538564060904
12.229549265638946 12.24482334918407 12.24482334918377 12.22954926563885
12.229559960540247 12.244834085323463 12.244834085323163 12.229559960540145
12.229570649897013 12.244844815708932 12.244844815708625 12.229570649896946
12.229581334649653 12.244855541316339 12.244855541316047 12.229581334649568
12.229592015579252 12.244866262956295 12.244866262955984 12.229592015579179
12.22960269333474 12.244876981302127 12.244876981301843 12.229602693334657
12.229613368455137 12.244887696913212 12.244887696912906 12.229613368455048
12.229624041388137 12.244898410254109 12.24489841025382 12.229624041388051
12.229634712505739 12.244909121710847 12.244909121710549 12.229634712505662
12.229645382116884 12.244919831603994 12.24491983160371 12.229645382116791
12.22965605047815 12.244930540199885 12.244930540199569 12.229656050478058
12.22966671780278 12.244941247719703 12.244941247719403 12.229666717802697
12.229677384267834 12.244951954347234 12.244951954346941 12.229677384267742
12.229688050020432 12.244962660235126 12.24496266023484 12.229688050020336
12.229698715182755 12.244973365510187 12.244973365509894 12.22969871518266
12.229709379856294 12.244984070277726 12.244984070277438 12.229709379856232
12.229720044125447 12.244994774625265 12.24499477462497 12.229720044125349
12.229730708060131 12.245005478625455 12.245005478625144 12.229730708060039
12.229741371718609 12.245016182338714 12.245016182338414 12.22974137171851
12.22975203514916 12.24502688581516 12.245026885814854 12.229752035149067
12.229762698391966 12.245037589096441 12.245037589096146 12.229762698391893
12.229773361480392 12.245048292217195 12.245048292216891 12.229773361480294
12.229784024442067 12.24505899520614 12.245058995205834 12.229784024441987
12.229794687300087 12.245069698087164 12.245069698086857 12.22979468729999
12.229805350073475 12.245080400880113 12.245080400879814 12.229805350073402
12.229816012778203 12.245091103601434 12.245091103601144 12.229816012778121
12.229826675427404 12.24510180626486 12.24510180626456 12.229826675427315
12.229837338032041 12.245112508881718 12.245112508881421 12.22983733803195
12.22984800060124 12.245123211461493 12.24512321146119 12.229848000601132
12.22985866314251 12.245133914011973 12.245133914011685 12.229858663142412
12.229869325662177 12.245144616539731 12.245144616539427 12.229869325662072
12.229879988165434 12.245155319050134 12.245155319049836 12.229879988165344
12.229890650656623 12.2451660215477 12.245166021547401 12.229890650656534
12.229901313139344 12.245176724036176 12.245176724035876 12.229901313139258
12.229911975616579 12.245187426518655 12.245187426518356 12.229911975616503
12.229922638090818 12.245198128997718 12.245198128997409 12.229922638090756
12.229933300564158 12.245208831475484 12.245208831475178 12.229933300564065
12.229943963038224 12.245219533953742 12.245219533953447 12.229943963038167
12.229954625514566 12.24523023643398 12.245230236433702 12.22995462551445
12.229965287994231 12.245240938917446 12.245240938917137 12.229965287994148
12.229975950478293 12.2452516414051 12.245251641404806 12.229975950478206
12.229986612967524 12.24526234389782 12.24526234389753 12.229986612967437
12.229997275462626 12.245273046396347 12.245273046396049 12.229997275462553
12.230007937964151 12.245283748901217 12.245283748900933 12.230007937964077
12.230018600472588 12.24529445141291 12.245294451412622 12.230018600472516
12.230029262988317 12.24530515393186 12.245305153931566 12.230029262988227
12.230039925511662 12.245315856458399 12.245315856458102 12.230039925511559
12.230050588042813 12.245326558992788 12.245326558992485 12.230050588042738
12.230061250582107 12.245337261535258 12.245337261534965 12.230061250582018
12.230071913129684 12.245347964086006 12.245347964085719 12.230071913129589
12.230082575685659 12.245358666645211 12.245358666644911 12.23008257568559
12.230093238250229 12.245369369212973 12.245369369212664 12.230093238250163
12.23010390082348 12.2453800717894 12.245380071789116 12.230103900823382
12.230114563405474 12.245390774374636 12.24539077437435 12.23011456340539
12.230125225996261 12.245401476968715 12.245401476968413 12.230125225996208
12.23013588859599 12.2454121795717 12.2454121795714 12.230135888595921
12.230146551204639 12.245422882183655 12.245422882183359 12.230146551204564
12.230157213822284 12.245433584804635 12.245433584804331 12.23015721382222
12.230167876448974 12.245444287434651 12.245444287434347 12.230167876448874
12.23017853908465 12.24545499007373 12.245454990073418 12.230178539084589
12.230189201729424 12.24546569272189 12.245465692721593 12.230189201729354
12.230199864383316 12.245476395379198 12.245476395378923 12.230199864383222
12.230210527046271 12.245487098045656 12.245487098045354 12.230210527046196
12.230221189718362 12.24549780072124 12.245497800720946 12.230221189718286
12.230231852399598 12.245508503405993 12.245508503405715 12.230231852399527
12.230242515089992 12.245519206099933 12.245519206099637 12.230242515089886
12.230253177789493 12.245529908803045 12.245529908802762 12.230253177789406
12.230263840498171 12.245540611515368 12.245540611515066 12.23026384049809
12.230274503216032 12.245551314236867 12.245551314236563 12.23027450321593
12.23028516594302 12.245562016967558 12.245562016967265 12.23028516594294
12.23029582867919 12.245572719707448 12.24557271970715 12.230295828679107
12.230306491424576 12.24558342245658 12.245583422456273 12.230306491424482
12.230317154179073 12.245594125214879 12.245594125214584 12.230317154178996
12.230327816942797 12.245604827982428 12.245604827982133 12.230327816942712
12.230338479715678 12.24561553075916 12.245615530758872 12.230338479715597
12.230349142497749 12.245626233545126 12.245626233544833 12.23034914249767
12.23035980528898 12.245636936340288 12.245636936340002 12.230359805288911
12.23037046808943 12.245647639144677 12.245647639144385 12.230370468089347
12.230381130899033 12.245658341958299 12.245658341958007 12.23038113089897
12.230391793717878 12.245669044781136 12.245669044780849 12.230391793717782
12.230402456545837 12.245679747613185 12.245679747612886 12.230402456545763
12.230413119383051 12.245690450454436 12.245690450454138 12.230413119382957
12.230423782229407 12.245701153304934 12.245701153304633 12.230423782229307
12.230434445084951 12.245711856164657 12.24571185616436 12.230434445084875
12.230445107949738 12.245722559033597 12.245722559033297 12.230445107949649
12.230455770823658 12.245733261911747 12.245733261911456 12.230455770823573
12.230466433706761 12.245743964799125 12.245743964798818 12.2304664337067
12.230477096599072 12.245754667695733 12.245754667695431 12.230477096599007
12.230487759500601 12.245765370601578 12.245765370601276 12.230487759500518
12.230498422411276 12.245776073516598 12.245776073516316 12.230498422411205
12.230509085331173 12.245786776440866 12.245786776440587 12.230509085331095
12.230519748260223 12.245797479374364 12.245797479374065 12.230519748260157
12.23053041119852 12.245808182317088 12.245808182316777 12.230530411198417
12.230541074145943 12.245818885269031 12.245818885268706 12.230541074145854
12.230551737102575 12.245829588230178 12.245829588229869 12.230551737102482
12.230562400068402 12.245840291200524 12.245840291200237 12.230562400068303
12.230573063043385 12.245850994180133 12.245850994179834 12.230573063043297
12.230583726027573 12.245861697168962 12.245861697168655 12.230583726027508
12.230594389020979 12.24587240016701 12.245872400166709 12.23059438902089
12.230605052023561 12.245883103174279 12.245883103173973 12.230605052023494
12.230615715035343 12.245893806190782 12.245893806190479 12.230615715035253
12.230626378056284 12.245904509216489 12.24590450921619 12.23062637805622
12.230637041086442 12.24591521225142 12.24591521225113 12.230637041086359
12.230647704125776 12.245925915295578 12.245925915295294 12.230647704125696
12.230658367174295 12.245936618348956 12.245936618348674 12.230658367174225
12.230669030232027 12.245947321411577 12.245947321411288 12.230669030231946
12.230679693298926 12.245958024483404 12.245958024483123 12.230679693298857
12.230690356375005 12.245968727564463 12.245968727564156 12.230690356374947
12.230701019460302 12.245979430654733 12.245979430654435 12.230701019460234
12.230711682554777 12.245990133754235 12.245990133753926 12.230711682554702
12.230722345658458 12.246000836862956 12.246000836862674 12.230722345658366
12.230733008771324 12.246011539980913 12.246011539980623 12.230733008771237
12.230743671893348 12.246022243108092 12.246022243107786 12.230743671893286
12.23075433502458 12.24603294624448 12.24603294624418 12.230754335024512
12.230764998165018 12.246043649390081 12.24604364938978 12.230764998164933
12.230775661314631 12.246054352544938 12.246054352544636 12.230775661314548
12.230786324473431 12.246065055708991 12.246065055708696 12.230786324473367
12.230796987641437 12.246075758882283 12.246075758881982 12.230796987641352
12.230807650818605 12.246086462064774 12.246086462064486 12.230807650818527
12.230818314004994 12.246097165256517 12.246097165256211 12.230818314004885
12.230828977200542 12.246107868457457 12.246107868457155 12.23082897720045
12.230839640405284 12.246118571667646 12.246118571667335 12.230839640405202
12.230850303619242 12.246129274887016 12.246129274886721 12.230850303619135
12.230860966842345 12.246139978115641 12.24613997811535 12.230860966842267
12.230871630074681 12.246150681353475 12.246150681353178 12.230871630074587
12.230882293316192 12.246161384600557 12.246161384600255 12.230882293316107
12.230892956566851 12.246172087856856 12.24617208785656 12.230892956566795
12.23090361982676 12.246182791122376 12.246182791122065 12.230903619826686
12.230914283095865 12.24619349439711 12.246193494396802 12.230914283095768
12.230924946374115 12.246204197681072 12.246204197680768 12.230924946374026
12.230935609661582 12.246214900974248 12.246214900973952 12.230935609661495
12.230946272958219 12.246225604276667 12.246225604276363 12.230946272958139
12.230956936264052 12.246236307588294 12.246236307587997 12.230956936263988
12.23096759957909 12.246247010909125 12.246247010908833 12.23096759957902
12.230978262903301 12.24625771423921 12.246257714238919 12.230978262903216
12.230988926236705 12.246268417578502 12.246268417578221 12.230988926236625
12.230999589579298 12.24627912092704 12.246279120926735 12.230999589579229
12.231010252931068 12.24628982428478 12.246289824284494 12.231010252931002
12.23102091629208 12.246300527651751 12.246300527651456 12.231020916291987
12.23103157966222 12.24631123102795 12.24631123102765 12.231031579662151
12.231042243041596 12.246321934413364 12.246321934413071 12.231042243041509
12.231052906430143 12.246332637808003 12.246332637807711 12.231052906430051
12.231063569827862 12.246343341211851 12.246343341211578 12.231063569827787
12.231074233234795 12.24635404462494 12.246354044624635 12.231074233234722
12.231084896650898 12.24636474804724 12.246364748046938 12.23108489665083
12.23109556007621 12.246375451478787 12.246375451478487 12.231095560076128
12.23110622351072 12.246386154919545 12.246386154919238 12.231106223510626
12.231116886954396 12.246396858369517 12.246396858369216 12.23111688695431
12.231127550407301 12.246407561828711 12.246407561828411 12.231127550407194
12.231138213869318 12.246418265297136 12.246418265296839 12.231138213869254
12.231148877340567 12.246428968774797 12.246428968774485 12.231148877340498
12.231159540821018 12.246439672261676 12.246439672261367 12.231159540820952
12.231170204310672 12.246450375757766 12.246450375757464 12.231170204310592
12.231180867809504 12.246461079263096 12.24646107926279 12.231180867809412
12.231191531317496 12.246471782777627 12.24647178277733 12.231191531317428
12.23120219483472 12.246482486301383 12.246482486301081 12.23120219483463
12.23121285836109 12.246493189834366 12.246493189834075 12.231212858361003
12.231223521896668 12.246503893376579 12.246503893376284 12.231223521896588
12.231234185441435 12.246514596928023 12.246514596927705 12.231234185441373
12.231244848995424 12.24652530048869 12.246525300488377 12.231244848995344
12.23125551255857 12.24653600405856 12.246536004058262 12.231255512558487
12.231266176130902 12.246546707637657 12.246546707637357 12.231266176130823
12.23127683971246 12.246557411225972 12.246557411225671 12.231276839712368
12.231287503303145 12.246568114823527 12.246568114823226 12.231287503303069
12.231298166903077 12.246578818430285 12.24657881842999 12.231298166902981
12.231308830512184 12.246589522046305 12.246589522046001 12.231308830512093
12.231319494130478 12.246600225671534 12.24660022567123 12.2313194941304
12.231330157757968 12.246610929305954 12.246610929305673 12.231330157757872
12.231340821394635 12.24662163294964 12.24662163294934 12.23134082139456
12.231351485040475 12.246632336602548 12.246632336602245 12.231351485040404
12.231362148695512 12.246643040264637 12.246643040264333 12.231362148695451
12.231372812359801 12.246653743935955 12.246653743935674 12.231372812359707
12.23138347603321 12.246664447616531 12.246664447616233 12.231383476033127
12.231394139715844 12.246675151306311 12.246675151306011 12.231394139715759
12.231404803407639 12.246685855005346 12.246685855005044 12.231404803407564
12.231415467108663 12.246696558713568 12.246696558713268 12.231415467108583
12.23142613081887 12.246707262431027 12.246707262430728 12.231426130818766
12.231436794538222 12.246717966157705 12.246717966157412 12.231436794538158
12.231447458266787 12.24672866989361 12.246728669893312 12.231447458266723
12.231458122004556 12.24673937363874 12.246739373638448 12.231458122004492
12.231468785751531 12.246750077393084 12.24675007739278 12.231468785751447
12.231479449507676 12.24676078115666 12.24676078115637 12.231479449507587
12.231490113272999 12.246771484929459 12.246771484929166 12.231490113272912
12.231500777047557 12.24678218871147 12.246782188711167 12.231500777047444
12.231511440831238 12.246792892502718 12.246792892502425 12.23151144083115
12.231522104624162 12.2468035963032 12.246803596302897 12.231522104624077
12.231532768426225 12.246814300112895 12.246814300112582 12.231532768426149
12.231543432237538 12.246825003931809 12.246825003931507 12.231543432237448
12.231554096057998 12.246835707759924 12.24683570775964 12.231554096057913
12.231564759887657 12.246846411597291 12.246846411596996 12.23156475988758
